   0.0000000e+00   1.3233982e-03
   1.0000000e-02   1.7431505e-03
   2.0000000e-02   1.5435266e-03
   3.0000000e-02   8.0734100e-05
   4.0000000e-02  -1.7231668e-03
   5.0000000e-02  -3.6346105e-03
   6.0000000e-02  -5.3949023e-03
   7.0000000e-02  -6.7494096e-03
   8.0000000e-02  -7.4770725e-03
   9.0000000e-02  -7.4170681e-03
   1.0000000e-01  -6.4897058e-03
   1.1000000e-01  -4.7091720e-03
   1.2000000e-01  -2.1865511e-03
   1.3000000e-01   8.7747701e-04
   1.4000000e-01   4.2097988e-03
   1.5000000e-01   7.4903924e-03
   1.6000000e-01   1.0383816e-02
   1.7000000e-01   1.2573582e-02
   1.8000000e-01   1.3795964e-02
   1.9000000e-01   1.3869742e-02
   2.0000000e-01   1.2718700e-02
   2.1000000e-01   1.0384370e-02
   2.2000000e-01   7.0273697e-03
   2.3000000e-01   2.9168441e-03
   2.4000000e-01  -1.5913438e-03
   2.5000000e-01  -6.0858711e-03
   2.6000000e-01  -1.0137871e-02
   2.7000000e-01  -1.3341979e-02
   2.8000000e-01  -1.5356586e-02
   2.9000000e-01  -1.5939314e-02
   3.0000000e-01  -1.4974141e-02
   3.1000000e-01  -1.2487268e-02
   3.2000000e-01  -8.6498650e-03
   3.3000000e-01  -3.7670756e-03
   3.4000000e-01   1.7460835e-03
   3.5000000e-01   7.3999549e-03
   3.6000000e-01   1.2673560e-02
   3.7000000e-01   1.7062092e-02
   3.8000000e-01   2.0124200e-02
   3.9000000e-01   2.1524590e-02
   4.0000000e-01   2.1067837e-02
   4.1000000e-01   1.8720038e-02
   4.2000000e-01   1.4616028e-02
   4.3000000e-01   9.0512044e-03
   4.4000000e-01   2.4584156e-03
   4.5000000e-01  -4.6281914e-03
   4.6000000e-01  -1.1619238e-02
   4.7000000e-01  -1.7921984e-02
   4.8000000e-01  -2.2993301e-02
   4.9000000e-01  -2.6388859e-02
   5.0000000e-01  -2.7803967e-02
   5.1000000e-01  -2.7102203e-02
   5.2000000e-01  -2.4329077e-02
   5.3000000e-01  -1.9709341e-02
   5.4000000e-01  -1.3628061e-02
   5.5000000e-01  -6.5970878e-03
   5.6000000e-01   7.9009718e-04
   5.7000000e-01   7.9110428e-03
   5.8000000e-01   1.4169705e-02
   5.9000000e-01   1.9049449e-02
   6.0000000e-01   2.2158806e-02
   6.1000000e-01   2.3265767e-02
   6.2000000e-01   2.2317474e-02
   6.3000000e-01   1.9443507e-02
   6.4000000e-01   1.4942518e-02
   6.5000000e-01   9.2535043e-03
   6.6000000e-01   2.9144583e-03
   6.7000000e-01  -3.4877096e-03
   6.8000000e-01  -9.3712522e-03
   6.9000000e-01  -1.4212609e-02
   7.0000000e-01  -1.7593429e-02
   7.1000000e-01  -1.9237239e-02
   7.2000000e-01  -1.9032419e-02
   7.3000000e-01  -1.7039467e-02
   7.4000000e-01  -1.3482032e-02
   7.5000000e-01  -8.7227582e-03
   7.6000000e-01  -3.2264351e-03
   7.7000000e-01   2.4858884e-03
   7.8000000e-01   7.8872940e-03
   7.9000000e-01   1.2494989e-02
   8.0000000e-01   1.5915089e-02
   8.1000000e-01   1.7877911e-02
   8.2000000e-01   1.8260504e-02
   8.3000000e-01   1.7094379e-02
   8.4000000e-01   1.4557926e-02
   8.5000000e-01   1.0954495e-02
   8.6000000e-01   6.6785257e-03
   8.7000000e-01   2.1733158e-03
   8.8000000e-01  -2.1152294e-03
   8.9000000e-01  -5.7841162e-03
   9.0000000e-01  -8.5134357e-03
   9.1000000e-01  -1.0097146e-02
   9.2000000e-01  -1.0461402e-02
   9.3000000e-01  -9.6686653e-03
   9.4000000e-01  -7.9072994e-03
   9.5000000e-01  -5.4678406e-03
   9.6000000e-01  -2.7085344e-03
   9.7000000e-01  -1.3821075e-05
   9.8000000e-01   2.2497960e-03
   9.9000000e-01   3.7757880e-03
   1.0000000e+00   4.3530297e-03
   1.0100000e+00   3.8907792e-03
   1.0200000e+00   2.4304367e-03
   1.0300000e+00   1.4268173e-04
   1.0400000e+00  -2.6898841e-03
   1.0500000e+00  -5.7029285e-03
   1.0600000e+00  -8.4903746e-03
   1.0700000e+00  -1.0650058e-02
   1.0800000e+00  -1.1830258e-02
   1.0900000e+00  -1.1772127e-02
   1.1000000e+00  -1.0343354e-02
   1.1100000e+00  -7.5592374e-03
   1.1200000e+00  -3.5885365e-03
   1.1300000e+00   1.2569640e-03
   1.1400000e+00   6.5486173e-03
   1.1500000e+00   1.1780568e-02
   1.1600000e+00   1.6419218e-02
   1.1700000e+00   1.9957704e-02
   1.1800000e+00   2.1969938e-02
   1.1900000e+00   2.2158637e-02
   1.2000000e+00   2.0392219e-02
   1.2100000e+00   1.6726411e-02
   1.2200000e+00   1.1407839e-02
   1.2300000e+00   4.8585790e-03
   1.2400000e+00  -2.3574419e-03
   1.2500000e+00  -9.5835129e-03
   1.2600000e+00  -1.6130332e-02
   1.2700000e+00  -2.1341775e-02
   1.2800000e+00  -2.4659970e-02
   1.2900000e+00  -2.5683277e-02
   1.3000000e+00  -2.4211301e-02
   1.3100000e+00  -2.0272138e-02
   1.3200000e+00  -1.4128663e-02
   1.3300000e+00  -6.2626003e-03
   1.3400000e+00   2.6627671e-03
   1.3500000e+00   1.1858320e-02
   1.3600000e+00   2.0478478e-02
   1.3700000e+00   2.7698013e-02
   1.3800000e+00   3.2789250e-02
   1.3900000e+00   3.5192365e-02
   1.4000000e+00   3.4571996e-02
   1.4100000e+00   3.0854530e-02
   1.4200000e+00   2.4242126e-02
   1.4300000e+00   1.5201638e-02
   1.4400000e+00   4.4289508e-03
   1.4500000e+00  -7.2084663e-03
   1.4600000e+00  -1.8745864e-02
   1.4700000e+00  -2.9205811e-02
   1.4800000e+00  -3.7685438e-02
   1.4900000e+00  -4.3438313e-02
   1.5000000e+00  -4.5943327e-02
   1.5100000e+00  -4.4954068e-02
   1.5200000e+00  -4.0523903e-02
   1.5300000e+00  -3.3004171e-02
   1.5400000e+00  -2.3015393e-02
   1.5500000e+00  -1.1393888e-02
   1.5600000e+00   8.8150197e-04
   1.5700000e+00   1.2775983e-02
   1.5800000e+00   2.3290803e-02
   1.5900000e+00   3.1552240e-02
   1.6000000e+00   3.6889391e-02
   1.6100000e+00   3.8893566e-02
   1.6200000e+00   3.7453789e-02
   1.6300000e+00   3.2765111e-02
   1.6400000e+00   2.5308968e-02
   1.6500000e+00   1.5807444e-02
   1.6600000e+00   5.1557175e-03
   1.6700000e+00  -5.6609602e-03
   1.6800000e+00  -1.5657987e-02
   1.6900000e+00  -2.3941328e-02
   1.7000000e+00  -2.9788239e-02
   1.7100000e+00  -3.2711294e-02
   1.7200000e+00  -3.2499809e-02
   1.7300000e+00  -2.9234947e-02
   1.7400000e+00  -2.3277293e-02
   1.7500000e+00  -1.5228318e-02
   1.7600000e+00  -5.8696584e-03
   1.7700000e+00   3.9137727e-03
   1.7800000e+00   1.3219311e-02
   1.7900000e+00   2.1212369e-02
   1.8000000e+00   2.7204286e-02
   1.8100000e+00   3.0714731e-02
   1.8200000e+00   3.1512773e-02
   1.8300000e+00   2.9632857e-02
   1.8400000e+00   2.5364422e-02
   1.8500000e+00   1.9216512e-02
   1.8600000e+00   1.1861214e-02
   1.8700000e+00   4.0618321e-03
   1.8800000e+00  -3.4068080e-03
   1.8900000e+00  -9.8377496e-03
   1.9000000e+00  -1.4662928e-02
   1.9100000e+00  -1.7508619e-02
   1.9200000e+00  -1.8229731e-02
   1.9300000e+00  -1.6919540e-02
   1.9400000e+00  -1.3893990e-02
   1.9500000e+00  -9.6523146e-03
   1.9600000e+00  -4.8181953e-03
   1.9700000e+00  -6.7691352e-05
   1.9800000e+00   3.9483943e-03
   1.9900000e+00   6.6794414e-03
   2.0000000e+00   7.7391709e-03
   2.0100000e+00   6.9520401e-03
   2.0200000e+00   4.3766703e-03
   2.0300000e+00   3.0346289e-04
   2.0400000e+00  -4.7737569e-03
   2.0500000e+00  -1.0209488e-02
   2.0600000e+00  -1.5276591e-02
   2.0700000e+00  -1.9247490e-02
   2.0800000e+00  -2.1478058e-02
   2.0900000e+00  -2.1485262e-02
   2.1000000e+00  -1.9010044e-02
   2.1100000e+00  -1.4058255e-02
   2.1200000e+00  -6.9145723e-03
   2.1300000e+00   1.8730227e-03
   2.1400000e+00   1.1537616e-02
   2.1500000e+00   2.1162990e-02
   2.1600000e+00   2.9772187e-02
   2.1700000e+00   3.6426549e-02
   2.1800000e+00   4.0325396e-02
   2.1900000e+00   4.0896127e-02
   2.2000000e+00   3.7865162e-02
   2.2100000e+00   3.1301736e-02
   2.2200000e+00   2.1629040e-02
   2.2300000e+00   9.6003019e-03
   2.2400000e+00  -3.7592024e-03
   2.2500000e+00  -1.7239747e-02
   2.2600000e+00  -2.9556835e-02
   2.2700000e+00  -3.9472983e-02
   2.2800000e+00  -4.5920094e-02
   2.2900000e+00  -4.8110467e-02
   2.3000000e+00  -4.5625214e-02
   2.3100000e+00  -3.8470671e-02
   2.3200000e+00  -2.7096210e-02
   2.3300000e+00  -1.2370390e-02
   2.3400000e+00   4.4837048e-03
   2.3500000e+00   2.1989116e-02
   2.3600000e+00   3.8543253e-02
   2.3700000e+00   5.2562417e-02
   2.3800000e+00   6.2629454e-02
   2.3900000e+00   6.7630676e-02
   2.4000000e+00   6.6868875e-02
   2.4100000e+00   6.0141139e-02
   2.4200000e+00   4.7773225e-02
   2.4300000e+00   3.0606145e-02
   2.4400000e+00   9.9349879e-03
   2.4500000e+00  -1.2595483e-02
   2.4600000e+00  -3.5129793e-02
   2.4700000e+00  -5.5763178e-02
   2.4800000e+00  -7.2711019e-02
   2.4900000e+00  -8.4470808e-02
   2.5000000e+00  -8.9961594e-02
   2.5100000e+00  -8.8627631e-02
   2.5200000e+00  -8.0496131e-02
   2.5300000e+00  -6.6183058e-02
   2.5400000e+00  -4.6845696e-02
   2.5500000e+00  -2.4085612e-02
   2.5600000e+00   1.8968468e-04
   2.5700000e+00   2.3934148e-02
   2.5800000e+00   4.5144595e-02
   2.5900000e+00   6.2039541e-02
   2.6000000e+00   7.3219017e-02
   2.6100000e+00   7.7790504e-02
   2.6200000e+00   7.5449173e-02
   2.6300000e+00   6.6504783e-02
   2.6400000e+00   5.1852510e-02
   2.6500000e+00   3.2890213e-02
   2.6600000e+00   1.1389660e-02
   2.6700000e+00  -1.0666420e-02
   2.6800000e+00  -3.1266320e-02
   2.6900000e+00  -4.8553423e-02
   2.7000000e+00  -6.0995147e-02
   2.7100000e+00  -6.7520954e-02
   2.7200000e+00  -6.7616537e-02
   2.7300000e+00  -6.1365409e-02
   2.7400000e+00  -4.9434163e-02
   2.7500000e+00  -3.3003005e-02
   2.7600000e+00  -1.3648424e-02
   2.7700000e+00   6.8105643e-03
   2.7800000e+00   2.6487665e-02
   2.7900000e+00   4.3609052e-02
   2.8000000e+00   5.6680228e-02
   2.8100000e+00   6.4623874e-02
   2.8200000e+00   6.6875457e-02
   2.8300000e+00   6.3427501e-02
   2.8400000e+00   5.4818517e-02
   2.8500000e+00   4.2068074e-02
   2.8600000e+00   2.6564806e-02
   2.8700000e+00   9.9188781e-03
   2.8800000e+00  -6.2060275e-03
   2.8900000e+00  -2.0264085e-02
   2.9000000e+00  -3.0984563e-02
   2.9100000e+00  -3.7498856e-02
   2.9200000e+00  -3.9424263e-02
   2.9300000e+00  -3.6895844e-02
   2.9400000e+00  -3.0543011e-02
   2.9500000e+00  -2.1413158e-02
   2.9600000e+00  -1.0850178e-02
   2.9700000e+00  -3.4045688e-04
   2.9800000e+00   8.6575022e-03
   2.9900000e+00   1.4881798e-02
   3.0000000e+00   1.7416037e-02
   3.0100000e+00   1.5802080e-02
   3.0200000e+00   1.0103809e-02
   3.0300000e+00   9.1397051e-04
   3.0400000e+00  -1.0697974e-02
   3.0500000e+00  -2.3292918e-02
   3.0600000e+00  -3.5214092e-02
   3.0700000e+00  -4.4768966e-02
   3.0800000e+00  -5.0422471e-02
   3.0900000e+00  -5.0981188e-02
   3.1000000e+00  -4.5748443e-02
   3.1100000e+00  -3.4632612e-02
   3.1200000e+00  -1.8195226e-02
   3.1300000e+00   2.3687767e-03
   3.1400000e+00   2.5319505e-02
   3.1500000e+00   4.8523083e-02
   3.1600000e+00   6.9652229e-02
   3.1700000e+00   8.6417934e-02
   3.1800000e+00   9.6809789e-02
   3.1900000e+00   9.9320708e-02
   3.2000000e+00   9.3132372e-02
   3.2100000e+00   7.8240672e-02
   3.2200000e+00   5.5505638e-02
   3.2300000e+00   2.6617222e-02
   3.2400000e+00  -6.0236369e-03
   3.2500000e+00  -3.9500847e-02
   3.2600000e+00  -7.0640106e-02
   3.2700000e+00  -9.6304494e-02
   3.2800000e+00  -1.1370148e-01
   3.2900000e+00  -1.2067186e-01
   3.3000000e+00  -1.1593179e-01
   3.3100000e+00  -9.9242150e-02
   3.3200000e+00  -7.1485954e-02
   3.3300000e+00  -3.4642155e-02
   3.3400000e+00   8.3460028e-03
   3.3500000e+00   5.3799994e-02
   3.3600000e+00   9.7614634e-02
   3.3700000e+00   1.3562033e-01
   3.3800000e+00   1.6396685e-01
   3.3900000e+00   1.7949337e-01
   3.4000000e+00   1.8004948e-01
   3.4100000e+00   1.6473533e-01
   3.4200000e+00   1.3403546e-01
   3.4300000e+00   8.9830196e-02
   3.4400000e+00   3.5279240e-02
   3.4500000e+00  -2.5416013e-02
   3.4600000e+00  -8.7353412e-02
   3.4700000e+00  -1.4534600e-01
   3.4800000e+00  -1.9437694e-01
   3.4900000e+00  -2.3005267e-01
   3.5000000e+00  -2.4901265e-01
   3.5100000e+00  -2.4925670e-01
   3.5200000e+00  -2.3035794e-01
   3.5300000e+00  -1.9353862e-01
   3.5400000e+00  -1.4159880e-01
   3.5500000e+00  -7.8700611e-02
   3.5600000e+00  -1.0024882e-02
   3.5700000e+00   5.8671361e-02
   3.5800000e+00   1.2155799e-01
   3.5900000e+00   1.7325053e-01
   3.6000000e+00   2.0929737e-01
   3.6100000e+00   2.2659001e-01
   3.6200000e+00   2.2365745e-01
   3.6300000e+00   2.0081574e-01
   3.6400000e+00   1.6015650e-01
   3.6500000e+00   1.0537334e-01
   3.6600000e+00   4.1439683e-02
   3.6700000e+00  -2.5834013e-02
   3.6800000e+00  -9.0324174e-02
   3.6900000e+00  -1.4615146e-01
   3.7000000e+00  -1.8822001e-01
   3.7100000e+00  -2.1268806e-01
   3.7200000e+00  -2.1732516e-01
   3.7300000e+00  -2.0172135e-01
   3.7400000e+00  -1.6732734e-01
   3.7500000e+00  -1.1732022e-01
   3.7600000e+00  -5.6306196e-02
   3.7700000e+00   1.0112885e-02
   3.7800000e+00   7.5868726e-02
   3.7900000e+00   1.3500159e-01
   3.8000000e+00   1.8222604e-01
   3.8100000e+00   2.1343264e-01
   3.8200000e+00   2.2607640e-01
   3.8300000e+00   2.1941315e-01
   3.8400000e+00   1.9455946e-01
   3.8500000e+00   1.5436886e-01
   3.8600000e+00   1.0313484e-01
   3.8700000e+00   4.6148948e-02
   3.8800000e+00  -1.0843351e-02
   3.8900000e+00  -6.2235017e-02
   3.9000000e+00  -1.0313849e-01
   3.9100000e+00  -1.2989583e-01
   3.9200000e+00  -1.4046437e-01
   3.9300000e+00  -1.3463595e-01
   3.9400000e+00  -1.1406365e-01
   3.9500000e+00  -8.2089275e-02
   3.9600000e+00  -4.3384989e-02
   3.9700000e+00  -3.4422236e-03
   3.9800000e+00   3.2042418e-02
   3.9900000e+00   5.7822068e-02
   4.0000000e+00   6.9726879e-02
   4.0100000e+00   6.5195605e-02
   4.0200000e+00   4.3650758e-02
   4.0300000e+00   6.6704759e-03
   4.0400000e+00  -4.2070603e-02
   4.0500000e+00  -9.7096319e-02
   4.0600000e+00  -1.5164038e-01
   4.0700000e+00  -1.9833126e-01
   4.0800000e+00  -2.2998758e-01
   4.0900000e+00  -2.4044607e-01
   4.1000000e+00  -2.2533683e-01
   4.1100000e+00  -1.8272097e-01
   4.1200000e+00  -1.1351510e-01
   4.1300000e+00  -2.1644559e-02
   4.1400000e+00   8.6108971e-02
   4.1500000e+00   2.0057061e-01
   4.1600000e+00   3.1092046e-01
   4.1700000e+00   4.0567094e-01
   4.1800000e+00   4.7379053e-01
   4.1900000e+00   5.0587171e-01
   4.2000000e+00   4.9522935e-01
   4.2100000e+00   4.3881525e-01
   4.2200000e+00   3.3784508e-01
   4.2300000e+00   1.9805465e-01
   4.2400000e+00   2.9533099e-02
   4.2500000e+00  -1.5388214e-01
   4.2600000e+00  -3.3562287e-01
   4.2700000e+00  -4.9775311e-01
   4.2800000e+00  -6.2257290e-01
   4.2900000e+00  -6.9432872e-01
   4.3000000e+00  -7.0087674e-01
   4.3100000e+00  -6.3513920e-01
   4.3200000e+00  -4.9620271e-01
   4.3300000e+00  -2.8992999e-01
   4.3400000e+00  -2.8992949e-02
   4.3500000e+00   2.6771791e-01
   4.3600000e+00   5.7629908e-01
   4.3700000e+00   8.6958897e-01
   4.3800000e+00   1.1193525e+00
   4.3900000e+00   1.2987288e+00
   4.4000000e+00   1.3847412e+00
   4.4100000e+00   1.3606488e+00
   4.4200000e+00   1.2179207e+00
   4.4300000e+00   9.5762964e-01
   4.4400000e+00   5.9110482e-01
   4.4500000e+00   1.3973318e-01
   4.4600000e+00  -3.6612971e-01
   4.4700000e+00  -8.8910532e-01
   4.4800000e+00  -1.3874831e+00
   4.4900000e+00  -1.8184741e+00
   4.5000000e+00  -2.1417849e+00
   4.5100000e+00  -2.3232267e+00
   4.5200000e+00  -2.3380545e+00
   4.5300000e+00  -2.1737351e+00
   4.5400000e+00  -1.8318730e+00
   4.5500000e+00  -1.3290778e+00
   4.5600000e+00  -6.9663333e-01
   4.5700000e+00   2.1079260e-02
   4.5800000e+00   7.6935327e-01
   4.5900000e+00   1.4869665e+00
   4.6000000e+00   2.1107812e+00
   4.6100000e+00   2.5808049e+00
   4.6200000e+00   2.8453285e+00
   4.6300000e+00   2.8657274e+00
   4.6400000e+00   2.6205202e+00
   4.6500000e+00   2.1083137e+00
   4.6600000e+00   1.3493346e+00
   4.6700000e+00   3.8534376e-01
   4.6800000e+00  -7.2215090e-01
   4.6900000e+00  -1.8953390e+00
   4.7000000e+00  -3.0450318e+00
   4.7100000e+00  -4.0767640e+00
   4.7200000e+00  -4.8976636e+00
   4.7300000e+00  -5.4236045e+00
   4.7400000e+00  -5.5861083e+00
   4.7500000e+00  -5.3384597e+00
   4.7600000e+00  -4.6605363e+00
   4.7700000e+00  -3.5619282e+00
   4.7800000e+00  -2.0830365e+00
   4.7900000e+00  -2.9397853e-01
   4.8000000e+00   1.7087152e+00
   4.8100000e+00   3.8074618e+00
   4.8200000e+00   5.8707381e+00
   4.8300000e+00   7.7614941e+00
   4.8400000e+00   9.3463113e+00
   4.8500000e+00   1.0504673e+01
   4.8600000e+00   1.1137692e+01
   4.8700000e+00   1.1175647e+01
   4.8800000e+00   1.0583779e+01
   4.8900000e+00   9.3658671e+00
   4.9000000e+00   7.5652876e+00
   4.9100000e+00   5.2634181e+00
   4.9200000e+00   2.5754348e+00
   4.9300000e+00  -3.5625902e-01
   4.9400000e+00  -3.3705634e+00
   4.9500000e+00  -6.2976176e+00
   4.9600000e+00  -8.9694803e+00
   4.9700000e+00  -1.1230831e+01
   4.9800000e+00  -1.2948965e+01
   4.9900000e+00  -1.4022390e+01
   5.0000000e+00  -1.4387430e+01
   5.0100000e+00  -1.4022390e+01
   5.0200000e+00  -1.2948965e+01
   5.0300000e+00  -1.1230831e+01
   5.0400000e+00  -8.9694803e+00
   5.0500000e+00  -6.2976176e+00
   5.0600000e+00  -3.3705634e+00
   5.0700000e+00  -3.5625902e-01
   5.0800000e+00   2.5754348e+00
   5.0900000e+00   5.2634181e+00
   5.1000000e+00   7.5652876e+00
   5.1100000e+00   9.3658671e+00
   5.1200000e+00   1.0583779e+01
   5.1300000e+00   1.1175647e+01
   5.1400000e+00   1.1137692e+01
   5.1500000e+00   1.0504673e+01
   5.1600000e+00   9.3463113e+00
   5.1700000e+00   7.7614941e+00
   5.1800000e+00   5.8707381e+00
   5.1900000e+00   3.8074618e+00
   5.2000000e+00   1.7087152e+00
   5.2100000e+00  -2.9397853e-01
   5.2200000e+00  -2.0830365e+00
   5.2300000e+00  -3.5619282e+00
   5.2400000e+00  -4.6605363e+00
   5.2500000e+00  -5.3384597e+00
   5.2600000e+00  -5.5861083e+00
   5.2700000e+00  -5.4236045e+00
   5.2800000e+00  -4.8976636e+00
   5.2900000e+00  -4.0767640e+00
   5.3000000e+00  -3.0450318e+00
   5.3100000e+00  -1.8953390e+00
   5.3200000e+00  -7.2215090e-01
   5.3300000e+00   3.8534376e-01
   5.3400000e+00   1.3493346e+00
   5.3500000e+00   2.1083137e+00
   5.3600000e+00   2.6205202e+00
   5.3700000e+00   2.8657274e+00
   5.3800000e+00   2.8453285e+00
   5.3900000e+00   2.5808049e+00
   5.4000000e+00   2.1107812e+00
   5.4100000e+00   1.4869665e+00
   5.4200000e+00   7.6935327e-01
   5.4300000e+00   2.1079260e-02
   5.4400000e+00  -6.9663333e-01
   5.4500000e+00  -1.3290778e+00
   5.4600000e+00  -1.8318730e+00
   5.4700000e+00  -2.1737351e+00
   5.4800000e+00  -2.3380545e+00
   5.4900000e+00  -2.3232267e+00
   5.5000000e+00  -2.1417849e+00
   5.5100000e+00  -1.8184741e+00
   5.5200000e+00  -1.3874831e+00
   5.5300000e+00  -8.8910532e-01
   5.5400000e+00  -3.6612971e-01
   5.5500000e+00   1.3973318e-01
   5.5600000e+00   5.9110482e-01
   5.5700000e+00   9.5762964e-01
   5.5800000e+00   1.2179207e+00
   5.5900000e+00   1.3606488e+00
   5.6000000e+00   1.3847412e+00
   5.6100000e+00   1.2987288e+00
   5.6200000e+00   1.1193525e+00
   5.6300000e+00   8.6958897e-01
   5.6400000e+00   5.7629908e-01
   5.6500000e+00   2.6771791e-01
   5.6600000e+00  -2.8992949e-02
   5.6700000e+00  -2.8992999e-01
   5.6800000e+00  -4.9620271e-01
   5.6900000e+00  -6.3513920e-01
   5.7000000e+00  -7.0087674e-01
   5.7100000e+00  -6.9432872e-01
   5.7200000e+00  -6.2257290e-01
   5.7300000e+00  -4.9775311e-01
   5.7400000e+00  -3.3562287e-01
   5.7500000e+00  -1.5388214e-01
   5.7600000e+00   2.9533099e-02
   5.7700000e+00   1.9805465e-01
   5.7800000e+00   3.3784508e-01
   5.7900000e+00   4.3881525e-01
   5.8000000e+00   4.9522935e-01
   5.8100000e+00   5.0587171e-01
   5.8200000e+00   4.7379053e-01
   5.8300000e+00   4.0567094e-01
   5.8400000e+00   3.1092046e-01
   5.8500000e+00   2.0057061e-01
   5.8600000e+00   8.6108971e-02
   5.8700000e+00  -2.1644559e-02
   5.8800000e+00  -1.1351510e-01
   5.8900000e+00  -1.8272097e-01
   5.9000000e+00  -2.2533683e-01
   5.9100000e+00  -2.4044607e-01
   5.9200000e+00  -2.2998758e-01
   5.9300000e+00  -1.9833126e-01
   5.9400000e+00  -1.5164038e-01
   5.9500000e+00  -9.7096319e-02
   5.9600000e+00  -4.2070603e-02
   5.9700000e+00   6.6704759e-03
   5.9800000e+00   4.3650758e-02
   5.9900000e+00   6.5195605e-02
   6.0000000e+00   6.9726879e-02
   6.0100000e+00   5.7822068e-02
   6.0200000e+00   3.2042418e-02
   6.0300000e+00  -3.4422236e-03
   6.0400000e+00  -4.3384989e-02
   6.0500000e+00  -8.2089275e-02
   6.0600000e+00  -1.1406365e-01
   6.0700000e+00  -1.3463595e-01
   6.0800000e+00  -1.4046437e-01
   6.0900000e+00  -1.2989583e-01
   6.1000000e+00  -1.0313849e-01
   6.1100000e+00  -6.2235017e-02
   6.1200000e+00  -1.0843351e-02
   6.1300000e+00   4.6148948e-02
   6.1400000e+00   1.0313484e-01
   6.1500000e+00   1.5436886e-01
   6.1600000e+00   1.9455946e-01
   6.1700000e+00   2.1941315e-01
   6.1800000e+00   2.2607640e-01
   6.1900000e+00   2.1343264e-01
   6.2000000e+00   1.8222604e-01
   6.2100000e+00   1.3500159e-01
   6.2200000e+00   7.5868726e-02
   6.2300000e+00   1.0112885e-02
   6.2400000e+00  -5.6306196e-02
   6.2500000e+00  -1.1732022e-01
   6.2600000e+00  -1.6732734e-01
   6.2700000e+00  -2.0172135e-01
   6.2800000e+00  -2.1732516e-01
   6.2900000e+00  -2.1268806e-01
   6.3000000e+00  -1.8822001e-01
   6.3100000e+00  -1.4615146e-01
   6.3200000e+00  -9.0324174e-02
   6.3300000e+00  -2.5834013e-02
   6.3400000e+00   4.1439683e-02
   6.3500000e+00   1.0537334e-01
   6.3600000e+00   1.6015650e-01
   6.3700000e+00   2.0081574e-01
   6.3800000e+00   2.2365745e-01
   6.3900000e+00   2.2659001e-01
   6.4000000e+00   2.0929737e-01
   6.4100000e+00   1.7325053e-01
   6.4200000e+00   1.2155799e-01
   6.4300000e+00   5.8671361e-02
   6.4400000e+00  -1.0024882e-02
   6.4500000e+00  -7.8700611e-02
   6.4600000e+00  -1.4159880e-01
   6.4700000e+00  -1.9353862e-01
   6.4800000e+00  -2.3035794e-01
   6.4900000e+00  -2.4925670e-01
   6.5000000e+00  -2.4901265e-01
   6.5100000e+00  -2.3005267e-01
   6.5200000e+00  -1.9437694e-01
   6.5300000e+00  -1.4534600e-01
   6.5400000e+00  -8.7353412e-02
   6.5500000e+00  -2.5416013e-02
   6.5600000e+00   3.5279240e-02
   6.5700000e+00   8.9830196e-02
   6.5800000e+00   1.3403546e-01
   6.5900000e+00   1.6473533e-01
   6.6000000e+00   1.8004948e-01
   6.6100000e+00   1.7949337e-01
   6.6200000e+00   1.6396685e-01
   6.6300000e+00   1.3562033e-01
   6.6400000e+00   9.7614634e-02
   6.6500000e+00   5.3799994e-02
   6.6600000e+00   8.3460028e-03
   6.6700000e+00  -3.4642155e-02
   6.6800000e+00  -7.1485954e-02
   6.6900000e+00  -9.9242150e-02
   6.7000000e+00  -1.1593179e-01
   6.7100000e+00  -1.2067186e-01
   6.7200000e+00  -1.1370148e-01
   6.7300000e+00  -9.6304494e-02
   6.7400000e+00  -7.0640106e-02
   6.7500000e+00  -3.9500847e-02
   6.7600000e+00  -6.0236369e-03
   6.7700000e+00   2.6617222e-02
   6.7800000e+00   5.5505638e-02
   6.7900000e+00   7.8240672e-02
   6.8000000e+00   9.3132372e-02
   6.8100000e+00   9.9320708e-02
   6.8200000e+00   9.6809789e-02
   6.8300000e+00   8.6417934e-02
   6.8400000e+00   6.9652229e-02
   6.8500000e+00   4.8523083e-02
   6.8600000e+00   2.5319505e-02
   6.8700000e+00   2.3687767e-03
   6.8800000e+00  -1.8195226e-02
   6.8900000e+00  -3.4632612e-02
   6.9000000e+00  -4.5748443e-02
   6.9100000e+00  -5.0981188e-02
   6.9200000e+00  -5.0422471e-02
   6.9300000e+00  -4.4768966e-02
   6.9400000e+00  -3.5214092e-02
   6.9500000e+00  -2.3292918e-02
   6.9600000e+00  -1.0697974e-02
   6.9700000e+00   9.1397051e-04
   6.9800000e+00   1.0103809e-02
   6.9900000e+00   1.5802080e-02
   7.0000000e+00   1.7416037e-02
   7.0100000e+00   1.4881798e-02
   7.0200000e+00   8.6575022e-03
   7.0300000e+00  -3.4045688e-04
   7.0400000e+00  -1.0850178e-02
   7.0500000e+00  -2.1413158e-02
   7.0600000e+00  -3.0543011e-02
   7.0700000e+00  -3.6895844e-02
   7.0800000e+00  -3.9424263e-02
   7.0900000e+00  -3.7498856e-02
   7.1000000e+00  -3.0984563e-02
   7.1100000e+00  -2.0264085e-02
   7.1200000e+00  -6.2060275e-03
   7.1300000e+00   9.9188781e-03
   7.1400000e+00   2.6564806e-02
   7.1500000e+00   4.2068074e-02
   7.1600000e+00   5.4818517e-02
   7.1700000e+00   6.3427501e-02
   7.1800000e+00   6.6875457e-02
   7.1900000e+00   6.4623874e-02
   7.2000000e+00   5.6680228e-02
   7.2100000e+00   4.3609052e-02
   7.2200000e+00   2.6487665e-02
   7.2300000e+00   6.8105643e-03
   7.2400000e+00  -1.3648424e-02
   7.2500000e+00  -3.3003005e-02
   7.2600000e+00  -4.9434163e-02
   7.2700000e+00  -6.1365409e-02
   7.2800000e+00  -6.7616537e-02
   7.2900000e+00  -6.7520954e-02
   7.3000000e+00  -6.0995147e-02
   7.3100000e+00  -4.8553423e-02
   7.3200000e+00  -3.1266320e-02
   7.3300000e+00  -1.0666420e-02
   7.3400000e+00   1.1389660e-02
   7.3500000e+00   3.2890213e-02
   7.3600000e+00   5.1852510e-02
   7.3700000e+00   6.6504783e-02
   7.3800000e+00   7.5449173e-02
   7.3900000e+00   7.7790504e-02
   7.4000000e+00   7.3219017e-02
   7.4100000e+00   6.2039541e-02
   7.4200000e+00   4.5144595e-02
   7.4300000e+00   2.3934148e-02
   7.4400000e+00   1.8968468e-04
   7.4500000e+00  -2.4085612e-02
   7.4600000e+00  -4.6845696e-02
   7.4700000e+00  -6.6183058e-02
   7.4800000e+00  -8.0496131e-02
   7.4900000e+00  -8.8627631e-02
   7.5000000e+00  -8.9961594e-02
   7.5100000e+00  -8.4470808e-02
   7.5200000e+00  -7.2711019e-02
   7.5300000e+00  -5.5763178e-02
   7.5400000e+00  -3.5129793e-02
   7.5500000e+00  -1.2595483e-02
   7.5600000e+00   9.9349879e-03
   7.5700000e+00   3.0606145e-02
   7.5800000e+00   4.7773225e-02
   7.5900000e+00   6.0141139e-02
   7.6000000e+00   6.6868875e-02
   7.6100000e+00   6.7630676e-02
   7.6200000e+00   6.2629454e-02
   7.6300000e+00   5.2562417e-02
   7.6400000e+00   3.8543253e-02
   7.6500000e+00   2.1989116e-02
   7.6600000e+00   4.4837048e-03
   7.6700000e+00  -1.2370390e-02
   7.6800000e+00  -2.7096210e-02
   7.6900000e+00  -3.8470671e-02
   7.7000000e+00  -4.5625214e-02
   7.7100000e+00  -4.8110467e-02
   7.7200000e+00  -4.5920094e-02
   7.7300000e+00  -3.9472983e-02
   7.7400000e+00  -2.9556835e-02
   7.7500000e+00  -1.7239747e-02
   7.7600000e+00  -3.7592024e-03
   7.7700000e+00   9.6003019e-03
   7.7800000e+00   2.1629040e-02
   7.7900000e+00   3.1301736e-02
   7.8000000e+00   3.7865162e-02
   7.8100000e+00   4.0896127e-02
   7.8200000e+00   4.0325396e-02
   7.8300000e+00   3.6426549e-02
   7.8400000e+00   2.9772187e-02
   7.8500000e+00   2.1162990e-02
   7.8600000e+00   1.1537616e-02
   7.8700000e+00   1.8730227e-03
   7.8800000e+00  -6.9145723e-03
   7.8900000e+00  -1.4058255e-02
   7.9000000e+00  -1.9010044e-02
   7.9100000e+00  -2.1485262e-02
   7.9200000e+00  -2.1478058e-02
   7.9300000e+00  -1.9247490e-02
   7.9400000e+00  -1.5276591e-02
   7.9500000e+00  -1.0209488e-02
   7.9600000e+00  -4.7737569e-03
   7.9700000e+00   3.0346289e-04
   7.9800000e+00   4.3766703e-03
   7.9900000e+00   6.9520401e-03
   8.0000000e+00   7.7391709e-03
   8.0100000e+00   6.6794414e-03
   8.0200000e+00   3.9483943e-03
   8.0300000e+00  -6.7691352e-05
   8.0400000e+00  -4.8181953e-03
   8.0500000e+00  -9.6523146e-03
   8.0600000e+00  -1.3893990e-02
   8.0700000e+00  -1.6919540e-02
   8.0800000e+00  -1.8229731e-02
   8.0900000e+00  -1.7508619e-02
   8.1000000e+00  -1.4662928e-02
   8.1100000e+00  -9.8377496e-03
   8.1200000e+00  -3.4068080e-03
   8.1300000e+00   4.0618321e-03
   8.1400000e+00   1.1861214e-02
   8.1500000e+00   1.9216512e-02
   8.1600000e+00   2.5364422e-02
   8.1700000e+00   2.9632857e-02
   8.1800000e+00   3.1512773e-02
   8.1900000e+00   3.0714731e-02
   8.2000000e+00   2.7204286e-02
   8.2100000e+00   2.1212369e-02
   8.2200000e+00   1.3219311e-02
   8.2300000e+00   3.9137727e-03
   8.2400000e+00  -5.8696584e-03
   8.2500000e+00  -1.5228318e-02
   8.2600000e+00  -2.3277293e-02
   8.2700000e+00  -2.9234947e-02
   8.2800000e+00  -3.2499809e-02
   8.2900000e+00  -3.2711294e-02
   8.3000000e+00  -2.9788239e-02
   8.3100000e+00  -2.3941328e-02
   8.3200000e+00  -1.5657987e-02
   8.3300000e+00  -5.6609602e-03
   8.3400000e+00   5.1557175e-03
   8.3500000e+00   1.5807444e-02
   8.3600000e+00   2.5308968e-02
   8.3700000e+00   3.2765111e-02
   8.3800000e+00   3.7453789e-02
   8.3900000e+00   3.8893566e-02
   8.4000000e+00   3.6889391e-02
   8.4100000e+00   3.1552240e-02
   8.4200000e+00   2.3290803e-02
   8.4300000e+00   1.2775983e-02
   8.4400000e+00   8.8150197e-04
   8.4500000e+00  -1.1393888e-02
   8.4600000e+00  -2.3015393e-02
   8.4700000e+00  -3.3004171e-02
   8.4800000e+00  -4.0523903e-02
   8.4900000e+00  -4.4954068e-02
   8.5000000e+00  -4.5943327e-02
   8.5100000e+00  -4.3438313e-02
   8.5200000e+00  -3.7685438e-02
   8.5300000e+00  -2.9205811e-02
   8.5400000e+00  -1.8745864e-02
   8.5500000e+00  -7.2084663e-03
   8.5600000e+00   4.4289508e-03
   8.5700000e+00   1.5201638e-02
   8.5800000e+00   2.4242126e-02
   8.5900000e+00   3.0854530e-02
   8.6000000e+00   3.4571996e-02
   8.6100000e+00   3.5192365e-02
   8.6200000e+00   3.2789250e-02
   8.6300000e+00   2.7698013e-02
   8.6400000e+00   2.0478478e-02
   8.6500000e+00   1.1858320e-02
   8.6600000e+00   2.6627671e-03
   8.6700000e+00  -6.2626003e-03
   8.6800000e+00  -1.4128663e-02
   8.6900000e+00  -2.0272138e-02
   8.7000000e+00  -2.4211301e-02
   8.7100000e+00  -2.5683277e-02
   8.7200000e+00  -2.4659970e-02
   8.7300000e+00  -2.1341775e-02
   8.7400000e+00  -1.6130332e-02
   8.7500000e+00  -9.5835129e-03
   8.7600000e+00  -2.3574419e-03
   8.7700000e+00   4.8585790e-03
   8.7800000e+00   1.1407839e-02
   8.7900000e+00   1.6726411e-02
   8.8000000e+00   2.0392219e-02
   8.8100000e+00   2.2158637e-02
   8.8200000e+00   2.1969938e-02
   8.8300000e+00   1.9957704e-02
   8.8400000e+00   1.6419218e-02
   8.8500000e+00   1.1780568e-02
   8.8600000e+00   6.5486173e-03
   8.8700000e+00   1.2569640e-03
   8.8800000e+00  -3.5885365e-03
   8.8900000e+00  -7.5592374e-03
   8.9000000e+00  -1.0343354e-02
   8.9100000e+00  -1.1772127e-02
   8.9200000e+00  -1.1830258e-02
   8.9300000e+00  -1.0650058e-02
   8.9400000e+00  -8.4903746e-03
   8.9500000e+00  -5.7029285e-03
   8.9600000e+00  -2.6898841e-03
   8.9700000e+00   1.4268173e-04
   8.9800000e+00   2.4304367e-03
   8.9900000e+00   3.8907792e-03
   9.0000000e+00   4.3530297e-03
   9.0100000e+00   3.7757880e-03
   9.0200000e+00   2.2497960e-03
   9.0300000e+00  -1.3821075e-05
   9.0400000e+00  -2.7085344e-03
   9.0500000e+00  -5.4678406e-03
   9.0600000e+00  -7.9072994e-03
   9.0700000e+00  -9.6686653e-03
   9.0800000e+00  -1.0461402e-02
   9.0900000e+00  -1.0097146e-02
   9.1000000e+00  -8.5134357e-03
   9.1100000e+00  -5.7841162e-03
   9.1200000e+00  -2.1152294e-03
   9.1300000e+00   2.1733158e-03
   9.1400000e+00   6.6785257e-03
   9.1500000e+00   1.0954495e-02
   9.1600000e+00   1.4557926e-02
   9.1700000e+00   1.7094379e-02
   9.1800000e+00   1.8260504e-02
   9.1900000e+00   1.7877911e-02
   9.2000000e+00   1.5915089e-02
   9.2100000e+00   1.2494989e-02
   9.2200000e+00   7.8872940e-03
   9.2300000e+00   2.4858884e-03
   9.2400000e+00  -3.2264351e-03
   9.2500000e+00  -8.7227582e-03
   9.2600000e+00  -1.3482032e-02
   9.2700000e+00  -1.7039467e-02
   9.2800000e+00  -1.9032419e-02
   9.2900000e+00  -1.9237239e-02
   9.3000000e+00  -1.7593429e-02
   9.3100000e+00  -1.4212609e-02
   9.3200000e+00  -9.3712522e-03
   9.3300000e+00  -3.4877096e-03
   9.3400000e+00   2.9144583e-03
   9.3500000e+00   9.2535043e-03
   9.3600000e+00   1.4942518e-02
   9.3700000e+00   1.9443507e-02
   9.3800000e+00   2.2317474e-02
   9.3900000e+00   2.3265767e-02
   9.4000000e+00   2.2158806e-02
   9.4100000e+00   1.9049449e-02
   9.4200000e+00   1.4169705e-02
   9.4300000e+00   7.9110428e-03
   9.4400000e+00   7.9009718e-04
   9.4500000e+00  -6.5970878e-03
   9.4600000e+00  -1.3628061e-02
   9.4700000e+00  -1.9709341e-02
   9.4800000e+00  -2.4329077e-02
   9.4900000e+00  -2.7102203e-02
   9.5000000e+00  -2.7803967e-02
   9.5100000e+00  -2.6388859e-02
   9.5200000e+00  -2.2993301e-02
   9.5300000e+00  -1.7921984e-02
   9.5400000e+00  -1.1619238e-02
   9.5500000e+00  -4.6281914e-03
   9.5600000e+00   2.4584156e-03
   9.5700000e+00   9.0512044e-03
   9.5800000e+00   1.4616028e-02
   9.5900000e+00   1.8720038e-02
   9.6000000e+00   2.1067837e-02
   9.6100000e+00   2.1524590e-02
   9.6200000e+00   2.0124200e-02
   9.6300000e+00   1.7062092e-02
   9.6400000e+00   1.2673560e-02
   9.6500000e+00   7.3999549e-03
   9.6600000e+00   1.7460835e-03
   9.6700000e+00  -3.7670756e-03
   9.6800000e+00  -8.6498650e-03
   9.6900000e+00  -1.2487268e-02
   9.7000000e+00  -1.4974141e-02
   9.7100000e+00  -1.5939314e-02
   9.7200000e+00  -1.5356586e-02
   9.7300000e+00  -1.3341979e-02
   9.7400000e+00  -1.0137871e-02
   9.7500000e+00  -6.0858711e-03
   9.7600000e+00  -1.5913438e-03
   9.7700000e+00   2.9168441e-03
   9.7800000e+00   7.0273697e-03
   9.7900000e+00   1.0384370e-02
   9.8000000e+00   1.2718700e-02
   9.8100000e+00   1.3869742e-02
   9.8200000e+00   1.3795964e-02
   9.8300000e+00   1.2573582e-02
   9.8400000e+00   1.0383816e-02
   9.8500000e+00   7.4903924e-03
   9.8600000e+00   4.2097988e-03
   9.8700000e+00   8.7747701e-04
   9.8800000e+00  -2.1865511e-03
   9.8900000e+00  -4.7091720e-03
   9.9000000e+00  -6.4897058e-03
   9.9100000e+00  -7.4170681e-03
   9.9200000e+00  -7.4770725e-03
   9.9300000e+00  -6.7494096e-03
   9.9400000e+00  -5.3949023e-03
   9.9500000e+00  -3.6346105e-03
   9.9600000e+00  -1.7231668e-03
   9.9700000e+00   8.0734100e-05
   9.9800000e+00   1.5435266e-03
   9.9900000e+00   1.7431505e-03
   1.0000000e+01   1.3233982e-03
