   0.0000000e+00  -1.7526608e-34
   1.0000000e-02   1.4847521e-07
   2.0000000e-02   5.6163007e-07
   3.0000000e-02   1.1426858e-06
   4.0000000e-02   1.7406708e-06
   5.0000000e-02   2.1691901e-06
   6.0000000e-02   2.2304447e-06
   7.0000000e-02   1.7418501e-06
   8.0000000e-02   5.6225775e-07
   9.0000000e-02  -1.3852537e-06
   1.0000000e-01  -4.0967582e-06
   1.1000000e-01  -7.4791847e-06
   1.2000000e-01  -1.1351656e-05
   1.3000000e-01  -1.5456785e-05
   1.4000000e-01  -1.9481175e-05
   1.5000000e-01  -2.3083394e-05
   1.6000000e-01  -2.5926774e-05
   1.7000000e-01  -2.7713846e-05
   1.8000000e-01  -2.8218847e-05
   1.9000000e-01  -2.7314865e-05
   2.0000000e-01  -2.4992534e-05
   2.1000000e-01  -2.1367988e-05
   2.2000000e-01  -1.6678742e-05
   2.3000000e-01  -1.1267363e-05
   2.4000000e-01  -5.5540008e-06
   2.5000000e-01   4.6837534e-20
   2.6000000e-01   4.9342024e-06
   2.7000000e-01   8.8330144e-06
   2.8000000e-01   1.1367257e-05
   2.9000000e-01   1.2329237e-05
   3.0000000e-01   1.1657678e-05
   3.1000000e-01   9.4497342e-06
   3.2000000e-01   5.9584421e-06
   3.3000000e-01   1.5753243e-06
   3.4000000e-01  -3.2007398e-06
   3.5000000e-01  -7.8059158e-06
   3.6000000e-01  -1.1661488e-05
   3.7000000e-01  -1.4227174e-05
   3.8000000e-01  -1.5052813e-05
   3.9000000e-01  -1.3823595e-05
   4.0000000e-01  -1.0394458e-05
   4.1000000e-01  -4.8101806e-06
   4.2000000e-01   2.6910328e-06
   4.3000000e-01   1.1691249e-05
   4.4000000e-01   2.1622934e-05
   4.5000000e-01   3.1813161e-05
   4.6000000e-01   4.1538202e-05
   4.7000000e-01   5.0083796e-05
   4.8000000e-01   5.6805775e-05
   4.9000000e-01   6.1185637e-05
   5.0000000e-01   6.2876027e-05
   5.1000000e-01   6.1731935e-05
   5.2000000e-01   5.7824692e-05
   5.3000000e-01   5.1437351e-05
   5.4000000e-01   4.3041726e-05
   5.5000000e-01   3.3259031e-05
   5.6000000e-01   2.2807536e-05
   5.7000000e-01   1.2441876e-05
   5.8000000e-01   2.8893850e-06
   5.9000000e-01  -5.2108620e-06
   6.0000000e-01  -1.1360884e-05
   6.1000000e-01  -1.5243820e-05
   6.2000000e-01  -1.6747631e-05
   6.3000000e-01  -1.5970472e-05
   6.4000000e-01  -1.3207389e-05
   6.5000000e-01  -8.9197207e-06
   6.6000000e-01  -3.6901392e-06
   6.7000000e-01   1.8324323e-06
   6.8000000e-01   6.9928939e-06
   6.9000000e-01   1.1189501e-05
   7.0000000e-01   1.3927426e-05
   7.1000000e-01   1.4861527e-05
   7.2000000e-01   1.3824587e-05
   7.3000000e-01   1.0838657e-05
   7.4000000e-01   6.1087794e-06
   7.5000000e-01  -3.8163916e-20
   7.6000000e-01  -6.9998403e-06
   7.7000000e-01  -1.4327760e-05
   7.8000000e-01  -2.1399034e-05
   7.9000000e-01  -2.7661165e-05
   8.0000000e-01  -3.2643310e-05
   8.1000000e-01  -3.5996574e-05
   8.2000000e-01  -3.7521551e-05
   8.3000000e-01  -3.7180819e-05
   8.4000000e-01  -3.5095590e-05
   8.5000000e-01  -3.1527312e-05
   8.6000000e-01  -2.6846459e-05
   8.7000000e-01  -2.1492007e-05
   8.8000000e-01  -1.5925917e-05
   8.9000000e-01  -1.0587376e-05
   9.0000000e-01  -5.8514672e-06
   9.1000000e-01  -1.9963914e-06
   9.2000000e-01   8.1760838e-07
   9.3000000e-01   2.5557349e-06
   9.4000000e-01   3.3021234e-06
   9.5000000e-01   3.2403951e-06
   9.6000000e-01   2.6237186e-06
   9.7000000e-01   1.7379190e-06
   9.8000000e-01   8.6190010e-07
   9.9000000e-01   2.2991447e-07
   1.0000000e+00   5.7286604e-35
   1.0100000e+00   2.3222515e-07
   1.0200000e+00   8.7931178e-07
   1.0300000e+00   1.7908475e-06
   1.0400000e+00   2.7307982e-06
   1.0500000e+00   3.4065426e-06
   1.0600000e+00   3.5063311e-06
   1.0700000e+00   2.7410662e-06
   1.0800000e+00   8.8571403e-07
   1.0900000e+00  -2.1844333e-06
   1.1000000e+00  -6.4670062e-06
   1.1100000e+00  -1.1818783e-05
   1.1200000e+00  -1.7957068e-05
   1.1300000e+00  -2.4476829e-05
   1.1400000e+00  -3.0882545e-05
   1.1500000e+00  -3.6632088e-05
   1.1600000e+00  -4.1188575e-05
   1.1700000e+00  -4.4075121e-05
   1.1800000e+00  -4.4926917e-05
   1.1900000e+00  -4.3535072e-05
   1.2000000e+00  -3.9877285e-05
   1.2100000e+00  -3.4131568e-05
   1.2200000e+00  -2.6670765e-05
   1.2300000e+00  -1.8037500e-05
   1.2400000e+00  -8.9011098e-06
   1.2500000e+00   2.0469737e-19
   1.2600000e+00   7.9255688e-06
   1.2700000e+00   1.4204095e-05
   1.2800000e+00   1.8300115e-05
   1.2900000e+00   1.9871479e-05
   1.3000000e+00   1.8810673e-05
   1.3100000e+00   1.5265553e-05
   1.3200000e+00   9.6367101e-06
   1.3300000e+00   2.5507718e-06
   1.3400000e+00  -5.1887176e-06
   1.3500000e+00  -1.2669050e-05
   1.3600000e+00  -1.8949038e-05
   1.3700000e+00  -2.3145543e-05
   1.3800000e+00  -2.4517968e-05
   1.3900000e+00  -2.2542831e-05
   1.4000000e+00  -1.6971198e-05
   1.4100000e+00  -7.8631734e-06
   1.4200000e+00   4.4043710e-06
   1.4300000e+00   1.9158296e-05
   1.4400000e+00   3.5476790e-05
   1.4500000e+00   5.2260422e-05
   1.4600000e+00   6.8320790e-05
   1.4700000e+00   8.2479160e-05
   1.4800000e+00   9.3666443e-05
   1.4900000e+00   1.0101557e-04
   1.5000000e+00   1.0393792e-04
   1.5100000e+00   1.0217666e-04
   1.5200000e+00   9.5832070e-05
   1.5300000e+00   8.5356125e-05
   1.5400000e+00   7.1516657e-05
   1.5500000e+00   5.5333918e-05
   1.5600000e+00   3.7995086e-05
   1.5700000e+00   2.0754156e-05
   1.5800000e+00   4.8261158e-06
   1.5900000e+00  -8.7152127e-06
   1.6000000e+00  -1.9026533e-05
   1.6100000e+00  -2.5563686e-05
   1.6200000e+00  -2.8123425e-05
   1.6300000e+00  -2.6854732e-05
   1.6400000e+00  -2.2238802e-05
   1.6500000e+00  -1.5039734e-05
   1.6600000e+00  -6.2305914e-06
   1.6700000e+00   3.0982415e-06
   1.6800000e+00   1.1839906e-05
   1.6900000e+00   1.8971833e-05
   1.7000000e+00   2.3647209e-05
   1.7100000e+00   2.5268893e-05
   1.7200000e+00   2.3539216e-05
   1.7300000e+00   1.8481436e-05
   1.7400000e+00   1.0431300e-05
   1.7500000e+00  -2.3245295e-19
   1.7600000e+00  -1.1987533e-05
   1.7700000e+00  -2.4572763e-05
   1.7800000e+00  -3.6754230e-05
   1.7900000e+00  -4.7580017e-05
   1.8000000e+00  -5.6233202e-05
   1.8100000e+00  -6.2102323e-05
   1.8200000e+00  -6.4830460e-05
   1.8300000e+00  -6.4338737e-05
   1.8400000e+00  -6.0822609e-05
   1.8500000e+00  -5.4722008e-05
   1.8600000e+00  -4.6668989e-05
   1.8700000e+00  -3.7418675e-05
   1.8800000e+00  -2.7770883e-05
   1.8900000e+00  -1.8490608e-05
   1.9000000e+00  -1.0235501e-05
   1.9100000e+00  -3.4976419e-06
   1.9200000e+00   1.4347103e-06
   1.9300000e+00   4.4918772e-06
   1.9400000e+00   5.8130293e-06
   1.9500000e+00   5.7135802e-06
   1.9600000e+00   4.6337523e-06
   1.9700000e+00   3.0743575e-06
   1.9800000e+00   1.5271973e-06
   1.9900000e+00   4.0805815e-07
   2.0000000e+00   1.8733671e-33
   2.0100000e+00   4.1353538e-07
   2.0200000e+00   1.5684710e-06
   2.0300000e+00   3.1998286e-06
   2.0400000e+00   4.8876102e-06
   2.0500000e+00   6.1075071e-06
   2.0600000e+00   6.2972466e-06
   2.0700000e+00   4.9313904e-06
   2.0800000e+00   1.5962465e-06
   2.0900000e+00  -3.9437222e-06
   2.1000000e+00  -1.1695977e-05
   2.1100000e+00  -2.1412940e-05
   2.1200000e+00  -3.2592217e-05
   2.1300000e+00  -4.4505459e-05
   2.1400000e+00  -5.6254287e-05
   2.1500000e+00  -6.6848769e-05
   2.1600000e+00  -7.5301310e-05
   2.1700000e+00  -8.0726884e-05
   2.1800000e+00  -8.2439458e-05
   2.1900000e+00  -8.0034378e-05
   2.2000000e+00  -7.3447448e-05
   2.2100000e+00  -6.2983422e-05
   2.2200000e+00  -4.9309373e-05
   2.2300000e+00  -3.3411771e-05
   2.2400000e+00  -1.6519682e-05
   2.2500000e+00  -6.9388939e-21
   2.2600000e+00   1.4766328e-05
   2.2700000e+00   2.6515873e-05
   2.2800000e+00   3.4229604e-05
   2.2900000e+00   3.7242552e-05
   2.3000000e+00   3.5324843e-05
   2.3100000e+00   2.8725045e-05
   2.3200000e+00   1.8169996e-05
   2.3300000e+00   4.8192694e-06
   2.3400000e+00  -9.8233344e-06
   2.3500000e+00  -2.4034662e-05
   2.3600000e+00  -3.6023183e-05
   2.3700000e+00  -4.4092947e-05
   2.3800000e+00  -4.6805731e-05
   2.3900000e+00  -4.3126265e-05
   2.4000000e+00  -3.2536497e-05
   2.4100000e+00  -1.5107313e-05
   2.4200000e+00   8.4802867e-06
   2.4300000e+00   3.6968095e-05
   2.4400000e+00   6.8606361e-05
   2.4500000e+00   1.0128596e-04
   2.4600000e+00   1.3270643e-04
   2.4700000e+00   1.6056563e-04
   2.4800000e+00   1.8275458e-04
   2.4900000e+00   1.9754004e-04
   2.5000000e+00   2.0371833e-04
   2.5100000e+00   2.0072611e-04
   2.5200000e+00   1.8869743e-04
   2.5300000e+00   1.6846114e-04
   2.5400000e+00   1.4147809e-04
   2.5500000e+00   1.0972294e-04
   2.5600000e+00   7.5520466e-05
   2.5700000e+00   4.1350501e-05
   2.5800000e+00   9.6387167e-06
   2.5900000e+00  -1.7448282e-05
   2.6000000e+00  -3.8185195e-05
   2.6100000e+00  -5.1431248e-05
   2.6200000e+00  -5.6721499e-05
   2.6300000e+00  -5.4298012e-05
   2.6400000e+00  -4.5078135e-05
   2.6500000e+00  -3.0562864e-05
   2.6600000e+00  -1.2693766e-05
   2.6700000e+00   6.3283704e-06
   2.6800000e+00   2.4246467e-05
   2.6900000e+00   3.8953037e-05
   2.7000000e+00   4.8680172e-05
   2.7100000e+00   5.2156333e-05
   2.7200000e+00   4.8715818e-05
   2.7300000e+00   3.8351248e-05
   2.7400000e+00   2.1704849e-05
   2.7500000e+00  -1.1102230e-19
   2.7600000e+00  -2.5079785e-05
   2.7700000e+00  -5.1552450e-05
   2.7800000e+00  -7.7323788e-05
   2.7900000e+00  -1.0038067e-04
   2.8000000e+00  -1.1897273e-04
   2.8100000e+00  -1.3176528e-04
   2.8200000e+00  -1.3794957e-04
   2.8300000e+00  -1.3730033e-04
   2.8400000e+00  -1.3017624e-04
   2.8500000e+00  -1.1746439e-04
   2.8600000e+00  -1.0047549e-04
   2.8700000e+00  -8.0801211e-05
   2.8800000e+00  -6.0148827e-05
   2.8900000e+00  -4.0170484e-05
   2.9000000e+00  -2.2304572e-05
   2.9100000e+00  -7.6453914e-06
   2.9200000e+00   3.1458571e-06
   2.9300000e+00   9.8801590e-06
   2.9400000e+00   1.2826581e-05
   2.9500000e+00   1.2647372e-05
   2.9600000e+00   1.0290101e-05
   2.9700000e+00   6.8493214e-06
   2.9800000e+00   3.4135502e-06
   2.9900000e+00   9.1508815e-07
   3.0000000e+00   5.7286604e-35
   3.0100000e+00   9.3357431e-07
   3.0200000e+00   3.5528646e-06
   3.0300000e+00   7.2728925e-06
   3.0400000e+00   1.1147253e-05
   3.0500000e+00   1.3977799e-05
   3.0600000e+00   1.4462451e-05
   3.0700000e+00   1.1365538e-05
   3.0800000e+00   3.6920128e-06
   3.0900000e+00  -9.1543089e-06
   3.1000000e+00  -2.7247414e-05
   3.1100000e+00  -5.0066631e-05
   3.1200000e+00  -7.6486218e-05
   3.1300000e+00  -1.0483200e-04
   3.1400000e+00  -1.3300311e-04
   3.1500000e+00  -1.5864985e-04
   3.1600000e+00  -1.7939220e-04
   3.1700000e+00  -1.9305848e-04
   3.1800000e+00  -1.9792040e-04
   3.1900000e+00  -1.9289993e-04
   3.2000000e+00  -1.7772469e-04
   3.2100000e+00  -1.5301309e-04
   3.2200000e+00  -1.2027603e-04
   3.2300000e+00  -8.1829991e-05
   3.2400000e+00  -4.0625106e-05
   3.2500000e+00   4.7184479e-19
   3.2600000e+00   3.6616358e-05
   3.2700000e+00   6.6029653e-05
   3.2800000e+00   8.5601780e-05
   3.2900000e+00   9.3537508e-05
   3.3000000e+00   8.9106612e-05
   3.3100000e+00   7.2776618e-05
   3.3200000e+00   4.6238727e-05
   3.3300000e+00   1.2318868e-05
   3.3400000e+00  -2.5223539e-05
   3.3500000e+00  -6.1995745e-05
   3.3600000e+00  -9.3347404e-05
   3.3700000e+00  -1.1479036e-04
   3.3800000e+00  -1.2242542e-04
   3.3900000e+00  -1.1333684e-04
   3.4000000e+00  -8.5916688e-05
   3.4100000e+00  -4.0085980e-05
   3.4200000e+00   2.2611833e-05
   3.4300000e+00   9.9059017e-05
   3.4400000e+00   1.8475454e-04
   3.4500000e+00   2.7413609e-04
   3.4600000e+00   3.6100894e-04
   3.4700000e+00   4.3904676e-04
   3.4800000e+00   5.0232198e-04
   3.4900000e+00   5.4581903e-04
   3.5000000e+00   5.6588424e-04
   3.5100000e+00   5.6057024e-04
   3.5200000e+00   5.2984144e-04
   3.5300000e+00   4.7561876e-04
   3.5400000e+00   4.0165547e-04
   3.5500000e+00   3.1325183e-04
   3.5600000e+00   2.1682998e-04
   3.5700000e+00   1.1940465e-04
   3.5800000e+00   2.7994535e-05
   3.5900000e+00  -5.0973978e-05
   3.6000000e+00  -1.1221772e-04
   3.6100000e+00  -1.5205239e-04
   3.6200000e+00  -1.6871102e-04
   3.6300000e+00  -1.6249481e-04
   3.6400000e+00  -1.3574134e-04
   3.6500000e+00  -9.2610927e-05
   3.6600000e+00  -3.8709058e-05
   3.6700000e+00   1.9422291e-05
   3.6800000e+00   7.4899095e-05
   3.6900000e+00   1.2112190e-04
   3.7000000e+00   1.5237758e-04
   3.7100000e+00   1.6436093e-04
   3.7200000e+00   1.5456806e-04
   3.7300000e+00   1.2252474e-04
   3.7400000e+00   6.9828474e-05
   3.7500000e+00   5.5511151e-20
   3.7600000e+00  -8.1842046e-05
   3.7700000e+00  -1.6945283e-04
   3.7800000e+00  -2.5603504e-04
   3.7900000e+00  -3.3486050e-04
   3.8000000e+00  -3.9988055e-04
   3.8100000e+00  -4.4626753e-04
   3.8200000e+00  -4.7083564e-04
   3.8300000e+00  -4.7230151e-04
   3.8400000e+00  -4.5136017e-04
   3.8500000e+00  -4.1057023e-04
   3.8600000e+00  -3.5406092e-04
   3.8700000e+00  -2.8709141e-04
   3.8800000e+00  -2.1550772e-04
   3.8900000e+00  -1.4515300e-04
   3.9000000e+00  -8.1291871e-05
   3.9100000e+00  -2.8108606e-05
   3.9200000e+00   1.1668584e-05
   3.9300000e+00   3.6977459e-05
   3.9400000e+00   4.8443290e-05
   3.9500000e+00   4.8209143e-05
   3.9600000e+00   3.9592535e-05
   3.9700000e+00   2.6605117e-05
   3.9800000e+00   1.3387784e-05
   3.9900000e+00   3.6242012e-06
   4.0000000e+00   5.7286604e-35
   4.0100000e+00   3.7721127e-06
   4.0200000e+00   1.4502968e-05
   4.0300000e+00   2.9998266e-05
   4.0400000e+00   4.6466239e-05
   4.0500000e+00   5.8892610e-05
   4.0600000e+00   6.1601269e-05
   4.0700000e+00   4.8948426e-05
   4.0800000e+00   1.6080147e-05
   4.0900000e+00  -4.0328263e-05
   4.1000000e+00  -1.2143601e-04
   4.1100000e+00  -2.2578338e-04
   4.1200000e+00  -3.4908689e-04
   4.1300000e+00  -4.8432688e-04
   4.1400000e+00  -6.2214382e-04
   4.1500000e+00  -7.5152821e-04
   4.1600000e+00  -8.6075715e-04
   4.1700000e+00  -9.3850129e-04
   4.1800000e+00  -9.7500230e-04
   4.1900000e+00  -9.6320600e-04
   4.2000000e+00  -8.9973124e-04
   4.2100000e+00  -7.8556202e-04
   4.2200000e+00  -6.2636844e-04
   4.2300000e+00  -4.3239194e-04
   4.2400000e+00  -2.1786761e-04
   4.2500000e+00   1.6653345e-18
   4.2600000e+00   2.0244647e-04
   4.2700000e+00   3.7083908e-04
   4.2800000e+00   4.8851139e-04
   4.2900000e+00   5.4257692e-04
   4.3000000e+00   5.2554716e-04
   4.3100000e+00   4.3658328e-04
   4.3200000e+00   2.8223223e-04
   4.3300000e+00   7.6533950e-05
   4.3400000e+00  -1.5956379e-04
   4.3500000e+00  -3.9948737e-04
   4.3600000e+00  -6.1295698e-04
   4.3700000e+00  -7.6842153e-04
   4.3800000e+00  -8.3583054e-04
   4.3900000e+00  -7.8952011e-04
   4.4000000e+00  -6.1096312e-04
   4.4100000e+00  -2.9112716e-04
   4.4200000e+00   1.6780077e-04
   4.4300000e+00   7.5152531e-04
   4.4400000e+00   1.4337329e-03
   4.4500000e+00   2.1772296e-03
   4.4600000e+00   2.9361070e-03
   4.4700000e+00   3.6588272e-03
   4.4800000e+00   4.2920292e-03
   4.4900000e+00   4.7847827e-03
   4.5000000e+00   5.0929582e-03
   4.5100000e+00   5.1833485e-03
   4.5200000e+00   5.0371732e-03
   4.5300000e+00   4.6526237e-03
   4.5400000e+00   4.0461664e-03
   4.5500000e+00   3.2524048e-03
   4.5600000e+00   2.3224104e-03
   4.5700000e+00   1.3205547e-03
   4.5800000e+00   3.2000102e-04
   4.5900000e+00  -6.0286357e-04
   4.6000000e+00  -1.3746670e-03
   4.6100000e+00  -1.9314953e-03
   4.6200000e+00  -2.2250226e-03
   4.6300000e+00  -2.2278050e-03
   4.6400000e+00  -1.9372468e-03
   4.6500000e+00  -1.3778238e-03
   4.6600000e+00  -6.0126285e-04
   4.6700000e+00   3.1548292e-04
   4.6800000e+00   1.2744549e-03
   4.6900000e+00   2.1629271e-03
   4.7000000e+00   2.8613123e-03
   4.7100000e+00   3.2522358e-03
   4.7200000e+00   3.2301570e-03
   4.7300000e+00   2.7108388e-03
   4.7400000e+00   1.6399362e-03
   4.7500000e+00  -8.8817842e-19
   4.7600000e+00  -2.1847279e-03
   4.7700000e+00  -4.8462227e-03
   4.7800000e+00  -7.8736066e-03
   4.7900000e+00  -1.1117217e-02
   4.8000000e+00  -1.4395700e-02
   4.8100000e+00  -1.7505802e-02
   4.8200000e+00  -2.0234307e-02
   4.8300000e+00  -2.2371403e-02
   4.8400000e+00  -2.3724619e-02
   4.8500000e+00  -2.4132406e-02
   4.8600000e+00  -2.3476406e-02
   4.8700000e+00  -2.1691539e-02
   4.8800000e+00  -1.8773117e-02
   4.8900000e+00  -1.4780414e-02
   4.9000000e+00  -9.8363164e-03
   4.9100000e+00  -4.1229425e-03
   4.9200000e+00   2.1265994e-03
   4.9300000e+00   8.6398966e-03
   4.9400000e+00   1.5119689e-02
   4.9500000e+00   2.1260232e-02
   4.9600000e+00   2.6764554e-02
   4.9700000e+00   3.1361521e-02
   4.9800000e+00   3.4821626e-02
   4.9900000e+00   3.6970476e-02
   5.0000000e+00   3.7699112e-02
   5.0100000e+00   3.6970476e-02
   5.0200000e+00   3.4821626e-02
   5.0300000e+00   3.1361521e-02
   5.0400000e+00   2.6764554e-02
   5.0500000e+00   2.1260232e-02
   5.0600000e+00   1.5119689e-02
   5.0700000e+00   8.6398966e-03
   5.0800000e+00   2.1265994e-03
   5.0900000e+00  -4.1229425e-03
   5.1000000e+00  -9.8363164e-03
   5.1100000e+00  -1.4780414e-02
   5.1200000e+00  -1.8773117e-02
   5.1300000e+00  -2.1691539e-02
   5.1400000e+00  -2.3476406e-02
   5.1500000e+00  -2.4132406e-02
   5.1600000e+00  -2.3724619e-02
   5.1700000e+00  -2.2371403e-02
   5.1800000e+00  -2.0234307e-02
   5.1900000e+00  -1.7505802e-02
   5.2000000e+00  -1.4395700e-02
   5.2100000e+00  -1.1117217e-02
   5.2200000e+00  -7.8736066e-03
   5.2300000e+00  -4.8462227e-03
   5.2400000e+00  -2.1847279e-03
   5.2500000e+00  -8.8817842e-19
   5.2600000e+00   1.6399362e-03
   5.2700000e+00   2.7108388e-03
   5.2800000e+00   3.2301570e-03
   5.2900000e+00   3.2522358e-03
   5.3000000e+00   2.8613123e-03
   5.3100000e+00   2.1629271e-03
   5.3200000e+00   1.2744549e-03
   5.3300000e+00   3.1548292e-04
   5.3400000e+00  -6.0126285e-04
   5.3500000e+00  -1.3778238e-03
   5.3600000e+00  -1.9372468e-03
   5.3700000e+00  -2.2278050e-03
   5.3800000e+00  -2.2250226e-03
   5.3900000e+00  -1.9314953e-03
   5.4000000e+00  -1.3746670e-03
   5.4100000e+00  -6.0286357e-04
   5.4200000e+00   3.2000102e-04
   5.4300000e+00   1.3205547e-03
   5.4400000e+00   2.3224104e-03
   5.4500000e+00   3.2524048e-03
   5.4600000e+00   4.0461664e-03
   5.4700000e+00   4.6526237e-03
   5.4800000e+00   5.0371732e-03
   5.4900000e+00   5.1833485e-03
   5.5000000e+00   5.0929582e-03
   5.5100000e+00   4.7847827e-03
   5.5200000e+00   4.2920292e-03
   5.5300000e+00   3.6588272e-03
   5.5400000e+00   2.9361070e-03
   5.5500000e+00   2.1772296e-03
   5.5600000e+00   1.4337329e-03
   5.5700000e+00   7.5152531e-04
   5.5800000e+00   1.6780077e-04
   5.5900000e+00  -2.9112716e-04
   5.6000000e+00  -6.1096312e-04
   5.6100000e+00  -7.8952011e-04
   5.6200000e+00  -8.3583054e-04
   5.6300000e+00  -7.6842153e-04
   5.6400000e+00  -6.1295698e-04
   5.6500000e+00  -3.9948737e-04
   5.6600000e+00  -1.5956379e-04
   5.6700000e+00   7.6533950e-05
   5.6800000e+00   2.8223223e-04
   5.6900000e+00   4.3658328e-04
   5.7000000e+00   5.2554716e-04
   5.7100000e+00   5.4257692e-04
   5.7200000e+00   4.8851139e-04
   5.7300000e+00   3.7083908e-04
   5.7400000e+00   2.0244647e-04
   5.7500000e+00   1.6653345e-18
   5.7600000e+00  -2.1786761e-04
   5.7700000e+00  -4.3239194e-04
   5.7800000e+00  -6.2636844e-04
   5.7900000e+00  -7.8556202e-04
   5.8000000e+00  -8.9973124e-04
   5.8100000e+00  -9.6320600e-04
   5.8200000e+00  -9.7500230e-04
   5.8300000e+00  -9.3850129e-04
   5.8400000e+00  -8.6075715e-04
   5.8500000e+00  -7.5152821e-04
   5.8600000e+00  -6.2214382e-04
   5.8700000e+00  -4.8432688e-04
   5.8800000e+00  -3.4908689e-04
   5.8900000e+00  -2.2578338e-04
   5.9000000e+00  -1.2143601e-04
   5.9100000e+00  -4.0328263e-05
   5.9200000e+00   1.6080147e-05
   5.9300000e+00   4.8948426e-05
   5.9400000e+00   6.1601269e-05
   5.9500000e+00   5.8892610e-05
   5.9600000e+00   4.6466239e-05
   5.9700000e+00   2.9998266e-05
   5.9800000e+00   1.4502968e-05
   5.9900000e+00   3.7721127e-06
   6.0000000e+00   5.7286604e-35
   6.0100000e+00   3.6242012e-06
   6.0200000e+00   1.3387784e-05
   6.0300000e+00   2.6605117e-05
   6.0400000e+00   3.9592535e-05
   6.0500000e+00   4.8209143e-05
   6.0600000e+00   4.8443290e-05
   6.0700000e+00   3.6977459e-05
   6.0800000e+00   1.1668584e-05
   6.0900000e+00  -2.8108606e-05
   6.1000000e+00  -8.1291871e-05
   6.1100000e+00  -1.4515300e-04
   6.1200000e+00  -2.1550772e-04
   6.1300000e+00  -2.8709141e-04
   6.1400000e+00  -3.5406092e-04
   6.1500000e+00  -4.1057023e-04
   6.1600000e+00  -4.5136017e-04
   6.1700000e+00  -4.7230151e-04
   6.1800000e+00  -4.7083564e-04
   6.1900000e+00  -4.4626753e-04
   6.2000000e+00  -3.9988055e-04
   6.2100000e+00  -3.3486050e-04
   6.2200000e+00  -2.5603504e-04
   6.2300000e+00  -1.6945283e-04
   6.2400000e+00  -8.1842046e-05
   6.2500000e+00   5.5511151e-20
   6.2600000e+00   6.9828474e-05
   6.2700000e+00   1.2252474e-04
   6.2800000e+00   1.5456806e-04
   6.2900000e+00   1.6436093e-04
   6.3000000e+00   1.5237758e-04
   6.3100000e+00   1.2112190e-04
   6.3200000e+00   7.4899095e-05
   6.3300000e+00   1.9422291e-05
   6.3400000e+00  -3.8709058e-05
   6.3500000e+00  -9.2610927e-05
   6.3600000e+00  -1.3574134e-04
   6.3700000e+00  -1.6249481e-04
   6.3800000e+00  -1.6871102e-04
   6.3900000e+00  -1.5205239e-04
   6.4000000e+00  -1.1221772e-04
   6.4100000e+00  -5.0973978e-05
   6.4200000e+00   2.7994535e-05
   6.4300000e+00   1.1940465e-04
   6.4400000e+00   2.1682998e-04
   6.4500000e+00   3.1325183e-04
   6.4600000e+00   4.0165547e-04
   6.4700000e+00   4.7561876e-04
   6.4800000e+00   5.2984144e-04
   6.4900000e+00   5.6057024e-04
   6.5000000e+00   5.6588424e-04
   6.5100000e+00   5.4581903e-04
   6.5200000e+00   5.0232198e-04
   6.5300000e+00   4.3904676e-04
   6.5400000e+00   3.6100894e-04
   6.5500000e+00   2.7413609e-04
   6.5600000e+00   1.8475454e-04
   6.5700000e+00   9.9059017e-05
   6.5800000e+00   2.2611833e-05
   6.5900000e+00  -4.0085980e-05
   6.6000000e+00  -8.5916688e-05
   6.6100000e+00  -1.1333684e-04
   6.6200000e+00  -1.2242542e-04
   6.6300000e+00  -1.1479036e-04
   6.6400000e+00  -9.3347404e-05
   6.6500000e+00  -6.1995745e-05
   6.6600000e+00  -2.5223539e-05
   6.6700000e+00   1.2318868e-05
   6.6800000e+00   4.6238727e-05
   6.6900000e+00   7.2776618e-05
   6.7000000e+00   8.9106612e-05
   6.7100000e+00   9.3537508e-05
   6.7200000e+00   8.5601780e-05
   6.7300000e+00   6.6029653e-05
   6.7400000e+00   3.6616358e-05
   6.7500000e+00   4.7184479e-19
   6.7600000e+00  -4.0625106e-05
   6.7700000e+00  -8.1829991e-05
   6.7800000e+00  -1.2027603e-04
   6.7900000e+00  -1.5301309e-04
   6.8000000e+00  -1.7772469e-04
   6.8100000e+00  -1.9289993e-04
   6.8200000e+00  -1.9792040e-04
   6.8300000e+00  -1.9305848e-04
   6.8400000e+00  -1.7939220e-04
   6.8500000e+00  -1.5864985e-04
   6.8600000e+00  -1.3300311e-04
   6.8700000e+00  -1.0483200e-04
   6.8800000e+00  -7.6486218e-05
   6.8900000e+00  -5.0066631e-05
   6.9000000e+00  -2.7247414e-05
   6.9100000e+00  -9.1543089e-06
   6.9200000e+00   3.6920128e-06
   6.9300000e+00   1.1365538e-05
   6.9400000e+00   1.4462451e-05
   6.9500000e+00   1.3977799e-05
   6.9600000e+00   1.1147253e-05
   6.9700000e+00   7.2728925e-06
   6.9800000e+00   3.5528646e-06
   6.9900000e+00   9.3357431e-07
   7.0000000e+00   5.7286604e-35
   7.0100000e+00   9.1508815e-07
   7.0200000e+00   3.4135502e-06
   7.0300000e+00   6.8493214e-06
   7.0400000e+00   1.0290101e-05
   7.0500000e+00   1.2647372e-05
   7.0600000e+00   1.2826581e-05
   7.0700000e+00   9.8801590e-06
   7.0800000e+00   3.1458571e-06
   7.0900000e+00  -7.6453914e-06
   7.1000000e+00  -2.2304572e-05
   7.1100000e+00  -4.0170484e-05
   7.1200000e+00  -6.0148827e-05
   7.1300000e+00  -8.0801211e-05
   7.1400000e+00  -1.0047549e-04
   7.1500000e+00  -1.1746439e-04
   7.1600000e+00  -1.3017624e-04
   7.1700000e+00  -1.3730033e-04
   7.1800000e+00  -1.3794957e-04
   7.1900000e+00  -1.3176528e-04
   7.2000000e+00  -1.1897273e-04
   7.2100000e+00  -1.0038067e-04
   7.2200000e+00  -7.7323788e-05
   7.2300000e+00  -5.1552450e-05
   7.2400000e+00  -2.5079785e-05
   7.2500000e+00  -1.1102230e-19
   7.2600000e+00   2.1704849e-05
   7.2700000e+00   3.8351248e-05
   7.2800000e+00   4.8715818e-05
   7.2900000e+00   5.2156333e-05
   7.3000000e+00   4.8680172e-05
   7.3100000e+00   3.8953037e-05
   7.3200000e+00   2.4246467e-05
   7.3300000e+00   6.3283704e-06
   7.3400000e+00  -1.2693766e-05
   7.3500000e+00  -3.0562864e-05
   7.3600000e+00  -4.5078135e-05
   7.3700000e+00  -5.4298012e-05
   7.3800000e+00  -5.6721499e-05
   7.3900000e+00  -5.1431248e-05
   7.4000000e+00  -3.8185195e-05
   7.4100000e+00  -1.7448282e-05
   7.4200000e+00   9.6387167e-06
   7.4300000e+00   4.1350501e-05
   7.4400000e+00   7.5520466e-05
   7.4500000e+00   1.0972294e-04
   7.4600000e+00   1.4147809e-04
   7.4700000e+00   1.6846114e-04
   7.4800000e+00   1.8869743e-04
   7.4900000e+00   2.0072611e-04
   7.5000000e+00   2.0371833e-04
   7.5100000e+00   1.9754004e-04
   7.5200000e+00   1.8275458e-04
   7.5300000e+00   1.6056563e-04
   7.5400000e+00   1.3270643e-04
   7.5500000e+00   1.0128596e-04
   7.5600000e+00   6.8606361e-05
   7.5700000e+00   3.6968095e-05
   7.5800000e+00   8.4802867e-06
   7.5900000e+00  -1.5107313e-05
   7.6000000e+00  -3.2536497e-05
   7.6100000e+00  -4.3126265e-05
   7.6200000e+00  -4.6805731e-05
   7.6300000e+00  -4.4092947e-05
   7.6400000e+00  -3.6023183e-05
   7.6500000e+00  -2.4034662e-05
   7.6600000e+00  -9.8233344e-06
   7.6700000e+00   4.8192694e-06
   7.6800000e+00   1.8169996e-05
   7.6900000e+00   2.8725045e-05
   7.7000000e+00   3.5324843e-05
   7.7100000e+00   3.7242552e-05
   7.7200000e+00   3.4229604e-05
   7.7300000e+00   2.6515873e-05
   7.7400000e+00   1.4766328e-05
   7.7500000e+00  -6.9388939e-21
   7.7600000e+00  -1.6519682e-05
   7.7700000e+00  -3.3411771e-05
   7.7800000e+00  -4.9309373e-05
   7.7900000e+00  -6.2983422e-05
   7.8000000e+00  -7.3447448e-05
   7.8100000e+00  -8.0034378e-05
   7.8200000e+00  -8.2439458e-05
   7.8300000e+00  -8.0726884e-05
   7.8400000e+00  -7.5301310e-05
   7.8500000e+00  -6.6848769e-05
   7.8600000e+00  -5.6254287e-05
   7.8700000e+00  -4.4505459e-05
   7.8800000e+00  -3.2592217e-05
   7.8900000e+00  -2.1412940e-05
   7.9000000e+00  -1.1695977e-05
   7.9100000e+00  -3.9437222e-06
   7.9200000e+00   1.5962465e-06
   7.9300000e+00   4.9313904e-06
   7.9400000e+00   6.2972466e-06
   7.9500000e+00   6.1075071e-06
   7.9600000e+00   4.8876102e-06
   7.9700000e+00   3.1998286e-06
   7.9800000e+00   1.5684710e-06
   7.9900000e+00   4.1353538e-07
   8.0000000e+00   1.8733671e-33
   8.0100000e+00   4.0805815e-07
   8.0200000e+00   1.5271973e-06
   8.0300000e+00   3.0743575e-06
   8.0400000e+00   4.6337523e-06
   8.0500000e+00   5.7135802e-06
   8.0600000e+00   5.8130293e-06
   8.0700000e+00   4.4918772e-06
   8.0800000e+00   1.4347103e-06
   8.0900000e+00  -3.4976419e-06
   8.1000000e+00  -1.0235501e-05
   8.1100000e+00  -1.8490608e-05
   8.1200000e+00  -2.7770883e-05
   8.1300000e+00  -3.7418675e-05
   8.1400000e+00  -4.6668989e-05
   8.1500000e+00  -5.4722008e-05
   8.1600000e+00  -6.0822609e-05
   8.1700000e+00  -6.4338737e-05
   8.1800000e+00  -6.4830460e-05
   8.1900000e+00  -6.2102323e-05
   8.2000000e+00  -5.6233202e-05
   8.2100000e+00  -4.7580017e-05
   8.2200000e+00  -3.6754230e-05
   8.2300000e+00  -2.4572763e-05
   8.2400000e+00  -1.1987533e-05
   8.2500000e+00  -2.3245295e-19
   8.2600000e+00   1.0431300e-05
   8.2700000e+00   1.8481436e-05
   8.2800000e+00   2.3539216e-05
   8.2900000e+00   2.5268893e-05
   8.3000000e+00   2.3647209e-05
   8.3100000e+00   1.8971833e-05
   8.3200000e+00   1.1839906e-05
   8.3300000e+00   3.0982415e-06
   8.3400000e+00  -6.2305914e-06
   8.3500000e+00  -1.5039734e-05
   8.3600000e+00  -2.2238802e-05
   8.3700000e+00  -2.6854732e-05
   8.3800000e+00  -2.8123425e-05
   8.3900000e+00  -2.5563686e-05
   8.4000000e+00  -1.9026533e-05
   8.4100000e+00  -8.7152127e-06
   8.4200000e+00   4.8261158e-06
   8.4300000e+00   2.0754156e-05
   8.4400000e+00   3.7995086e-05
   8.4500000e+00   5.5333918e-05
   8.4600000e+00   7.1516657e-05
   8.4700000e+00   8.5356125e-05
   8.4800000e+00   9.5832070e-05
   8.4900000e+00   1.0217666e-04
   8.5000000e+00   1.0393792e-04
   8.5100000e+00   1.0101557e-04
   8.5200000e+00   9.3666443e-05
   8.5300000e+00   8.2479160e-05
   8.5400000e+00   6.8320790e-05
   8.5500000e+00   5.2260422e-05
   8.5600000e+00   3.5476790e-05
   8.5700000e+00   1.9158296e-05
   8.5800000e+00   4.4043710e-06
   8.5900000e+00  -7.8631734e-06
   8.6000000e+00  -1.6971198e-05
   8.6100000e+00  -2.2542831e-05
   8.6200000e+00  -2.4517968e-05
   8.6300000e+00  -2.3145543e-05
   8.6400000e+00  -1.8949038e-05
   8.6500000e+00  -1.2669050e-05
   8.6600000e+00  -5.1887176e-06
   8.6700000e+00   2.5507718e-06
   8.6800000e+00   9.6367101e-06
   8.6900000e+00   1.5265553e-05
   8.7000000e+00   1.8810673e-05
   8.7100000e+00   1.9871479e-05
   8.7200000e+00   1.8300115e-05
   8.7300000e+00   1.4204095e-05
   8.7400000e+00   7.9255688e-06
   8.7500000e+00   2.0469737e-19
   8.7600000e+00  -8.9011098e-06
   8.7700000e+00  -1.8037500e-05
   8.7800000e+00  -2.6670765e-05
   8.7900000e+00  -3.4131568e-05
   8.8000000e+00  -3.9877285e-05
   8.8100000e+00  -4.3535072e-05
   8.8200000e+00  -4.4926917e-05
   8.8300000e+00  -4.4075121e-05
   8.8400000e+00  -4.1188575e-05
   8.8500000e+00  -3.6632088e-05
   8.8600000e+00  -3.0882545e-05
   8.8700000e+00  -2.4476829e-05
   8.8800000e+00  -1.7957068e-05
   8.8900000e+00  -1.1818783e-05
   8.9000000e+00  -6.4670062e-06
   8.9100000e+00  -2.1844333e-06
   8.9200000e+00   8.8571403e-07
   8.9300000e+00   2.7410662e-06
   8.9400000e+00   3.5063311e-06
   8.9500000e+00   3.4065426e-06
   8.9600000e+00   2.7307982e-06
   8.9700000e+00   1.7908475e-06
   8.9800000e+00   8.7931178e-07
   8.9900000e+00   2.3222515e-07
   9.0000000e+00   5.7286604e-35
   9.0100000e+00   2.2991447e-07
   9.0200000e+00   8.6190010e-07
   9.0300000e+00   1.7379190e-06
   9.0400000e+00   2.6237186e-06
   9.0500000e+00   3.2403951e-06
   9.0600000e+00   3.3021234e-06
   9.0700000e+00   2.5557349e-06
   9.0800000e+00   8.1760838e-07
   9.0900000e+00  -1.9963914e-06
   9.1000000e+00  -5.8514672e-06
   9.1100000e+00  -1.0587376e-05
   9.1200000e+00  -1.5925917e-05
   9.1300000e+00  -2.1492007e-05
   9.1400000e+00  -2.6846459e-05
   9.1500000e+00  -3.1527312e-05
   9.1600000e+00  -3.5095590e-05
   9.1700000e+00  -3.7180819e-05
   9.1800000e+00  -3.7521551e-05
   9.1900000e+00  -3.5996574e-05
   9.2000000e+00  -3.2643310e-05
   9.2100000e+00  -2.7661165e-05
   9.2200000e+00  -2.1399034e-05
   9.2300000e+00  -1.4327760e-05
   9.2400000e+00  -6.9998403e-06
   9.2500000e+00  -3.8163916e-20
   9.2600000e+00   6.1087794e-06
   9.2700000e+00   1.0838657e-05
   9.2800000e+00   1.3824587e-05
   9.2900000e+00   1.4861527e-05
   9.3000000e+00   1.3927426e-05
   9.3100000e+00   1.1189501e-05
   9.3200000e+00   6.9928939e-06
   9.3300000e+00   1.8324323e-06
   9.3400000e+00  -3.6901392e-06
   9.3500000e+00  -8.9197207e-06
   9.3600000e+00  -1.3207389e-05
   9.3700000e+00  -1.5970472e-05
   9.3800000e+00  -1.6747631e-05
   9.3900000e+00  -1.5243820e-05
   9.4000000e+00  -1.1360884e-05
   9.4100000e+00  -5.2108620e-06
   9.4200000e+00   2.8893850e-06
   9.4300000e+00   1.2441876e-05
   9.4400000e+00   2.2807536e-05
   9.4500000e+00   3.3259031e-05
   9.4600000e+00   4.3041726e-05
   9.4700000e+00   5.1437351e-05
   9.4800000e+00   5.7824692e-05
   9.4900000e+00   6.1731935e-05
   9.5000000e+00   6.2876027e-05
   9.5100000e+00   6.1185637e-05
   9.5200000e+00   5.6805775e-05
   9.5300000e+00   5.0083796e-05
   9.5400000e+00   4.1538202e-05
   9.5500000e+00   3.1813161e-05
   9.5600000e+00   2.1622934e-05
   9.5700000e+00   1.1691249e-05
   9.5800000e+00   2.6910328e-06
   9.5900000e+00  -4.8101806e-06
   9.6000000e+00  -1.0394458e-05
   9.6100000e+00  -1.3823595e-05
   9.6200000e+00  -1.5052813e-05
   9.6300000e+00  -1.4227174e-05
   9.6400000e+00  -1.1661488e-05
   9.6500000e+00  -7.8059158e-06
   9.6600000e+00  -3.2007398e-06
   9.6700000e+00   1.5753243e-06
   9.6800000e+00   5.9584421e-06
   9.6900000e+00   9.4497342e-06
   9.7000000e+00   1.1657678e-05
   9.7100000e+00   1.2329237e-05
   9.7200000e+00   1.1367257e-05
   9.7300000e+00   8.8330144e-06
   9.7400000e+00   4.9342024e-06
   9.7500000e+00   4.6837534e-20
   9.7600000e+00  -5.5540008e-06
   9.7700000e+00  -1.1267363e-05
   9.7800000e+00  -1.6678742e-05
   9.7900000e+00  -2.1367988e-05
   9.8000000e+00  -2.4992534e-05
   9.8100000e+00  -2.7314865e-05
   9.8200000e+00  -2.8218847e-05
   9.8300000e+00  -2.7713846e-05
   9.8400000e+00  -2.5926774e-05
   9.8500000e+00  -2.3083394e-05
   9.8600000e+00  -1.9481175e-05
   9.8700000e+00  -1.5456785e-05
   9.8800000e+00  -1.1351656e-05
   9.8900000e+00  -7.4791847e-06
   9.9000000e+00  -4.0967582e-06
   9.9100000e+00  -1.3852537e-06
   9.9200000e+00   5.6225775e-07
   9.9300000e+00   1.7418501e-06
   9.9400000e+00   2.2304447e-06
   9.9500000e+00   2.1691901e-06
   9.9600000e+00   1.7406708e-06
   9.9700000e+00   1.1426858e-06
   9.9800000e+00   5.6163007e-07
   9.9900000e+00   1.4847521e-07
   1.0000000e+01  -1.7526608e-34
