   0.0000000e+00   1.4847521e-05
   1.0000000e-02   2.8081503e-05
   2.0000000e-02   4.9710531e-05
   3.0000000e-02   5.8952034e-05
   4.0000000e-02   5.1325213e-05
   5.0000000e-02   2.4488698e-05
   6.0000000e-02  -2.1366998e-05
   7.0000000e-02  -8.3409348e-05
   8.0000000e-02  -1.5635519e-04
   9.0000000e-02  -2.3295080e-04
   1.0000000e-01  -3.0469655e-04
   1.1000000e-01  -3.6274491e-04
   1.2000000e-01  -3.9887999e-04
   1.3000000e-01  -4.0647594e-04
   1.4000000e-01  -3.8133045e-04
   1.5000000e-01  -3.2227996e-04
   1.6000000e-01  -2.3152261e-04
   1.7000000e-01  -1.1460365e-04
   1.8000000e-01   1.9949029e-05
   1.9000000e-01   1.6131564e-04
   2.0000000e-01   2.9734386e-04
   2.1000000e-01   4.1568964e-04
   2.2000000e-01   5.0503126e-04
   2.3000000e-01   5.5623704e-04
   2.4000000e-01   5.6336814e-04
   2.5000000e-01   5.2441016e-04
   2.6000000e-01   4.4165072e-04
   2.7000000e-01   3.2165275e-04
   2.8000000e-01   1.7481113e-04
   2.9000000e-01   1.4521034e-05
   3.0000000e-01  -1.4397514e-04
   3.1000000e-01  -2.8496179e-04
   3.2000000e-01  -3.9372049e-04
   3.3000000e-01  -4.5795910e-04
   3.4000000e-01  -4.6906201e-04
   3.5000000e-01  -4.2303743e-04
   3.6000000e-01  -3.2106291e-04
   3.7000000e-01  -1.6956623e-04
   3.8000000e-01   2.0178931e-05
   3.9000000e-01   2.3291777e-04
   4.0000000e-01   4.5067074e-04
   4.1000000e-01   6.5427452e-04
   4.2000000e-01   8.2507149e-04
   4.3000000e-01   9.4659508e-04
   4.4000000e-01   1.0060956e-03
   4.5000000e-01   9.9576339e-04
   4.6000000e-01   9.1353175e-04
   4.7000000e-01   7.6337863e-04
   4.8000000e-01   5.5509206e-04
   4.9000000e-01   3.0351261e-04
   5.0000000e-01   2.7314881e-05
   5.1000000e-01  -2.5256674e-04
   5.2000000e-01  -5.1472919e-04
   5.3000000e-01  -7.3914828e-04
   5.4000000e-01  -9.0891600e-04
   5.5000000e-01  -1.0117095e-03
   5.6000000e-01  -1.0408578e-03
   5.7000000e-01  -9.9590757e-04
   5.8000000e-01  -8.8263690e-04
   5.9000000e-01  -7.1251347e-04
   6.0000000e-01  -5.0164792e-04
   6.1000000e-01  -2.6933735e-04
   6.2000000e-01  -3.6332578e-05
   6.3000000e-01   1.7701213e-04
   6.4000000e-01   3.5253756e-04
   6.5000000e-01   4.7586248e-04
   6.6000000e-01   5.3760765e-04
   6.7000000e-01   5.3415165e-04
   6.8000000e-01   4.6785346e-04
   6.9000000e-01   3.4672661e-04
   7.0000000e-01   1.8360127e-04
   7.1000000e-01  -5.1419757e-06
   7.2000000e-01  -2.0114350e-04
   7.3000000e-01  -3.8579035e-04
   7.4000000e-01  -5.4193285e-04
   7.5000000e-01  -6.5543099e-04
   7.6000000e-01  -7.1638801e-04
   7.7000000e-01  -7.1995969e-04
   7.8000000e-01  -6.6667024e-04
   7.9000000e-01  -5.6221381e-04
   8.0000000e-01  -4.1677045e-04
   8.1000000e-01  -2.4391204e-04
   8.2000000e-01  -5.9212232e-05
   8.3000000e-01   1.2129804e-04
   8.4000000e-01   2.8267534e-04
   8.5000000e-01   4.1245657e-04
   8.6000000e-01   5.0176524e-04
   8.7000000e-01   5.4602708e-04
   8.8000000e-01   5.4523155e-04
   8.9000000e-01   5.0372250e-04
   9.0000000e-01   4.2954923e-04
   9.1000000e-01   3.3345378e-04
   9.2000000e-01   2.2760631e-04
   9.3000000e-01   1.2422575e-04
   9.4000000e-01   3.4233008e-05
   9.5000000e-01  -3.3920238e-05
   9.6000000e-01  -7.5123804e-05
   9.7000000e-01  -8.8090926e-05
   9.8000000e-01  -7.5400226e-05
   9.9000000e-01  -4.3095005e-05
   1.0000000e+00   1.1553418e-07
   1.0100000e+00   4.3965589e-05
   1.0200000e+00   7.7931118e-05
   1.0300000e+00   9.2574323e-05
   1.0400000e+00   8.0784752e-05
   1.0500000e+00   3.8776641e-05
   1.0600000e+00  -3.3273818e-05
   1.0700000e+00  -1.3103085e-04
   1.0800000e+00  -2.4627497e-04
   1.0900000e+00  -3.6763601e-04
   1.1000000e+00  -4.8171751e-04
   1.1100000e+00  -5.7450310e-04
   1.1200000e+00  -6.3290226e-04
   1.1300000e+00  -6.4627383e-04
   1.1400000e+00  -6.0776298e-04
   1.1500000e+00  -5.1530149e-04
   1.1600000e+00  -3.7215162e-04
   1.1700000e+00  -1.8691713e-04
   1.1800000e+00   2.7002452e-05
   1.1900000e+00   2.5248162e-04
   1.2000000e+00   4.7017519e-04
   1.2100000e+00   6.6032599e-04
   1.2200000e+00   8.0470341e-04
   1.2300000e+00   8.8848276e-04
   1.2400000e+00   9.0187499e-04
   1.2500000e+00   8.4133393e-04
   1.2600000e+00   7.1020473e-04
   1.2700000e+00   5.1872729e-04
   1.2800000e+00   2.8336923e-04
   1.2900000e+00   2.5527899e-05
   1.3000000e+00  -2.3029631e-04
   1.3100000e+00  -4.5869812e-04
   1.3200000e+00  -6.3573907e-04
   1.3300000e+00  -7.4127138e-04
   1.3400000e+00  -7.6099107e-04
   1.3500000e+00  -6.8801604e-04
   1.3600000e+00  -5.2382467e-04
   1.3700000e+00  -2.7844649e-04
   1.3800000e+00   3.0135589e-05
   1.3900000e+00   3.7733852e-04
   1.4000000e+00   7.3398289e-04
   1.4100000e+00   1.0687784e-03
   1.4200000e+00   1.3510735e-03
   1.4300000e+00   1.5536210e-03
   1.4400000e+00   1.6551063e-03
   1.4500000e+00   1.6422000e-03
   1.4600000e+00   1.5109369e-03
   1.4700000e+00   1.2672827e-03
   1.4800000e+00   9.2682071e-04
   1.4900000e+00   5.1357393e-04
   1.5000000e+00   5.8054451e-05
   1.5100000e+00  -4.0529260e-04
   1.5200000e+00  -8.4102692e-04
   1.5300000e+00  -1.2157707e-03
   1.5400000e+00  -1.5011103e-03
   1.5500000e+00  -1.6760785e-03
   1.5600000e+00  -1.7289881e-03
   1.5700000e+00  -1.6584485e-03
   1.5800000e+00  -1.4734684e-03
   1.5900000e+00  -1.1926324e-03
   1.6000000e+00  -8.4242364e-04
   1.6100000e+00  -4.5484462e-04
   1.6200000e+00  -6.4552321e-05
   1.6300000e+00   2.9423117e-04
   1.6400000e+00   5.9074990e-04
   1.6500000e+00   8.0041053e-04
   1.6600000e+00   9.0689877e-04
   1.6700000e+00   9.0352488e-04
   1.6800000e+00   7.9367957e-04
   1.6900000e+00   5.9036514e-04
   1.7000000e+00   3.1485302e-04
   1.7100000e+00  -5.3996363e-06
   1.7200000e+00  -3.3937286e-04
   1.7300000e+00  -6.5539581e-04
   1.7400000e+00  -9.2407180e-04
   1.7500000e+00  -1.1209417e-03
   1.7600000e+00  -1.2286382e-03
   1.7700000e+00  -1.2383348e-03
   1.7800000e+00  -1.1503627e-03
   1.7900000e+00  -9.7394862e-04
   1.8000000e+00  -7.2611532e-04
   1.8100000e+00  -4.2986290e-04
   1.8200000e+00  -1.1182070e-04
   1.8300000e+00   2.0039256e-04
   1.8400000e+00   4.8083645e-04
   1.8500000e+00   7.0768100e-04
   1.8600000e+00   8.6516668e-04
   1.8700000e+00   9.4490529e-04
   1.8800000e+00   9.4640332e-04
   1.8900000e+00   8.7676912e-04
   1.9000000e+00   7.4964833e-04
   1.9100000e+00   5.8351057e-04
   1.9200000e+00   3.9947595e-04
   1.9300000e+00   2.1891595e-04
   1.9400000e+00   6.1085153e-05
   1.9500000e+00  -5.8963846e-05
   1.9600000e+00  -1.3196114e-04
   1.9700000e+00  -1.5532775e-04
   1.9800000e+00  -1.3331497e-04
   1.9900000e+00  -7.6359865e-05
   2.0000000e+00   2.7386147e-07
   2.0100000e+00   7.8423552e-05
   2.0200000e+00   1.3931466e-04
   2.0300000e+00   1.6595696e-04
   2.0400000e+00   1.4538392e-04
   2.0500000e+00   7.0481820e-05
   2.0600000e+00  -5.8805834e-05
   2.0700000e+00  -2.3505001e-04
   2.0800000e+00  -4.4375563e-04
   2.0900000e+00  -6.6461116e-04
   2.1000000e+00  -8.7346087e-04
   2.1100000e+00  -1.0448120e-03
   2.1200000e+00  -1.1546260e-03
   2.1300000e+00  -1.1831035e-03
   2.1400000e+00  -1.1171655e-03
   2.1500000e+00  -9.5235115e-04
   2.1600000e+00  -6.9390571e-04
   2.1700000e+00  -3.5690741e-04
   2.1800000e+00   3.4625269e-05
   2.1900000e+00   4.4960050e-04
   2.2000000e+00   8.5254781e-04
   2.2100000e+00   1.2069038e-03
   2.2200000e+00   1.4785825e-03
   2.2300000e+00   1.6394846e-03
   2.2400000e+00   1.6705886e-03
   2.2500000e+00   1.5643005e-03
   2.2600000e+00   1.3257936e-03
   2.2700000e+00   9.7316381e-04
   2.2800000e+00   5.3633397e-04
   2.2900000e+00   5.4761940e-05
   2.3000000e+00  -4.2587536e-04
   2.3100000e+00  -8.5774234e-04
   2.3200000e+00  -1.1952888e-03
   2.3300000e+00  -1.3996665e-03
   2.3400000e+00  -1.4426966e-03
   2.3500000e+00  -1.3099924e-03
   2.3600000e+00  -1.0029143e-03
   2.3700000e+00  -5.3912739e-04
   2.3800000e+00   4.8334097e-05
   2.3900000e+00   7.1346169e-04
   2.4000000e+00   1.4009476e-03
   2.4100000e+00   2.0508392e-03
   2.4200000e+00   2.6037704e-03
   2.4300000e+00   3.0063037e-03
   2.4400000e+00   3.2158933e-03
   2.4500000e+00   3.2050035e-03
   2.4600000e+00   2.9639836e-03
   2.4700000e+00   2.5024076e-03
   2.4800000e+00   1.8487201e-03
   2.4900000e+00   1.0481872e-03
   2.5000000e+00   1.5930391e-04
   2.5100000e+00  -7.5104464e-04
   2.5200000e+00  -1.6132487e-03
   2.5300000e+00  -2.3609672e-03
   2.5400000e+00  -2.9369099e-03
   2.5500000e+00  -3.2978812e-03
   2.5600000e+00  -3.4186221e-03
   2.5700000e+00  -3.2940875e-03
   2.5800000e+00  -2.9399391e-03
   2.5900000e+00  -2.3911956e-03
   2.6000000e+00  -1.6991483e-03
   2.6100000e+00  -9.2681523e-04
   2.6200000e+00  -1.4333823e-04
   2.6300000e+00   5.8216823e-04
   2.6400000e+00   1.1867574e-03
   2.6500000e+00   1.6192184e-03
   2.6600000e+00   1.8445617e-03
   2.6700000e+00   1.8470116e-03
   2.6800000e+00   1.6312333e-03
   2.6900000e+00   1.2216852e-03
   2.7000000e+00   6.6016484e-04
   2.7100000e+00   1.7822990e-06
   2.7200000e+00  -6.9025425e-04
   2.7300000e+00  -1.3505484e-03
   2.7400000e+00  -1.9175624e-03
   2.7500000e+00  -2.3392317e-03
   2.7600000e+00  -2.5776225e-03
   2.7700000e+00  -2.6122002e-03
   2.7800000e+00  -2.4414112e-03
   2.7900000e+00  -2.0824469e-03
   2.8000000e+00  -1.5692302e-03
   2.8100000e+00  -9.4884232e-04
   2.8200000e+00  -2.7675271e-04
   2.8300000e+00   3.8866683e-04
   2.8400000e+00   9.9179730e-04
   2.8500000e+00   1.4850372e-03
   2.8600000e+00   1.8331588e-03
   2.8700000e+00   2.0163333e-03
   2.8800000e+00   2.0315363e-03
   2.8900000e+00   1.8922127e-03
   2.9000000e+00   1.6262547e-03
   2.9100000e+00   1.2725215e-03
   2.9200000e+00   8.7627752e-04
   2.9300000e+00   4.8403622e-04
   2.9400000e+00   1.3836064e-04
   2.9500000e+00  -1.2682400e-04
   2.9600000e+00  -2.8990252e-04
   2.9700000e+00  -3.4382755e-04
   2.9800000e+00  -2.9671166e-04
   2.9900000e+00  -1.7067751e-04
   3.0000000e+00   9.2430813e-07
   3.0100000e+00   1.7764323e-04
   3.0200000e+00   3.1696591e-04
   3.0300000e+00   3.7971940e-04
   3.0400000e+00   3.3524532e-04
   3.0500000e+00   1.6575992e-04
   3.0600000e+00  -1.3061303e-04
   3.0700000e+00  -5.3852191e-04
   3.0800000e+00  -1.0259924e-03
   3.0900000e+00  -1.5469713e-03
   3.1000000e+00  -2.0456161e-03
   3.1100000e+00  -2.4619402e-03
   3.1200000e+00  -2.7382684e-03
   3.1300000e+00  -2.8258447e-03
   3.1400000e+00  -2.6908928e-03
   3.1500000e+00  -2.3194546e-03
   3.1600000e+00  -1.7204312e-03
   3.1700000e+00  -9.2641002e-04
   3.1800000e+00   7.9275213e-06
   3.1900000e+00   1.0097858e-03
   3.2000000e+00   1.9943417e-03
   3.2100000e+00   2.8724332e-03
   3.2200000e+00   3.5591551e-03
   3.2300000e+00   3.9825460e-03
   3.2400000e+00   4.0914996e-03
   3.2500000e+00   3.8620732e-03
   3.2600000e+00   3.3014826e-03
   3.2700000e+00   2.4492711e-03
   3.2800000e+00   1.3753928e-03
   3.2900000e+00   1.7524158e-04
   3.3000000e+00  -1.0380445e-03
   3.3100000e+00  -2.1433942e-03
   3.3200000e+00  -3.0228875e-03
   3.3300000e+00  -3.5731133e-03
   3.3400000e+00  -3.7157306e-03
   3.3500000e+00  -3.4061933e-03
   3.3600000e+00  -2.6397307e-03
   3.3700000e+00  -1.4539006e-03
   3.3800000e+00   7.2675814e-05
   3.3900000e+00   1.8254364e-03
   3.4000000e+00   3.6625432e-03
   3.4100000e+00   5.4264261e-03
   3.4200000e+00   6.9572499e-03
   3.4300000e+00   8.1071353e-03
   3.4400000e+00   8.7538538e-03
   3.4500000e+00   8.8127201e-03
   3.4600000e+00   8.2455335e-03
   3.4700000e+00   7.0656519e-03
   3.4800000e+00   5.3386135e-03
   3.4900000e+00   3.1781132e-03
   3.5000000e+00   7.3756007e-04
   3.5100000e+00  -1.8021399e-03
   3.5200000e+00  -4.2475740e-03
   3.5300000e+00  -6.4092986e-03
   3.5400000e+00  -8.1183465e-03
   3.5500000e+00  -9.2412746e-03
   3.5600000e+00  -9.6923587e-03
   3.5700000e+00  -9.4417723e-03
   3.5800000e+00  -8.5189315e-03
   3.5900000e+00  -7.0106125e-03
   3.6000000e+00  -5.0539208e-03
   3.6100000e+00  -2.8246651e-03
   3.6200000e+00  -5.2212070e-04
   3.6300000e+00   1.6484840e-03
   3.6400000e+00   3.4941941e-03
   3.6500000e+00   4.8516140e-03
   3.6600000e+00   5.6016609e-03
   3.6700000e+00   5.6804077e-03
   3.6800000e+00   5.0849806e-03
   3.6900000e+00   3.8739242e-03
   3.7000000e+00   2.1619515e-03
   3.7100000e+00   1.0952397e-04
   3.7200000e+00  -2.0918098e-03
   3.7300000e+00  -4.2369792e-03
   3.7400000e+00  -6.1262368e-03
   3.7500000e+00  -7.5835260e-03
   3.7600000e+00  -8.4726413e-03
   3.7700000e+00  -8.7096499e-03
   3.7800000e+00  -8.2703836e-03
   3.7900000e+00  -7.1922754e-03
   3.8000000e+00  -5.5703518e-03
   3.8100000e+00  -3.5477545e-03
   3.8200000e+00  -1.3016989e-03
   3.8300000e+00   9.7377355e-04
   3.8400000e+00   3.0865641e-03
   3.8500000e+00   4.8649628e-03
   3.8600000e+00   6.1739412e-03
   3.8700000e+00   6.9276596e-03
   3.8800000e+00   7.0969202e-03
   3.8900000e+00   6.7107926e-03
   3.9000000e+00   5.8522198e-03
   3.9100000e+00   4.6480228e-03
   3.9200000e+00   3.2543033e-03
   3.9300000e+00   1.8387353e-03
   3.9400000e+00   5.6158418e-04
   3.9500000e+00  -4.4253777e-04
   3.9600000e+00  -1.0802013e-03
   3.9700000e+00  -1.3102375e-03
   3.9800000e+00  -1.1490458e-03
   3.9900000e+00  -6.6938919e-04
   4.0000000e+00   7.3955743e-06
   4.0100000e+00   7.2514839e-04
   4.0200000e+00   1.3113077e-03
   4.0300000e+00   1.5981635e-03
   4.0400000e+00   1.4447172e-03
   4.0500000e+00   7.5675149e-04
   4.0600000e+00  -4.9720920e-04
   4.0700000e+00  -2.2760561e-03
   4.0800000e+00  -4.4638344e-03
   4.0900000e+00  -6.8758076e-03
   4.1000000e+00  -9.2727558e-03
   4.1100000e+00  -1.1382544e-02
   4.1200000e+00  -1.2927175e-02
   4.1300000e+00  -1.3652846e-02
   4.1400000e+00  -1.3360066e-02
   4.1500000e+00  -1.1930667e-02
   4.1600000e+00  -9.3486542e-03
   4.1700000e+00  -5.7122575e-03
   4.1800000e+00  -1.2352353e-03
   4.1900000e+00   3.7635531e-03
   4.2000000e+00   8.8821989e-03
   4.2100000e+00   1.3668140e-02
   4.2200000e+00   1.7658504e-02
   4.2300000e+00   2.0425042e-02
   4.2400000e+00   2.1619597e-02
   4.2500000e+00   2.1015704e-02
   4.2600000e+00   1.8541954e-02
   4.2700000e+00   1.4303246e-02
   4.2800000e+00   8.5868920e-03
   4.2900000e+00   1.8517883e-03
   4.3000000e+00  -5.2996824e-03
   4.3100000e+00  -1.2165746e-02
   4.3200000e+00  -1.8002466e-02
   4.3300000e+00  -2.2089801e-02
   4.3400000e+00  -2.3801066e-02
   4.3500000e+00  -2.2669660e-02
   4.3600000e+00  -1.8446708e-02
   4.3700000e+00  -1.1143678e-02
   4.3800000e+00  -1.0549287e-03
   4.3900000e+00   1.1243371e-02
   4.4000000e+00   2.4919647e-02
   4.4100000e+00   3.8938195e-02
   4.4200000e+00   5.2132623e-02
   4.4300000e+00   6.3296608e-02
   4.4400000e+00   7.1285216e-02
   4.4500000e+00   7.5118704e-02
   4.4600000e+00   7.4079880e-02
   4.4700000e+00   6.7796110e-02
   4.4800000e+00   5.6297773e-02
   4.4900000e+00   4.0046448e-02
   4.5000000e+00   1.9928291e-02
   4.5100000e+00  -2.7892500e-03
   4.5200000e+00  -2.6536243e-02
   4.5300000e+00  -4.9550340e-02
   4.5400000e+00  -7.0010946e-02
   4.5500000e+00  -8.6187801e-02
   4.5600000e+00  -9.6592501e-02
   4.5700000e+00  -1.0012047e-01
   4.5800000e+00  -9.6170915e-02
   4.5900000e+00  -8.4733402e-02
   4.6000000e+00  -6.6431585e-02
   4.6100000e+00  -4.2517779e-02
   4.6200000e+00  -1.4815487e-02
   4.6300000e+00   1.4388792e-02
   4.6400000e+00   4.2499061e-02
   4.6500000e+00   6.6799195e-02
   4.6600000e+00   8.4665336e-02
   4.6700000e+00   9.3785888e-02
   4.6800000e+00   9.2372211e-02
   4.6900000e+00   7.9342870e-02
   4.7000000e+00   5.4465431e-02
   4.7100000e+00   1.8442233e-02
   4.7200000e+00  -2.7069849e-02
   4.7300000e+00  -7.9511039e-02
   4.7400000e+00  -1.3554194e-01
   4.7500000e+00  -1.9123321e-01
   4.7600000e+00  -2.4231113e-01
   4.7700000e+00  -2.8444393e-01
   4.7800000e+00  -3.1354970e-01
   4.7900000e+00  -3.2610466e-01
   4.8000000e+00  -3.1942927e-01
   4.8100000e+00  -2.9193036e-01
   4.8200000e+00  -2.4328003e-01
   4.8300000e+00  -1.7451560e-01
   4.8400000e+00  -8.8050151e-02
   4.8500000e+00   1.2410629e-02
   4.8600000e+00   1.2204332e-01
   4.8700000e+00   2.3516446e-01
   4.8800000e+00   3.4555625e-01
   4.8900000e+00   4.4684004e-01
   4.9000000e+00   5.3287359e-01
   4.9100000e+00   5.9814579e-01
   4.9200000e+00   6.3814196e-01
   4.9300000e+00   6.4965449e-01
   4.9400000e+00   6.3101677e-01
   4.9500000e+00   5.8224322e-01
   4.9600000e+00   5.0506442e-01
   4.9700000e+00   4.0285361e-01
   4.9800000e+00   2.8044780e-01
   4.9900000e+00   1.4387430e-01
   5.0000000e+00   0.0000000e+00
   5.0100000e+00  -1.4387430e-01
   5.0200000e+00  -2.8044780e-01
   5.0300000e+00  -4.0285361e-01
   5.0400000e+00  -5.0506442e-01
   5.0500000e+00  -5.8224322e-01
   5.0600000e+00  -6.3101677e-01
   5.0700000e+00  -6.4965449e-01
   5.0800000e+00  -6.3814196e-01
   5.0900000e+00  -5.9814579e-01
   5.1000000e+00  -5.3287359e-01
   5.1100000e+00  -4.4684004e-01
   5.1200000e+00  -3.4555625e-01
   5.1300000e+00  -2.3516446e-01
   5.1400000e+00  -1.2204332e-01
   5.1500000e+00  -1.2410629e-02
   5.1600000e+00   8.8050151e-02
   5.1700000e+00   1.7451560e-01
   5.1800000e+00   2.4328003e-01
   5.1900000e+00   2.9193036e-01
   5.2000000e+00   3.1942927e-01
   5.2100000e+00   3.2610466e-01
   5.2200000e+00   3.1354970e-01
   5.2300000e+00   2.8444393e-01
   5.2400000e+00   2.4231113e-01
   5.2500000e+00   1.9123321e-01
   5.2600000e+00   1.3554194e-01
   5.2700000e+00   7.9511039e-02
   5.2800000e+00   2.7069849e-02
   5.2900000e+00  -1.8442233e-02
   5.3000000e+00  -5.4465431e-02
   5.3100000e+00  -7.9342870e-02
   5.3200000e+00  -9.2372211e-02
   5.3300000e+00  -9.3785888e-02
   5.3400000e+00  -8.4665336e-02
   5.3500000e+00  -6.6799195e-02
   5.3600000e+00  -4.2499061e-02
   5.3700000e+00  -1.4388792e-02
   5.3800000e+00   1.4815487e-02
   5.3900000e+00   4.2517779e-02
   5.4000000e+00   6.6431585e-02
   5.4100000e+00   8.4733402e-02
   5.4200000e+00   9.6170915e-02
   5.4300000e+00   1.0012047e-01
   5.4400000e+00   9.6592501e-02
   5.4500000e+00   8.6187801e-02
   5.4600000e+00   7.0010946e-02
   5.4700000e+00   4.9550340e-02
   5.4800000e+00   2.6536243e-02
   5.4900000e+00   2.7892500e-03
   5.5000000e+00  -1.9928291e-02
   5.5100000e+00  -4.0046448e-02
   5.5200000e+00  -5.6297773e-02
   5.5300000e+00  -6.7796110e-02
   5.5400000e+00  -7.4079880e-02
   5.5500000e+00  -7.5118704e-02
   5.5600000e+00  -7.1285216e-02
   5.5700000e+00  -6.3296608e-02
   5.5800000e+00  -5.2132623e-02
   5.5900000e+00  -3.8938195e-02
   5.6000000e+00  -2.4919647e-02
   5.6100000e+00  -1.1243371e-02
   5.6200000e+00   1.0549287e-03
   5.6300000e+00   1.1143678e-02
   5.6400000e+00   1.8446708e-02
   5.6500000e+00   2.2669660e-02
   5.6600000e+00   2.3801066e-02
   5.6700000e+00   2.2089801e-02
   5.6800000e+00   1.8002466e-02
   5.6900000e+00   1.2165746e-02
   5.7000000e+00   5.2996824e-03
   5.7100000e+00  -1.8517883e-03
   5.7200000e+00  -8.5868920e-03
   5.7300000e+00  -1.4303246e-02
   5.7400000e+00  -1.8541954e-02
   5.7500000e+00  -2.1015704e-02
   5.7600000e+00  -2.1619597e-02
   5.7700000e+00  -2.0425042e-02
   5.7800000e+00  -1.7658504e-02
   5.7900000e+00  -1.3668140e-02
   5.8000000e+00  -8.8821989e-03
   5.8100000e+00  -3.7635531e-03
   5.8200000e+00   1.2352353e-03
   5.8300000e+00   5.7122575e-03
   5.8400000e+00   9.3486542e-03
   5.8500000e+00   1.1930667e-02
   5.8600000e+00   1.3360066e-02
   5.8700000e+00   1.3652846e-02
   5.8800000e+00   1.2927175e-02
   5.8900000e+00   1.1382544e-02
   5.9000000e+00   9.2727558e-03
   5.9100000e+00   6.8758076e-03
   5.9200000e+00   4.4638344e-03
   5.9300000e+00   2.2760561e-03
   5.9400000e+00   4.9720920e-04
   5.9500000e+00  -7.5675149e-04
   5.9600000e+00  -1.4447172e-03
   5.9700000e+00  -1.5981635e-03
   5.9800000e+00  -1.3113077e-03
   5.9900000e+00  -7.2514839e-04
   6.0000000e+00  -7.3955743e-06
   6.0100000e+00   6.6938919e-04
   6.0200000e+00   1.1490458e-03
   6.0300000e+00   1.3102375e-03
   6.0400000e+00   1.0802013e-03
   6.0500000e+00   4.4253777e-04
   6.0600000e+00  -5.6158418e-04
   6.0700000e+00  -1.8387353e-03
   6.0800000e+00  -3.2543033e-03
   6.0900000e+00  -4.6480228e-03
   6.1000000e+00  -5.8522198e-03
   6.1100000e+00  -6.7107926e-03
   6.1200000e+00  -7.0969202e-03
   6.1300000e+00  -6.9276596e-03
   6.1400000e+00  -6.1739412e-03
   6.1500000e+00  -4.8649628e-03
   6.1600000e+00  -3.0865641e-03
   6.1700000e+00  -9.7377355e-04
   6.1800000e+00   1.3016989e-03
   6.1900000e+00   3.5477545e-03
   6.2000000e+00   5.5703518e-03
   6.2100000e+00   7.1922754e-03
   6.2200000e+00   8.2703836e-03
   6.2300000e+00   8.7096499e-03
   6.2400000e+00   8.4726413e-03
   6.2500000e+00   7.5835260e-03
   6.2600000e+00   6.1262368e-03
   6.2700000e+00   4.2369792e-03
   6.2800000e+00   2.0918098e-03
   6.2900000e+00  -1.0952397e-04
   6.3000000e+00  -2.1619515e-03
   6.3100000e+00  -3.8739242e-03
   6.3200000e+00  -5.0849806e-03
   6.3300000e+00  -5.6804077e-03
   6.3400000e+00  -5.6016609e-03
   6.3500000e+00  -4.8516140e-03
   6.3600000e+00  -3.4941941e-03
   6.3700000e+00  -1.6484840e-03
   6.3800000e+00   5.2212070e-04
   6.3900000e+00   2.8246651e-03
   6.4000000e+00   5.0539208e-03
   6.4100000e+00   7.0106125e-03
   6.4200000e+00   8.5189315e-03
   6.4300000e+00   9.4417723e-03
   6.4400000e+00   9.6923587e-03
   6.4500000e+00   9.2412746e-03
   6.4600000e+00   8.1183465e-03
   6.4700000e+00   6.4092986e-03
   6.4800000e+00   4.2475740e-03
   6.4900000e+00   1.8021399e-03
   6.5000000e+00  -7.3756007e-04
   6.5100000e+00  -3.1781132e-03
   6.5200000e+00  -5.3386135e-03
   6.5300000e+00  -7.0656519e-03
   6.5400000e+00  -8.2455335e-03
   6.5500000e+00  -8.8127201e-03
   6.5600000e+00  -8.7538538e-03
   6.5700000e+00  -8.1071353e-03
   6.5800000e+00  -6.9572499e-03
   6.5900000e+00  -5.4264261e-03
   6.6000000e+00  -3.6625432e-03
   6.6100000e+00  -1.8254364e-03
   6.6200000e+00  -7.2675814e-05
   6.6300000e+00   1.4539006e-03
   6.6400000e+00   2.6397307e-03
   6.6500000e+00   3.4061933e-03
   6.6600000e+00   3.7157306e-03
   6.6700000e+00   3.5731133e-03
   6.6800000e+00   3.0228875e-03
   6.6900000e+00   2.1433942e-03
   6.7000000e+00   1.0380445e-03
   6.7100000e+00  -1.7524158e-04
   6.7200000e+00  -1.3753928e-03
   6.7300000e+00  -2.4492711e-03
   6.7400000e+00  -3.3014826e-03
   6.7500000e+00  -3.8620732e-03
   6.7600000e+00  -4.0914996e-03
   6.7700000e+00  -3.9825460e-03
   6.7800000e+00  -3.5591551e-03
   6.7900000e+00  -2.8724332e-03
   6.8000000e+00  -1.9943417e-03
   6.8100000e+00  -1.0097858e-03
   6.8200000e+00  -7.9275213e-06
   6.8300000e+00   9.2641002e-04
   6.8400000e+00   1.7204312e-03
   6.8500000e+00   2.3194546e-03
   6.8600000e+00   2.6908928e-03
   6.8700000e+00   2.8258447e-03
   6.8800000e+00   2.7382684e-03
   6.8900000e+00   2.4619402e-03
   6.9000000e+00   2.0456161e-03
   6.9100000e+00   1.5469713e-03
   6.9200000e+00   1.0259924e-03
   6.9300000e+00   5.3852191e-04
   6.9400000e+00   1.3061303e-04
   6.9500000e+00  -1.6575992e-04
   6.9600000e+00  -3.3524532e-04
   6.9700000e+00  -3.7971940e-04
   6.9800000e+00  -3.1696591e-04
   6.9900000e+00  -1.7764323e-04
   7.0000000e+00  -9.2430813e-07
   7.0100000e+00   1.7067751e-04
   7.0200000e+00   2.9671166e-04
   7.0300000e+00   3.4382755e-04
   7.0400000e+00   2.8990252e-04
   7.0500000e+00   1.2682400e-04
   7.0600000e+00  -1.3836064e-04
   7.0700000e+00  -4.8403622e-04
   7.0800000e+00  -8.7627752e-04
   7.0900000e+00  -1.2725215e-03
   7.1000000e+00  -1.6262547e-03
   7.1100000e+00  -1.8922127e-03
   7.1200000e+00  -2.0315363e-03
   7.1300000e+00  -2.0163333e-03
   7.1400000e+00  -1.8331588e-03
   7.1500000e+00  -1.4850372e-03
   7.1600000e+00  -9.9179730e-04
   7.1700000e+00  -3.8866683e-04
   7.1800000e+00   2.7675271e-04
   7.1900000e+00   9.4884232e-04
   7.2000000e+00   1.5692302e-03
   7.2100000e+00   2.0824469e-03
   7.2200000e+00   2.4414112e-03
   7.2300000e+00   2.6122002e-03
   7.2400000e+00   2.5776225e-03
   7.2500000e+00   2.3392317e-03
   7.2600000e+00   1.9175624e-03
   7.2700000e+00   1.3505484e-03
   7.2800000e+00   6.9025425e-04
   7.2900000e+00  -1.7822990e-06
   7.3000000e+00  -6.6016484e-04
   7.3100000e+00  -1.2216852e-03
   7.3200000e+00  -1.6312333e-03
   7.3300000e+00  -1.8470116e-03
   7.3400000e+00  -1.8445617e-03
   7.3500000e+00  -1.6192184e-03
   7.3600000e+00  -1.1867574e-03
   7.3700000e+00  -5.8216823e-04
   7.3800000e+00   1.4333823e-04
   7.3900000e+00   9.2681523e-04
   7.4000000e+00   1.6991483e-03
   7.4100000e+00   2.3911956e-03
   7.4200000e+00   2.9399391e-03
   7.4300000e+00   3.2940875e-03
   7.4400000e+00   3.4186221e-03
   7.4500000e+00   3.2978812e-03
   7.4600000e+00   2.9369099e-03
   7.4700000e+00   2.3609672e-03
   7.4800000e+00   1.6132487e-03
   7.4900000e+00   7.5104464e-04
   7.5000000e+00  -1.5930391e-04
   7.5100000e+00  -1.0481872e-03
   7.5200000e+00  -1.8487201e-03
   7.5300000e+00  -2.5024076e-03
   7.5400000e+00  -2.9639836e-03
   7.5500000e+00  -3.2050035e-03
   7.5600000e+00  -3.2158933e-03
   7.5700000e+00  -3.0063037e-03
   7.5800000e+00  -2.6037704e-03
   7.5900000e+00  -2.0508392e-03
   7.6000000e+00  -1.4009476e-03
   7.6100000e+00  -7.1346169e-04
   7.6200000e+00  -4.8334097e-05
   7.6300000e+00   5.3912739e-04
   7.6400000e+00   1.0029143e-03
   7.6500000e+00   1.3099924e-03
   7.6600000e+00   1.4426966e-03
   7.6700000e+00   1.3996665e-03
   7.6800000e+00   1.1952888e-03
   7.6900000e+00   8.5774234e-04
   7.7000000e+00   4.2587536e-04
   7.7100000e+00  -5.4761940e-05
   7.7200000e+00  -5.3633397e-04
   7.7300000e+00  -9.7316381e-04
   7.7400000e+00  -1.3257936e-03
   7.7500000e+00  -1.5643005e-03
   7.7600000e+00  -1.6705886e-03
   7.7700000e+00  -1.6394846e-03
   7.7800000e+00  -1.4785825e-03
   7.7900000e+00  -1.2069038e-03
   7.8000000e+00  -8.5254781e-04
   7.8100000e+00  -4.4960050e-04
   7.8200000e+00  -3.4625269e-05
   7.8300000e+00   3.5690741e-04
   7.8400000e+00   6.9390571e-04
   7.8500000e+00   9.5235115e-04
   7.8600000e+00   1.1171655e-03
   7.8700000e+00   1.1831035e-03
   7.8800000e+00   1.1546260e-03
   7.8900000e+00   1.0448120e-03
   7.9000000e+00   8.7346087e-04
   7.9100000e+00   6.6461116e-04
   7.9200000e+00   4.4375563e-04
   7.9300000e+00   2.3505001e-04
   7.9400000e+00   5.8805834e-05
   7.9500000e+00  -7.0481820e-05
   7.9600000e+00  -1.4538392e-04
   7.9700000e+00  -1.6595696e-04
   7.9800000e+00  -1.3931466e-04
   7.9900000e+00  -7.8423552e-05
   8.0000000e+00  -2.7386147e-07
   8.0100000e+00   7.6359865e-05
   8.0200000e+00   1.3331497e-04
   8.0300000e+00   1.5532775e-04
   8.0400000e+00   1.3196114e-04
   8.0500000e+00   5.8963846e-05
   8.0600000e+00  -6.1085153e-05
   8.0700000e+00  -2.1891595e-04
   8.0800000e+00  -3.9947595e-04
   8.0900000e+00  -5.8351057e-04
   8.1000000e+00  -7.4964833e-04
   8.1100000e+00  -8.7676912e-04
   8.1200000e+00  -9.4640332e-04
   8.1300000e+00  -9.4490529e-04
   8.1400000e+00  -8.6516668e-04
   8.1500000e+00  -7.0768100e-04
   8.1600000e+00  -4.8083645e-04
   8.1700000e+00  -2.0039256e-04
   8.1800000e+00   1.1182070e-04
   8.1900000e+00   4.2986290e-04
   8.2000000e+00   7.2611532e-04
   8.2100000e+00   9.7394862e-04
   8.2200000e+00   1.1503627e-03
   8.2300000e+00   1.2383348e-03
   8.2400000e+00   1.2286382e-03
   8.2500000e+00   1.1209417e-03
   8.2600000e+00   9.2407180e-04
   8.2700000e+00   6.5539581e-04
   8.2800000e+00   3.3937286e-04
   8.2900000e+00   5.3996363e-06
   8.3000000e+00  -3.1485302e-04
   8.3100000e+00  -5.9036514e-04
   8.3200000e+00  -7.9367957e-04
   8.3300000e+00  -9.0352488e-04
   8.3400000e+00  -9.0689877e-04
   8.3500000e+00  -8.0041053e-04
   8.3600000e+00  -5.9074990e-04
   8.3700000e+00  -2.9423117e-04
   8.3800000e+00   6.4552321e-05
   8.3900000e+00   4.5484462e-04
   8.4000000e+00   8.4242364e-04
   8.4100000e+00   1.1926324e-03
   8.4200000e+00   1.4734684e-03
   8.4300000e+00   1.6584485e-03
   8.4400000e+00   1.7289881e-03
   8.4500000e+00   1.6760785e-03
   8.4600000e+00   1.5011103e-03
   8.4700000e+00   1.2157707e-03
   8.4800000e+00   8.4102692e-04
   8.4900000e+00   4.0529260e-04
   8.5000000e+00  -5.8054451e-05
   8.5100000e+00  -5.1357393e-04
   8.5200000e+00  -9.2682071e-04
   8.5300000e+00  -1.2672827e-03
   8.5400000e+00  -1.5109369e-03
   8.5500000e+00  -1.6422000e-03
   8.5600000e+00  -1.6551063e-03
   8.5700000e+00  -1.5536210e-03
   8.5800000e+00  -1.3510735e-03
   8.5900000e+00  -1.0687784e-03
   8.6000000e+00  -7.3398289e-04
   8.6100000e+00  -3.7733852e-04
   8.6200000e+00  -3.0135589e-05
   8.6300000e+00   2.7844649e-04
   8.6400000e+00   5.2382467e-04
   8.6500000e+00   6.8801604e-04
   8.6600000e+00   7.6099107e-04
   8.6700000e+00   7.4127138e-04
   8.6800000e+00   6.3573907e-04
   8.6900000e+00   4.5869812e-04
   8.7000000e+00   2.3029631e-04
   8.7100000e+00  -2.5527899e-05
   8.7200000e+00  -2.8336923e-04
   8.7300000e+00  -5.1872729e-04
   8.7400000e+00  -7.1020473e-04
   8.7500000e+00  -8.4133393e-04
   8.7600000e+00  -9.0187499e-04
   8.7700000e+00  -8.8848276e-04
   8.7800000e+00  -8.0470341e-04
   8.7900000e+00  -6.6032599e-04
   8.8000000e+00  -4.7017519e-04
   8.8100000e+00  -2.5248162e-04
   8.8200000e+00  -2.7002452e-05
   8.8300000e+00   1.8691713e-04
   8.8400000e+00   3.7215162e-04
   8.8500000e+00   5.1530149e-04
   8.8600000e+00   6.0776298e-04
   8.8700000e+00   6.4627383e-04
   8.8800000e+00   6.3290226e-04
   8.8900000e+00   5.7450310e-04
   8.9000000e+00   4.8171751e-04
   8.9100000e+00   3.6763601e-04
   8.9200000e+00   2.4627497e-04
   8.9300000e+00   1.3103085e-04
   8.9400000e+00   3.3273818e-05
   8.9500000e+00  -3.8776641e-05
   8.9600000e+00  -8.0784752e-05
   8.9700000e+00  -9.2574323e-05
   8.9800000e+00  -7.7931118e-05
   8.9900000e+00  -4.3965589e-05
   9.0000000e+00  -1.1553418e-07
   9.0100000e+00   4.3095005e-05
   9.0200000e+00   7.5400226e-05
   9.0300000e+00   8.8090926e-05
   9.0400000e+00   7.5123804e-05
   9.0500000e+00   3.3920238e-05
   9.0600000e+00  -3.4233008e-05
   9.0700000e+00  -1.2422575e-04
   9.0800000e+00  -2.2760631e-04
   9.0900000e+00  -3.3345378e-04
   9.1000000e+00  -4.2954923e-04
   9.1100000e+00  -5.0372250e-04
   9.1200000e+00  -5.4523155e-04
   9.1300000e+00  -5.4602708e-04
   9.1400000e+00  -5.0176524e-04
   9.1500000e+00  -4.1245657e-04
   9.1600000e+00  -2.8267534e-04
   9.1700000e+00  -1.2129804e-04
   9.1800000e+00   5.9212232e-05
   9.1900000e+00   2.4391204e-04
   9.2000000e+00   4.1677045e-04
   9.2100000e+00   5.6221381e-04
   9.2200000e+00   6.6667024e-04
   9.2300000e+00   7.1995969e-04
   9.2400000e+00   7.1638801e-04
   9.2500000e+00   6.5543099e-04
   9.2600000e+00   5.4193285e-04
   9.2700000e+00   3.8579035e-04
   9.2800000e+00   2.0114350e-04
   9.2900000e+00   5.1419757e-06
   9.3000000e+00  -1.8360127e-04
   9.3100000e+00  -3.4672661e-04
   9.3200000e+00  -4.6785346e-04
   9.3300000e+00  -5.3415165e-04
   9.3400000e+00  -5.3760765e-04
   9.3500000e+00  -4.7586248e-04
   9.3600000e+00  -3.5253756e-04
   9.3700000e+00  -1.7701213e-04
   9.3800000e+00   3.6332578e-05
   9.3900000e+00   2.6933735e-04
   9.4000000e+00   5.0164792e-04
   9.4100000e+00   7.1251347e-04
   9.4200000e+00   8.8263690e-04
   9.4300000e+00   9.9590757e-04
   9.4400000e+00   1.0408578e-03
   9.4500000e+00   1.0117095e-03
   9.4600000e+00   9.0891600e-04
   9.4700000e+00   7.3914828e-04
   9.4800000e+00   5.1472919e-04
   9.4900000e+00   2.5256674e-04
   9.5000000e+00  -2.7314881e-05
   9.5100000e+00  -3.0351261e-04
   9.5200000e+00  -5.5509206e-04
   9.5300000e+00  -7.6337863e-04
   9.5400000e+00  -9.1353175e-04
   9.5500000e+00  -9.9576339e-04
   9.5600000e+00  -1.0060956e-03
   9.5700000e+00  -9.4659508e-04
   9.5800000e+00  -8.2507149e-04
   9.5900000e+00  -6.5427452e-04
   9.6000000e+00  -4.5067074e-04
   9.6100000e+00  -2.3291777e-04
   9.6200000e+00  -2.0178931e-05
   9.6300000e+00   1.6956623e-04
   9.6400000e+00   3.2106291e-04
   9.6500000e+00   4.2303743e-04
   9.6600000e+00   4.6906201e-04
   9.6700000e+00   4.5795910e-04
   9.6800000e+00   3.9372049e-04
   9.6900000e+00   2.8496179e-04
   9.7000000e+00   1.4397514e-04
   9.7100000e+00  -1.4521034e-05
   9.7200000e+00  -1.7481113e-04
   9.7300000e+00  -3.2165275e-04
   9.7400000e+00  -4.4165072e-04
   9.7500000e+00  -5.2441016e-04
   9.7600000e+00  -5.6336814e-04
   9.7700000e+00  -5.5623704e-04
   9.7800000e+00  -5.0503126e-04
   9.7900000e+00  -4.1568964e-04
   9.8000000e+00  -2.9734386e-04
   9.8100000e+00  -1.6131564e-04
   9.8200000e+00  -1.9949029e-05
   9.8300000e+00   1.1460365e-04
   9.8400000e+00   2.3152261e-04
   9.8500000e+00   3.2227996e-04
   9.8600000e+00   3.8133045e-04
   9.8700000e+00   4.0647594e-04
   9.8800000e+00   3.9887999e-04
   9.8900000e+00   3.6274491e-04
   9.9000000e+00   3.0469655e-04
   9.9100000e+00   2.3295080e-04
   9.9200000e+00   1.5635519e-04
   9.9300000e+00   8.3409348e-05
   9.9400000e+00   2.1366998e-05
   9.9500000e+00  -2.4488698e-05
   9.9600000e+00  -5.1325213e-05
   9.9700000e+00  -5.8952034e-05
   9.9800000e+00  -4.9710531e-05
   9.9900000e+00  -2.8081503e-05
   1.0000000e+01  -1.4847521e-05
