0 	 1.43963e-10
0.01 	 -1.42529e-10
0.02 	 1.41116e-10
0.03 	 -1.39725e-10
0.04 	 1.38353e-10
0.05 	 -1.37002e-10
0.06 	 1.3567e-10
0.07 	 -1.34357e-10
0.08 	 1.33064e-10
0.09 	 -1.31789e-10
0.1 	 1.30531e-10
0.11 	 -1.29292e-10
0.12 	 1.2807e-10
0.13 	 -1.26866e-10
0.14 	 1.25678e-10
0.15 	 -1.24506e-10
0.16 	 1.23351e-10
0.17 	 -1.22212e-10
0.18 	 1.21088e-10
0.19 	 -1.1998e-10
0.2 	 1.18887e-10
0.21 	 -1.17808e-10
0.22 	 1.16744e-10
0.23 	 -1.15694e-10
0.24 	 1.14658e-10
0.25 	 -1.13636e-10
0.26 	 1.12628e-10
0.27 	 -1.11633e-10
0.28 	 1.1065e-10
0.29 	 -1.09681e-10
0.3 	 1.08724e-10
0.31 	 -1.07779e-10
0.32 	 1.06847e-10
0.33 	 -1.05927e-10
0.34 	 1.05018e-10
0.35 	 -1.04121e-10
0.36 	 1.03235e-10
0.37 	 -1.0236e-10
0.38 	 1.01496e-10
0.39 	 -1.00643e-10
0.4 	 9.98011e-11
0.41 	 -9.89692e-11
0.42 	 9.81475e-11
0.43 	 -9.73359e-11
0.44 	 9.65342e-11
0.45 	 -9.57422e-11
0.46 	 9.49599e-11
0.47 	 -9.4187e-11
0.48 	 9.34233e-11
0.49 	 -9.26688e-11
0.5 	 9.19233e-11
0.51 	 -9.11866e-11
0.52 	 9.04587e-11
0.53 	 -8.97393e-11
0.54 	 8.90283e-11
0.55 	 -8.83256e-11
0.56 	 8.76311e-11
0.57 	 -8.69446e-11
0.58 	 8.6266e-11
0.59 	 -8.55953e-11
0.6 	 8.49321e-11
0.61 	 -8.42766e-11
0.62 	 8.36284e-11
0.63 	 -8.29876e-11
0.64 	 8.2354e-11
0.65 	 -8.17275e-11
0.66 	 8.1108e-11
0.67 	 -8.04953e-11
0.68 	 7.98895e-11
0.69 	 -7.92903e-11
0.7 	 7.86977e-11
0.71 	 -7.81116e-11
0.72 	 7.75318e-11
0.73 	 -7.69584e-11
0.74 	 7.63911e-11
0.75 	 -7.58299e-11
0.76 	 7.52748e-11
0.77 	 -7.47255e-11
0.78 	 7.41821e-11
0.79 	 -7.36445e-11
0.8 	 7.31125e-11
0.81 	 -7.25861e-11
0.82 	 7.20652e-11
0.83 	 -7.15497e-11
0.84 	 7.10396e-11
0.85 	 -7.05348e-11
0.86 	 7.00351e-11
0.87 	 -6.95405e-11
0.88 	 6.9051e-11
0.89 	 -6.85664e-11
0.9 	 6.80868e-11
0.91 	 -6.7612e-11
0.92 	 6.71419e-11
0.93 	 -6.66765e-11
0.94 	 6.62157e-11
0.95 	 -6.57595e-11
0.96 	 6.53078e-11
0.97 	 -6.48605e-11
0.98 	 6.44176e-11
0.99 	 -6.3979e-11
1 	 6.35446e-11
1.01 	 -6.31144e-11
1.02 	 6.26883e-11
1.03 	 -6.22662e-11
1.04 	 6.18482e-11
1.05 	 -6.14341e-11
1.06 	 6.10239e-11
1.07 	 -6.06175e-11
1.08 	 6.02149e-11
1.09 	 -5.9816e-11
1.1 	 5.94208e-11
1.11 	 -5.90291e-11
1.12 	 5.86411e-11
1.13 	 -5.82565e-11
1.14 	 5.78754e-11
1.15 	 -5.74977e-11
1.16 	 5.71233e-11
1.17 	 -5.67522e-11
1.18 	 5.63843e-11
1.19 	 -5.60197e-11
1.2 	 5.56582e-11
1.21 	 -5.52997e-11
1.22 	 5.49444e-11
1.23 	 -5.4592e-11
1.24 	 5.42425e-11
1.25 	 -5.38959e-11
1.26 	 5.35522e-11
1.27 	 -5.32113e-11
1.28 	 5.28731e-11
1.29 	 -5.25376e-11
1.3 	 5.22046e-11
1.31 	 -5.18744e-11
1.32 	 5.15466e-11
1.33 	 -5.12213e-11
1.34 	 5.08985e-11
1.35 	 -5.0578e-11
1.36 	 5.02598e-11
1.37 	 -4.9944e-11
1.38 	 4.96303e-11
1.39 	 -4.93187e-11
1.4 	 4.90093e-11
1.41 	 -4.87019e-11
1.42 	 4.83964e-11
1.43 	 -4.80929e-11
1.44 	 4.77912e-11
1.45 	 -4.74913e-11
1.46 	 4.7193e-11
1.47 	 -4.68964e-11
1.48 	 4.66013e-11
1.49 	 -4.63078e-11
1.5 	 4.60155e-11
1.51 	 -4.57246e-11
1.52 	 4.54349e-11
1.53 	 -4.51462e-11
1.54 	 4.48586e-11
1.55 	 -4.45718e-11
1.56 	 4.42858e-11
1.57 	 -4.40004e-11
1.58 	 4.37155e-11
1.59 	 -4.34308e-11
1.6 	 4.31464e-11
1.61 	 -4.28619e-11
1.62 	 4.25773e-11
1.63 	 -4.22921e-11
1.64 	 4.20064e-11
1.65 	 -4.17197e-11
1.66 	 4.14318e-11
1.67 	 -4.11423e-11
1.68 	 4.0851e-11
1.69 	 -4.05573e-11
1.7 	 4.0261e-11
1.71 	 -3.99613e-11
1.72 	 3.96578e-11
1.73 	 -3.93499e-11
1.74 	 3.90368e-11
1.75 	 -3.87175e-11
1.76 	 3.83912e-11
1.77 	 -3.80566e-11
1.78 	 3.77125e-11
1.79 	 -3.73574e-11
1.8 	 3.69894e-11
1.81 	 -3.66066e-11
1.82 	 3.62066e-11
1.83 	 -3.5787e-11
1.84 	 3.5345e-11
1.85 	 -3.48786e-11
1.86 	 3.43867e-11
1.87 	 -3.38728e-11
1.88 	 3.33512e-11
1.89 	 -3.28669e-11
1.9 	 3.25562e-11
1.91 	 -3.28775e-11
1.92 	 3.57838e-11
1.93 	 -5.55579e-11
1.94 	 -5.01257e-08
1.95 	 -1.50243e-07
1.96 	 -3.50559e-07
1.97 	 -8.01034e-07
1.98 	 -1.4514e-06
1.99 	 -2.40202e-06
2 	 -3.55214e-06
2.01 	 -4.75216e-06
2.02 	 -5.75135e-06
2.03 	 -6.09974e-06
2.04 	 -5.19676e-06
2.05 	 -2.39289e-06
2.06 	 2.76178e-06
2.07 	 1.06169e-05
2.08 	 2.1322e-05
2.09 	 3.47268e-05
2.1 	 5.06816e-05
2.11 	 6.89357e-05
2.12 	 8.92398e-05
2.13 	 0.000111143
2.14 	 0.000134446
2.15 	 0.000158699
2.16 	 0.000183801
2.17 	 0.000209903
2.18 	 0.000237304
2.19 	 0.000266505
2.2 	 0.000298254
2.21 	 0.000333002
2.22 	 0.000370898
2.23 	 0.000411592
2.24 	 0.000454335
2.25 	 0.000497926
2.26 	 0.000541265
2.27 	 0.000583153
2.28 	 0.000622792
2.29 	 0.00065968
2.3 	 0.00069367
2.31 	 0.000724961
2.32 	 0.000754305
2.33 	 0.000782901
2.34 	 0.000812049
2.35 	 0.000842999
2.36 	 0.0008768
2.37 	 0.000913652
2.38 	 0.000953254
2.39 	 0.000994407
2.4 	 0.00103556
2.41 	 0.00107486
2.42 	 0.00111072
2.43 	 0.00114192
2.44 	 0.00116788
2.45 	 0.00118899
2.46 	 0.00120635
2.47 	 0.00122181
2.48 	 0.00123797
2.49 	 0.00125729
2.5 	 0.001282
2.51 	 0.00131361
2.52 	 0.00135291
2.53 	 0.00139967
2.54 	 0.00145297
2.55 	 0.00151138
2.56 	 0.00157283
2.57 	 0.00163503
2.58 	 0.00169553
2.59 	 0.00175197
2.6 	 0.00180216
2.61 	 0.0018448
2.62 	 0.00187918
2.63 	 0.00190565
2.64 	 0.00192532
2.65 	 0.00193965
2.66 	 0.00195052
2.67 	 0.00195964
2.68 	 0.00196872
2.69 	 0.00197931
2.7 	 0.00199245
2.71 	 0.00200925
2.72 	 0.0020299
2.73 	 0.0020542
2.74 	 0.00208112
2.75 	 0.00210898
2.76 	 0.0021355
2.77 	 0.00215837
2.78 	 0.00217539
2.79 	 0.00218472
2.8 	 0.00218499
2.81 	 0.00217545
2.82 	 0.00215592
2.83 	 0.00212683
2.84 	 0.00208903
2.85 	 0.00204408
2.86 	 0.00199413
2.87 	 0.00194207
2.88 	 0.00189157
2.89 	 0.00184657
2.9 	 0.00181078
2.91 	 0.00178704
2.92 	 0.00177685
2.93 	 0.00178031
2.94 	 0.00179622
2.95 	 0.00182228
2.96 	 0.00185584
2.97 	 0.00189359
2.98 	 0.00193189
2.99 	 0.00196719
3 	 0.00199589
3.01 	 0.00201483
3.02 	 0.00202207
3.03 	 0.00201685
3.04 	 0.00199982
3.05 	 0.00197264
3.06 	 0.00193756
3.07 	 0.00189646
3.08 	 0.00185107
3.09 	 0.00180253
3.1 	 0.0017519
3.11 	 0.00170037
3.12 	 0.00164986
3.13 	 0.00160251
3.14 	 0.00156057
3.15 	 0.00152574
3.16 	 0.00149873
3.17 	 0.00147856
3.18 	 0.00146285
3.19 	 0.00144819
3.2 	 0.00143008
3.21 	 0.00140421
3.22 	 0.00136718
3.23 	 0.00131686
3.24 	 0.00125319
3.25 	 0.00117816
3.26 	 0.00109589
3.27 	 0.00101177
3.28 	 0.000932397
3.29 	 0.000864367
3.3 	 0.000813479
3.31 	 0.000783631
3.32 	 0.000776575
3.33 	 0.000790912
3.34 	 0.000822944
3.35 	 0.000867575
3.36 	 0.00091951
3.37 	 0.000974751
3.38 	 0.00103155
3.39 	 0.00109045
3.4 	 0.00115356
3.41 	 0.00122387
3.42 	 0.00130377
3.43 	 0.0013944
3.44 	 0.00149498
3.45 	 0.00160249
3.46 	 0.00171184
3.47 	 0.00181643
3.48 	 0.00190907
3.49 	 0.00198311
3.5 	 0.0020336
3.51 	 0.00205851
3.52 	 0.00205952
3.53 	 0.00204195
3.54 	 0.00201434
3.55 	 0.00198684
3.56 	 0.00196985
3.57 	 0.00197232
3.58 	 0.00200061
3.59 	 0.0020577
3.6 	 0.00214241
3.61 	 0.00224947
3.62 	 0.00236988
3.63 	 0.0024922
3.64 	 0.00260391
3.65 	 0.00269406
3.66 	 0.00275456
3.67 	 0.00278169
3.68 	 0.00277621
3.69 	 0.00274271
3.7 	 0.0026886
3.71 	 0.00262258
3.72 	 0.00255399
3.73 	 0.00249215
3.74 	 0.00244635
3.75 	 0.00242526
3.76 	 0.00243622
3.77 	 0.00248399
3.78 	 0.00256923
3.79 	 0.00268813
3.8 	 0.00283203
3.81 	 0.00298899
3.82 	 0.00314534
3.83 	 0.00328793
3.84 	 0.00340562
3.85 	 0.00349075
3.86 	 0.00353927
3.87 	 0.00355099
3.88 	 0.00352856
3.89 	 0.00347784
3.9 	 0.00340742
3.91 	 0.00332836
3.92 	 0.0032537
3.93 	 0.00319676
3.94 	 0.00316942
3.95 	 0.00317994
3.96 	 0.00323107
3.97 	 0.00331977
3.98 	 0.00343727
3.99 	 0.00357108
4 	 0.00370684
4.01 	 0.00383074
4.02 	 0.00393088
4.03 	 0.00399841
4.04 	 0.00402752
4.05 	 0.00401627
4.06 	 0.00396645
4.07 	 0.00388431
4.08 	 0.00378012
4.09 	 0.00366712
4.1 	 0.00356042
4.11 	 0.00347453
4.12 	 0.00342174
4.13 	 0.00341036
4.14 	 0.0034437
4.15 	 0.0035201
4.16 	 0.00363271
4.17 	 0.00377072
4.18 	 0.00392024
4.19 	 0.0040664
4.2 	 0.00419537
4.21 	 0.00429644
4.22 	 0.00436357
4.23 	 0.00439624
4.24 	 0.00439862
4.25 	 0.00437823
4.26 	 0.00434419
4.27 	 0.00430518
4.28 	 0.00426906
4.29 	 0.00424168
4.3 	 0.00422709
4.31 	 0.00422764
4.32 	 0.00424325
4.33 	 0.00427127
4.34 	 0.00430636
4.35 	 0.0043408
4.36 	 0.00436635
4.37 	 0.0043757
4.38 	 0.00436495
4.39 	 0.00433385
4.4 	 0.00428555
4.41 	 0.00422425
4.42 	 0.00415339
4.43 	 0.00407333
4.44 	 0.00398187
4.45 	 0.0038752
4.46 	 0.00374998
4.47 	 0.00360556
4.48 	 0.00344495
4.49 	 0.0032743
4.5 	 0.00310242
4.51 	 0.00293841
4.52 	 0.00279082
4.53 	 0.00266594
4.54 	 0.00256788
4.55 	 0.00249782
4.56 	 0.00245439
4.57 	 0.00243325
4.58 	 0.00242799
4.59 	 0.00243018
4.6 	 0.00243086
4.61 	 0.00242128
4.62 	 0.0023942
4.63 	 0.002345
4.64 	 0.0022721
4.65 	 0.00217732
4.66 	 0.00206568
4.67 	 0.00194456
4.68 	 0.00182312
4.69 	 0.00171082
4.7 	 0.00161657
4.71 	 0.00154819
4.72 	 0.00151203
4.73 	 0.00151291
4.74 	 0.00155377
4.75 	 0.0016347
4.76 	 0.00175249
4.77 	 0.00189899
4.78 	 0.00206137
4.79 	 0.00222329
4.8 	 0.00236634
4.81 	 0.00247282
4.82 	 0.00252753
4.83 	 0.00251924
4.84 	 0.00244189
4.85 	 0.00229524
4.86 	 0.00208519
4.87 	 0.00182399
4.88 	 0.00152899
4.89 	 0.00122099
4.9 	 0.000921044
4.91 	 0.000647051
4.92 	 0.000411722
4.93 	 0.000220366
4.94 	 7.15398e-05
4.95 	 -4.19047e-05
4.96 	 -0.000131119
4.97 	 -0.00020926
4.98 	 -0.000290188
4.99 	 -0.000387415
5 	 -0.000512799
5.01 	 -0.0006754
5.02 	 -0.000880273
5.03 	 -0.00112722
5.04 	 -0.00141048
5.05 	 -0.00171896
5.06 	 -0.0020375
5.07 	 -0.00234914
5.08 	 -0.00263688
5.09 	 -0.00288602
5.1 	 -0.00308517
5.11 	 -0.00322737
5.12 	 -0.00330998
5.13 	 -0.00333499
5.14 	 -0.00330866
5.15 	 -0.00324143
5.16 	 -0.00314695
5.17 	 -0.00304137
5.18 	 -0.00294165
5.19 	 -0.00286343
5.2 	 -0.00281858
5.21 	 -0.00281304
5.22 	 -0.00284567
5.23 	 -0.0029087
5.24 	 -0.00298908
5.25 	 -0.00307121
5.26 	 -0.00313932
5.27 	 -0.00317962
5.28 	 -0.00318099
5.29 	 -0.00313628
5.3 	 -0.00304251
5.31 	 -0.00290137
5.32 	 -0.00271902
5.33 	 -0.00250576
5.34 	 -0.00227424
5.35 	 -0.00203761
5.36 	 -0.00180716
5.37 	 -0.0015906
5.38 	 -0.00139059
5.39 	 -0.00120529
5.4 	 -0.00102864
5.41 	 -0.000852171
5.42 	 -0.000666621
5.43 	 -0.000463151
5.44 	 -0.00023481
5.45 	 2.25534e-05
5.46 	 0.000309243
5.47 	 0.000621613
5.48 	 0.000951919
5.49 	 0.00128982
5.5 	 0.00162376
5.51 	 0.00194334
5.52 	 0.00224057
5.53 	 0.00251104
5.54 	 0.00275371
5.55 	 0.00297008
5.56 	 0.00316286
5.57 	 0.00333549
5.58 	 0.00349074
5.59 	 0.00363095
5.6 	 0.00375739
5.61 	 0.00387004
5.62 	 0.00396752
5.63 	 0.00404682
5.64 	 0.00410335
5.65 	 0.00413189
5.66 	 0.0041271
5.67 	 0.00408558
5.68 	 0.00400684
5.69 	 0.00389421
5.7 	 0.00375384
5.71 	 0.00359369
5.72 	 0.00342079
5.73 	 0.00324007
5.74 	 0.00305294
5.75 	 0.00285779
5.76 	 0.00265121
5.77 	 0.00242935
5.78 	 0.00218986
5.79 	 0.00193227
5.8 	 0.00165856
5.81 	 0.00137276
5.82 	 0.00108
5.83 	 0.000786344
5.84 	 0.000498475
5.85 	 0.00022299
5.86 	 -3.3763e-05
5.87 	 -0.000266081
5.88 	 -0.000469505
5.89 	 -0.000641473
5.9 	 -0.000781223
5.91 	 -0.000890247
5.92 	 -0.000971391
5.93 	 -0.00102791
5.94 	 -0.00106225
5.95 	 -0.00107528
5.96 	 -0.00106672
5.97 	 -0.001036
5.98 	 -0.000984254
5.99 	 -0.000915023
6 	 -0.000834156
6.01 	 -0.000749149
6.02 	 -0.000666996
6.03 	 -0.000592243
6.04 	 -0.000525738
6.05 	 -0.000464232
6.06 	 -0.000400778
6.07 	 -0.00032643
6.08 	 -0.000232641
6.09 	 -0.000112866
6.1 	 3.54917e-05
6.11 	 0.000210328
6.12 	 0.000404394
6.13 	 0.000605993
6.14 	 0.000800331
6.15 	 0.000971566
6.16 	 0.00110566
6.17 	 0.00119221
6.18 	 0.00122642
6.19 	 0.00120959
6.2 	 0.00114843
6.21 	 0.00105368
6.22 	 0.000938535
6.23 	 0.000816507
6.24 	 0.000698742
6.25 	 0.000592741
6.26 	 0.000500555
6.27 	 0.000418839
6.28 	 0.000339742
6.29 	 0.000252668
6.3 	 0.000146814
6.31 	 1.25257e-05
6.32 	 -0.000157004
6.33 	 -0.000365733
6.34 	 -0.000614069
6.35 	 -0.000899669
6.36 	 -0.00121734
6.37 	 -0.00156037
6.38 	 -0.00192093
6.39 	 -0.00229167
6.4 	 -0.00266657
6.41 	 -0.00304199
6.42 	 -0.00341698
6.43 	 -0.00379258
6.44 	 -0.00417094
6.45 	 -0.00455465
6.46 	 -0.00494542
6.47 	 -0.00534444
6.48 	 -0.00575165
6.49 	 -0.00616581
6.5 	 -0.00658355
6.51 	 -0.00699898
6.52 	 -0.00740318
6.53 	 -0.00778535
6.54 	 -0.00813405
6.55 	 -0.00843966
6.56 	 -0.00869556
6.57 	 -0.00889965
6.58 	 -0.00905372
6.59 	 -0.00916284
6.6 	 -0.00923412
6.61 	 -0.0092765
6.62 	 -0.0093
6.63 	 -0.00931591
6.64 	 -0.0093359
6.65 	 -0.00937031
6.66 	 -0.00942666
6.67 	 -0.00950724
6.68 	 -0.0096084
6.69 	 -0.00972139
6.7 	 -0.00983345
6.71 	 -0.00993083
6.72 	 -0.0100006
6.73 	 -0.0100325
6.74 	 -0.0100198
6.75 	 -0.00995959
6.76 	 -0.00985269
6.77 	 -0.00970379
6.78 	 -0.00952096
6.79 	 -0.00931532
6.8 	 -0.00909951
6.81 	 -0.00888578
6.82 	 -0.00868401
6.83 	 -0.00850053
6.84 	 -0.00833752
6.85 	 -0.00819401
6.86 	 -0.00806689
6.87 	 -0.00795232
6.88 	 -0.00784641
6.89 	 -0.00774606
6.9 	 -0.00764902
6.91 	 -0.00755409
6.92 	 -0.00746157
6.93 	 -0.00737281
6.94 	 -0.0072901
6.95 	 -0.00721599
6.96 	 -0.00715248
6.97 	 -0.00710027
6.98 	 -0.00705877
6.99 	 -0.00702649
7 	 -0.00700212
7.01 	 -0.00698471
7.02 	 -0.00697437
7.03 	 -0.00697168
7.04 	 -0.00697725
7.05 	 -0.00699161
7.06 	 -0.00701486
7.07 	 -0.00704689
7.08 	 -0.00708787
7.09 	 -0.00713779
7.1 	 -0.00719641
7.11 	 -0.00726261
7.12 	 -0.00733381
7.13 	 -0.00740594
7.14 	 -0.00747461
7.15 	 -0.00753547
7.16 	 -0.00758525
7.17 	 -0.00762157
7.18 	 -0.00764171
7.19 	 -0.00764159
7.2 	 -0.00761531
7.21 	 -0.00755566
7.22 	 -0.00745567
7.23 	 -0.00731149
7.24 	 -0.00712402
7.25 	 -0.00689957
7.26 	 -0.00664916
7.27 	 -0.00638653
7.28 	 -0.00612514
7.29 	 -0.00587679
7.3 	 -0.00564998
7.31 	 -0.00544994
7.32 	 -0.00527878
7.33 	 -0.00513589
7.34 	 -0.00501797
7.35 	 -0.00491921
7.36 	 -0.00483156
7.37 	 -0.00474567
7.38 	 -0.00465222
7.39 	 -0.00454446
7.4 	 -0.00441972
7.41 	 -0.0042807
7.42 	 -0.00413515
7.43 	 -0.00399516
7.44 	 -0.00387478
7.45 	 -0.00378893
7.46 	 -0.0037517
7.47 	 -0.0037761
7.48 	 -0.00387385
7.49 	 -0.00405485
7.5 	 -0.00432686
7.51 	 -0.00469466
7.52 	 -0.00515887
7.53 	 -0.00571529
7.54 	 -0.00635455
7.55 	 -0.00706265
7.56 	 -0.00782249
7.57 	 -0.00861527
7.58 	 -0.00942199
7.59 	 -0.0102252
7.6 	 -0.0110097
7.61 	 -0.0117638
7.62 	 -0.0124802
7.63 	 -0.0131566
7.64 	 -0.013796
7.65 	 -0.0144063
7.66 	 -0.0149982
7.67 	 -0.0155832
7.68 	 -0.0161709
7.69 	 -0.0167665
7.7 	 -0.0173701
7.71 	 -0.0179766
7.72 	 -0.0185771
7.73 	 -0.0191601
7.74 	 -0.0197136
7.75 	 -0.0202262
7.76 	 -0.0206883
7.77 	 -0.0210922
7.78 	 -0.0214324
7.79 	 -0.0217059
7.8 	 -0.0219123
7.81 	 -0.0220537
7.82 	 -0.022134
7.83 	 -0.0221592
7.84 	 -0.0221364
7.85 	 -0.0220741
7.86 	 -0.021982
7.87 	 -0.0218714
7.88 	 -0.0217554
7.89 	 -0.0216481
7.9 	 -0.0215648
7.91 	 -0.0215211
7.92 	 -0.021531
7.93 	 -0.021606
7.94 	 -0.0217543
7.95 	 -0.0219794
7.96 	 -0.0222809
7.97 	 -0.0226545
7.98 	 -0.0230933
7.99 	 -0.0235886
8 	 -0.0241314
8.01 	 -0.0247131
8.02 	 -0.0253259
8.03 	 -0.0259638
8.04 	 -0.026622
8.05 	 -0.0272974
8.06 	 -0.0279895
8.07 	 -0.0287009
8.08 	 -0.0294382
8.09 	 -0.030212
8.1 	 -0.0310353
8.11 	 -0.0319216
8.12 	 -0.0328819
8.13 	 -0.0339237
8.14 	 -0.0350488
8.15 	 -0.0362535
8.16 	 -0.0375292
8.17 	 -0.0388633
8.18 	 -0.0402402
8.19 	 -0.0416426
8.2 	 -0.0430517
8.21 	 -0.0444495
8.22 	 -0.04582
8.23 	 -0.0471513
8.24 	 -0.0484377
8.25 	 -0.0496795
8.26 	 -0.0508829
8.27 	 -0.0520575
8.28 	 -0.0532135
8.29 	 -0.0543596
8.3 	 -0.055502
8.31 	 -0.0566438
8.32 	 -0.057787
8.33 	 -0.0589336
8.34 	 -0.0600868
8.35 	 -0.0612512
8.36 	 -0.0624316
8.37 	 -0.0636311
8.38 	 -0.0648494
8.39 	 -0.0660803
8.4 	 -0.0673109
8.41 	 -0.0685217
8.42 	 -0.0696873
8.43 	 -0.0707788
8.44 	 -0.0717652
8.45 	 -0.0726172
8.46 	 -0.0733082
8.47 	 -0.0738177
8.48 	 -0.0741323
8.49 	 -0.0742477
8.5 	 -0.0741679
8.51 	 -0.0739062
8.52 	 -0.0734829
8.53 	 -0.0729239
8.54 	 -0.0722583
8.55 	 -0.071514
8.56 	 -0.0707153
8.57 	 -0.0698795
8.58 	 -0.0690155
8.59 	 -0.0681245
8.6 	 -0.0672017
8.61 	 -0.0662384
8.62 	 -0.0652255
8.63 	 -0.0641558
8.64 	 -0.0630261
8.65 	 -0.0618381
8.66 	 -0.0605982
8.67 	 -0.0593163
8.68 	 -0.0580052
8.69 	 -0.0566781
8.7 	 -0.0553482
8.71 	 -0.0540256
8.72 	 -0.0527155
8.73 	 -0.0514153
8.74 	 -0.0501125
8.75 	 -0.0487858
8.76 	 -0.0474098
8.77 	 -0.0459633
8.78 	 -0.0444384
8.79 	 -0.0428467
8.8 	 -0.0412203
8.81 	 -0.0396077
8.82 	 -0.0380645
8.83 	 -0.036643
8.84 	 -0.0353832
8.85 	 -0.0343055
8.86 	 -0.033409
8.87 	 -0.0326722
8.88 	 -0.0320557
8.89 	 -0.0315054
8.9 	 -0.0309565
8.91 	 -0.0303385
8.92 	 -0.029583
8.93 	 -0.0286336
8.94 	 -0.0274553
8.95 	 -0.0260404
8.96 	 -0.0244085
8.97 	 -0.0226014
8.98 	 -0.0206751
8.99 	 -0.0186893
9 	 -0.0166999
9.01 	 -0.0147527
9.02 	 -0.0128798
9.03 	 -0.011099
9.04 	 -0.00941381
9.05 	 -0.00781512
9.06 	 -0.00628421
9.07 	 -0.00479602
9.08 	 -0.0033234
9.09 	 -0.00184018
9.1 	 -0.000323796
9.11 	 0.00124295
9.12 	 0.00287142
9.13 	 0.00456576
9.14 	 0.00632157
9.15 	 0.00812486
9.16 	 0.00995225
9.17 	 0.0117727
9.18 	 0.013551
9.19 	 0.0152526
9.2 	 0.016848
9.21 	 0.0183175
9.22 	 0.0196532
9.23 	 0.0208595
9.24 	 0.021952
9.25 	 0.0229556
9.26 	 0.0239031
9.27 	 0.024833
9.28 	 0.0257888
9.29 	 0.0268151
9.3 	 0.0279541
9.31 	 0.0292411
9.32 	 0.0307
9.33 	 0.0323405
9.34 	 0.0341563
9.35 	 0.0361261
9.36 	 0.038216
9.37 	 0.0403855
9.38 	 0.0425942
9.39 	 0.0448084
9.4 	 0.0470059
9.41 	 0.0491778
9.42 	 0.0513279
9.43 	 0.0534705
9.44 	 0.0556276
9.45 	 0.0578258
9.46 	 0.060093
9.47 	 0.0624553
9.48 	 0.0649337
9.49 	 0.0675419
9.5 	 0.0702832
9.51 	 0.0731497
9.52 	 0.0761213
9.53 	 0.0791693
9.54 	 0.0822598
9.55 	 0.0853583
9.56 	 0.0884341
9.57 	 0.0914605
9.58 	 0.0944157
9.59 	 0.0972802
9.6 	 0.100035
9.61 	 0.102661
9.62 	 0.105138
9.63 	 0.107444
9.64 	 0.10956
9.65 	 0.111466
9.66 	 0.113148
9.67 	 0.114593
9.68 	 0.115794
9.69 	 0.116749
9.7 	 0.117458
9.71 	 0.117926
9.72 	 0.118162
9.73 	 0.118177
9.74 	 0.117985
9.75 	 0.117601
9.76 	 0.117039
9.77 	 0.116317
9.78 	 0.115451
9.79 	 0.114461
9.8 	 0.113366
9.81 	 0.112184
9.82 	 0.11092
9.83 	 0.10957
9.84 	 0.108116
9.85 	 0.106529
9.86 	 0.104778
9.87 	 0.102833
9.88 	 0.100671
9.89 	 0.0982813
9.9 	 0.0956616
9.91 	 0.0928199
9.92 	 0.0897712
9.93 	 0.0865371
9.94 	 0.083145
9.95 	 0.0796279
9.96 	 0.0760219
9.97 	 0.0723617
9.98 	 0.0686755
9.99 	 0.0649808
10 	 0.0612826
10.01 	 0.0575788
10.02 	 0.0538669
10.03 	 0.050153
10.04 	 0.0464568
10.05 	 0.0428117
10.06 	 0.0392582
10.07 	 0.0358346
10.08 	 0.0325693
10.09 	 0.0294771
10.1 	 0.0265582
10.11 	 0.0238016
10.12 	 0.0211887
10.13 	 0.0186985
10.14 	 0.0163115
10.15 	 0.0140131
10.16 	 0.0117956
10.17 	 0.00965925
10.18 	 0.00761341
10.19 	 0.0056781
10.2 	 0.00388313
10.21 	 0.00226531
10.22 	 0.000861191
10.23 	 -0.000299904
10.24 	 -0.00120194
10.25 	 -0.00184452
10.26 	 -0.0022414
10.27 	 -0.00241802
10.28 	 -0.0024067
10.29 	 -0.00224157
10.3 	 -0.00195448
10.31 	 -0.00157168
10.32 	 -0.00111221
10.33 	 -0.000588474
10.34 	 -8.36897e-06
10.35 	 0.000622659
10.36 	 0.00129896
10.37 	 0.00201424
10.38 	 0.00276074
10.39 	 0.0035302
10.4 	 0.00431408
10.41 	 0.00510445
10.42 	 0.00589455
10.43 	 0.00667934
10.44 	 0.00745533
10.45 	 0.00822119
10.46 	 0.00897729
10.47 	 0.00972572
10.48 	 0.0104704
10.49 	 0.0112166
10.5 	 0.0119705
10.51 	 0.0127388
10.52 	 0.0135278
10.53 	 0.0143425
10.54 	 0.015186
10.55 	 0.0160588
10.56 	 0.0169588
10.57 	 0.0178815
10.58 	 0.0188208
10.59 	 0.0197704
10.6 	 0.0207236
10.61 	 0.0216742
10.62 	 0.0226164
10.63 	 0.0235452
10.64 	 0.0244554
10.65 	 0.0253423
10.66 	 0.0262009
10.67 	 0.0270265
10.68 	 0.0278147
10.69 	 0.0285616
10.7 	 0.0292638
10.71 	 0.0299175
10.72 	 0.0305177
10.73 	 0.0310577
10.74 	 0.0315289
10.75 	 0.0319215
10.76 	 0.0322255
10.77 	 0.032433
10.78 	 0.0325391
10.79 	 0.032544
10.8 	 0.0324516
10.81 	 0.0322695
10.82 	 0.0320076
10.83 	 0.0316775
10.84 	 0.0312919
10.85 	 0.0308652
10.86 	 0.0304132
10.87 	 0.0299527
10.88 	 0.0295011
10.89 	 0.0290747
10.9 	 0.0286884
10.91 	 0.0283547
10.92 	 0.0280835
10.93 	 0.0278823
10.94 	 0.0277575
10.95 	 0.0277151
10.96 	 0.0277609
10.97 	 0.0279009
10.98 	 0.0281403
10.99 	 0.028483
11 	 0.0289309
11.01 	 0.029482
11.02 	 0.0301314
11.03 	 0.0308715
11.04 	 0.0316933
11.05 	 0.0325882
11.06 	 0.0335495
11.07 	 0.0345721
11.08 	 0.0356528
11.09 	 0.0367892
11.1 	 0.0379778
11.11 	 0.0392136
11.12 	 0.0404894
11.13 	 0.0417958
11.14 	 0.0431215
11.15 	 0.0444535
11.16 	 0.0457768
11.17 	 0.0470744
11.18 	 0.0483274
11.19 	 0.0495149
11.2 	 0.0506163
11.21 	 0.0516111
11.22 	 0.0524814
11.23 	 0.0532115
11.24 	 0.053789
11.25 	 0.0542041
11.26 	 0.0544487
11.27 	 0.0545158
11.28 	 0.0543986
11.29 	 0.0540899
11.3 	 0.0535826
11.31 	 0.0528697
11.32 	 0.0519458
11.33 	 0.0508079
11.34 	 0.0494564
11.35 	 0.0478964
11.36 	 0.046138
11.37 	 0.0441965
11.38 	 0.0420919
11.39 	 0.0398476
11.4 	 0.0374884
11.41 	 0.0350372
11.42 	 0.0325119
11.43 	 0.0299224
11.44 	 0.0272705
11.45 	 0.0245509
11.46 	 0.0217551
11.47 	 0.0188748
11.48 	 0.015906
11.49 	 0.0128515
11.5 	 0.00972228
11.51 	 0.00653825
11.52 	 0.00332686
11.53 	 0.000121367
11.54 	 -0.00304215
11.55 	 -0.00612789
11.56 	 -0.00910432
11.57 	 -0.0119484
11.58 	 -0.0146495
11.59 	 -0.0172101
11.6 	 -0.0196449
11.61 	 -0.0219767
11.62 	 -0.0242302
11.63 	 -0.026427
11.64 	 -0.0285799
11.65 	 -0.0306913
11.66 	 -0.0327518
11.67 	 -0.034743
11.68 	 -0.0366404
11.69 	 -0.0384179
11.7 	 -0.0400521
11.71 	 -0.0415259
11.72 	 -0.0428304
11.73 	 -0.0439661
11.74 	 -0.0449423
11.75 	 -0.0457752
11.76 	 -0.0464853
11.77 	 -0.0470944
11.78 	 -0.0476225
11.79 	 -0.0480848
11.8 	 -0.0484904
11.81 	 -0.0488416
11.82 	 -0.0491336
11.83 	 -0.0493573
11.84 	 -0.0495007
11.85 	 -0.0495519
11.86 	 -0.0495003
11.87 	 -0.0493381
11.88 	 -0.0490607
11.89 	 -0.048667
11.9 	 -0.0481593
11.91 	 -0.0475438
11.92 	 -0.0468299
11.93 	 -0.0460307
11.94 	 -0.0451613
11.95 	 -0.0442381
11.96 	 -0.0432768
11.97 	 -0.0422917
11.98 	 -0.0412947
11.99 	 -0.0402941
12 	 -0.0392955
12.01 	 -0.0383018
12.02 	 -0.0373133
12.03 	 -0.0363286
12.04 	 -0.0353462
12.05 	 -0.0343646
12.06 	 -0.033384
12.07 	 -0.0324072
12.08 	 -0.031439
12.09 	 -0.0304871
12.1 	 -0.0295603
12.11 	 -0.0286679
12.12 	 -0.0278181
12.13 	 -0.0270164
12.14 	 -0.0262647
12.15 	 -0.025561
12.16 	 -0.0248992
12.17 	 -0.0242706
12.18 	 -0.0236652
12.19 	 -0.0230732
12.2 	 -0.0224872
12.21 	 -0.0219029
12.22 	 -0.0213198
12.23 	 -0.0207413
12.24 	 -0.0201744
12.25 	 -0.0196284
12.26 	 -0.0191136
12.27 	 -0.0186398
12.28 	 -0.0182143
12.29 	 -0.0178404
12.3 	 -0.0175161
12.31 	 -0.0172341
12.32 	 -0.0169815
12.33 	 -0.0167419
12.34 	 -0.0164968
12.35 	 -0.0162281
12.36 	 -0.0159202
12.37 	 -0.0155621
12.38 	 -0.0151476
12.39 	 -0.014676
12.4 	 -0.0141516
12.41 	 -0.0135823
12.42 	 -0.0129781
12.43 	 -0.0123503
12.44 	 -0.0117093
12.45 	 -0.0110638
12.46 	 -0.0104196
12.47 	 -0.00977963
12.48 	 -0.00914301
12.49 	 -0.0085059
12.5 	 -0.00786181
12.51 	 -0.00720257
12.52 	 -0.0065189
12.53 	 -0.00580178
12.54 	 -0.00504231
12.55 	 -0.00423304
12.56 	 -0.00336791
12.57 	 -0.00244272
12.58 	 -0.00145598
12.59 	 -0.000409049
12.6 	 0.000693224
12.61 	 0.00184283
12.62 	 0.00302927
12.63 	 0.00424024
12.64 	 0.00546328
12.65 	 0.00668666
12.66 	 0.00790032
12.67 	 0.00909666
12.68 	 0.0102709
12.69 	 0.0114211
12.7 	 0.0125477
12.71 	 0.0136531
12.72 	 0.0147407
12.73 	 0.0158146
12.74 	 0.0168789
12.75 	 0.0179371
12.76 	 0.0189925
12.77 	 0.0200473
12.78 	 0.0211029
12.79 	 0.0221598
12.8 	 0.0232172
12.81 	 0.0242726
12.82 	 0.0253204
12.83 	 0.0263517
12.84 	 0.0273533
12.85 	 0.0283089
12.86 	 0.0291998
12.87 	 0.0300075
12.88 	 0.0307154
12.89 	 0.0313108
12.9 	 0.0317859
12.91 	 0.0321386
12.92 	 0.0323724
12.93 	 0.0324953
12.94 	 0.0325191
12.95 	 0.032457
12.96 	 0.0323229
12.97 	 0.03213
12.98 	 0.0318892
12.99 	 0.0316081
13 	 0.031291
13.01 	 0.030939
13.02 	 0.0305509
13.03 	 0.0301249
13.04 	 0.0296591
13.05 	 0.0291527
13.06 	 0.0286053
13.07 	 0.0280166
13.08 	 0.0273857
13.09 	 0.0267102
13.1 	 0.0259868
13.11 	 0.0252113
13.12 	 0.0243805
13.13 	 0.0234928
13.14 	 0.0225498
13.15 	 0.0215557
13.16 	 0.0205178
13.17 	 0.019445
13.18 	 0.0183475
13.19 	 0.0172358
13.2 	 0.0161199
13.21 	 0.015009
13.22 	 0.013911
13.23 	 0.012832
13.24 	 0.0117765
13.25 	 0.0107473
13.26 	 0.00974641
13.27 	 0.00877542
13.28 	 0.00783686
13.29 	 0.00693413
13.3 	 0.00607147
13.31 	 0.00525253
13.32 	 0.004479
13.33 	 0.00374938
13.34 	 0.00305786
13.35 	 0.00239484
13.36 	 0.00174775
13.37 	 0.00110265
13.38 	 0.000446574
13.39 	 -0.000230965
13.4 	 -0.00093632
13.41 	 -0.00167119
13.42 	 -0.00243252
13.43 	 -0.00321317
13.44 	 -0.00400277
13.45 	 -0.00478904
13.46 	 -0.00555912
13.47 	 -0.0063014
13.48 	 -0.00700673
13.49 	 -0.00766986
13.5 	 -0.00829042
13.51 	 -0.00887263
13.52 	 -0.00942471
13.53 	 -0.00995772
13.54 	 -0.0104835
13.55 	 -0.0110131
13.56 	 -0.0115554
13.57 	 -0.012116
13.58 	 -0.0126972
13.59 	 -0.0132981
13.6 	 -0.0139149
13.61 	 -0.0145415
13.62 	 -0.0151701
13.63 	 -0.0157915
13.64 	 -0.0163959
13.65 	 -0.0169731
13.66 	 -0.0175131
13.67 	 -0.0180065
13.68 	 -0.018445
13.69 	 -0.0188217
13.7 	 -0.0191318
13.71 	 -0.0193722
13.72 	 -0.0195421
13.73 	 -0.0196416
13.74 	 -0.019672
13.75 	 -0.0196346
13.76 	 -0.0195302
13.77 	 -0.0193592
13.78 	 -0.0191214
13.79 	 -0.0188162
13.8 	 -0.018443
13.81 	 -0.0180011
13.82 	 -0.0174893
13.83 	 -0.0169061
13.84 	 -0.0162493
13.85 	 -0.0155168
13.86 	 -0.0147074
13.87 	 -0.0138211
13.88 	 -0.0128601
13.89 	 -0.0118285
13.9 	 -0.0107326
13.91 	 -0.00957948
13.92 	 -0.00837713
13.93 	 -0.00713408
13.94 	 -0.00585918
13.95 	 -0.00456188
13.96 	 -0.00325207
13.97 	 -0.00194022
13.98 	 -0.000636653
13.99 	 0.000648365
14 	 0.00190523
14.01 	 0.00312516
14.02 	 0.00429988
14.03 	 0.0054217
14.04 	 0.00648297
14.05 	 0.0074763
14.06 	 0.00839433
14.07 	 0.00923002
14.08 	 0.00997712
14.09 	 0.0106299
14.1 	 0.011184
14.11 	 0.0116363
14.12 	 0.0119852
14.13 	 0.0122307
14.14 	 0.012374
14.15 	 0.0124171
14.16 	 0.0123625
14.17 	 0.0122128
14.18 	 0.01197
14.19 	 0.0116359
14.2 	 0.0112117
14.21 	 0.0106989
14.22 	 0.010099
14.23 	 0.00941446
14.24 	 0.00864878
14.25 	 0.00780687
14.26 	 0.00689486
14.27 	 0.00591981
14.28 	 0.00488976
14.29 	 0.00381301
14.3 	 0.00269841
14.31 	 0.0015552
14.32 	 0.00039334
14.33 	 -0.000776776
14.34 	 -0.00194384
14.35 	 -0.00309621
14.36 	 -0.00422196
14.37 	 -0.00530911
14.38 	 -0.00634606
14.39 	 -0.0073218
14.4 	 -0.00822629
14.41 	 -0.00905149
14.42 	 -0.00979181
14.43 	 -0.0104454
14.44 	 -0.0110148
14.45 	 -0.0115069
14.46 	 -0.0119327
14.47 	 -0.0123049
14.48 	 -0.012637
14.49 	 -0.0129405
14.5 	 -0.0132237
14.51 	 -0.0134907
14.52 	 -0.0137417
14.53 	 -0.0139732
14.54 	 -0.0141795
14.55 	 -0.0143528
14.56 	 -0.014485
14.57 	 -0.0145675
14.58 	 -0.0145926
14.59 	 -0.0145538
14.6 	 -0.0144477
14.61 	 -0.0142743
14.62 	 -0.0140385
14.63 	 -0.0137496
14.64 	 -0.013421
14.65 	 -0.013069
14.66 	 -0.0127122
14.67 	 -0.0123691
14.68 	 -0.0120576
14.69 	 -0.0117935
14.7 	 -0.0115894
14.71 	 -0.0114541
14.72 	 -0.0113921
14.73 	 -0.0114029
14.74 	 -0.0114814
14.75 	 -0.0116186
14.76 	 -0.0118027
14.77 	 -0.0120203
14.78 	 -0.0122576
14.79 	 -0.0125016
14.8 	 -0.0127412
14.81 	 -0.0129686
14.82 	 -0.0131789
14.83 	 -0.0133709
14.84 	 -0.0135467
14.85 	 -0.0137107
14.86 	 -0.0138696
14.87 	 -0.0140311
14.88 	 -0.0142036
14.89 	 -0.0143952
14.9 	 -0.0146134
14.91 	 -0.0148642
14.92 	 -0.0151517
14.93 	 -0.0154775
14.94 	 -0.01584
14.95 	 -0.0162354
14.96 	 -0.0166569
14.97 	 -0.0170962
14.98 	 -0.0175443
14.99 	 -0.0179923
15 	 -0.0184327
15.01 	 -0.0188597
15.02 	 -0.0192702
15.03 	 -0.0196633
15.04 	 -0.0200408
15.05 	 -0.0204057
15.06 	 -0.0207621
15.07 	 -0.0211137
15.08 	 -0.0214637
15.09 	 -0.0218141
15.1 	 -0.0221658
15.11 	 -0.0225191
15.12 	 -0.022874
15.13 	 -0.0232304
15.14 	 -0.0235885
15.15 	 -0.0239493
15.16 	 -0.0243141
15.17 	 -0.0246851
15.18 	 -0.0250649
15.19 	 -0.0254563
15.2 	 -0.025862
15.21 	 -0.0262841
15.22 	 -0.0267235
15.23 	 -0.0271798
15.24 	 -0.0276509
15.25 	 -0.0281333
15.26 	 -0.028622
15.27 	 -0.0291108
15.28 	 -0.0295924
15.29 	 -0.0300589
15.3 	 -0.0305021
15.31 	 -0.0309141
15.32 	 -0.0312881
15.33 	 -0.0316189
15.34 	 -0.031904
15.35 	 -0.0321438
15.36 	 -0.0323422
15.37 	 -0.0325063
15.38 	 -0.0326455
15.39 	 -0.0327709
15.4 	 -0.0328934
15.41 	 -0.0330225
15.42 	 -0.0331653
15.43 	 -0.0333254
15.44 	 -0.0335028
15.45 	 -0.0336942
15.46 	 -0.0338937
15.47 	 -0.0340938
15.48 	 -0.0342865
15.49 	 -0.034465
15.5 	 -0.0346239
15.51 	 -0.0347609
15.52 	 -0.0348769
15.53 	 -0.0349764
15.54 	 -0.0350671
15.55 	 -0.0351593
15.56 	 -0.0352648
15.57 	 -0.0353958
15.58 	 -0.0355631
15.59 	 -0.0357757
15.6 	 -0.0360395
15.61 	 -0.0363572
15.62 	 -0.0367285
15.63 	 -0.0371504
15.64 	 -0.0376182
15.65 	 -0.0381257
15.66 	 -0.0386662
15.67 	 -0.039233
15.68 	 -0.0398195
15.69 	 -0.0404202
15.7 	 -0.0410307
15.71 	 -0.0416475
15.72 	 -0.0422683
15.73 	 -0.0428908
15.74 	 -0.0435133
15.75 	 -0.044133
15.76 	 -0.044747
15.77 	 -0.0453509
15.78 	 -0.0459394
15.79 	 -0.0465063
15.8 	 -0.0470448
15.81 	 -0.0475474
15.82 	 -0.0480068
15.83 	 -0.0484163
15.84 	 -0.0487697
15.85 	 -0.0490634
15.86 	 -0.0492952
15.87 	 -0.0494654
15.88 	 -0.0495764
15.89 	 -0.0496313
15.9 	 -0.0496332
15.91 	 -0.0495842
15.92 	 -0.0494851
15.93 	 -0.0493345
15.94 	 -0.04913
15.95 	 -0.0488677
15.96 	 -0.0485433
15.97 	 -0.0481524
15.98 	 -0.0476911
15.99 	 -0.0471566
16 	 -0.0465487
16.01 	 -0.0458698
16.02 	 -0.0451255
16.03 	 -0.0443252
16.04 	 -0.0434807
16.05 	 -0.0426056
16.06 	 -0.0417133
16.07 	 -0.0408158
16.08 	 -0.0399226
16.09 	 -0.03904
16.1 	 -0.0381715
16.11 	 -0.0373178
16.12 	 -0.0364771
16.13 	 -0.0356464
16.14 	 -0.0348216
16.15 	 -0.0339988
16.16 	 -0.0331754
16.17 	 -0.0323507
16.18 	 -0.0315268
16.19 	 -0.0307087
16.2 	 -0.0299042
16.21 	 -0.0291231
16.22 	 -0.0283765
16.23 	 -0.027675
16.24 	 -0.0270283
16.25 	 -0.026444
16.26 	 -0.0259273
16.27 	 -0.0254808
16.28 	 -0.0251037
16.29 	 -0.0247928
16.3 	 -0.0245418
16.31 	 -0.0243415
16.32 	 -0.0241808
16.33 	 -0.0240465
16.34 	 -0.0239256
16.35 	 -0.023805
16.36 	 -0.0236729
16.37 	 -0.0235191
16.38 	 -0.0233358
16.39 	 -0.0231168
16.4 	 -0.0228585
16.41 	 -0.0225591
16.42 	 -0.022219
16.43 	 -0.0218402
16.44 	 -0.0214256
16.45 	 -0.0209789
16.46 	 -0.0205031
16.47 	 -0.0200001
16.48 	 -0.0194695
16.49 	 -0.0189091
16.5 	 -0.0183145
16.51 	 -0.0176801
16.52 	 -0.0169994
16.53 	 -0.0162659
16.54 	 -0.0154737
16.55 	 -0.0146186
16.56 	 -0.0136983
16.57 	 -0.0127127
16.58 	 -0.0116648
16.59 	 -0.0105589
16.6 	 -0.00940162
16.61 	 -0.00819998
16.62 	 -0.00696158
16.63 	 -0.00569361
16.64 	 -0.00440231
16.65 	 -0.00309305
16.66 	 -0.00177042
16.67 	 -0.00043837
16.68 	 0.000899043
16.69 	 0.00223752
16.7 	 0.00357215
16.71 	 0.0048969
16.72 	 0.00620495
16.73 	 0.0074888
16.74 	 0.0087406
16.75 	 0.00995325
16.76 	 0.0111208
16.77 	 0.0122392
16.78 	 0.0133065
16.79 	 0.0143229
16.8 	 0.0152902
16.81 	 0.0162112
16.82 	 0.0170896
16.83 	 0.0179284
16.84 	 0.0187302
16.85 	 0.019497
16.86 	 0.0202294
16.87 	 0.0209274
16.88 	 0.0215904
16.89 	 0.0222172
16.9 	 0.0228065
16.91 	 0.0233569
16.92 	 0.0238674
16.93 	 0.0243371
16.94 	 0.0247657
16.95 	 0.0251526
16.96 	 0.0254976
16.97 	 0.0257997
16.98 	 0.026058
16.99 	 0.0262711
17 	 0.0264378
17.01 	 0.0265571
17.02 	 0.0266287
17.03 	 0.0266531
17.04 	 0.0266324
17.05 	 0.0265696
17.06 	 0.0264694
17.07 	 0.0263371
17.08 	 0.0261781
17.09 	 0.0259981
17.1 	 0.025801
17.11 	 0.0255899
17.12 	 0.0253659
17.13 	 0.0251287
17.14 	 0.0248764
17.15 	 0.0246061
17.16 	 0.0243146
17.17 	 0.0239984
17.18 	 0.0236547
17.19 	 0.0232814
17.2 	 0.0228773
17.21 	 0.0224421
17.22 	 0.0219766
17.23 	 0.0214822
17.24 	 0.0209607
17.25 	 0.0204145
17.26 	 0.0198463
17.27 	 0.0192593
17.28 	 0.0186568
17.29 	 0.0180431
17.3 	 0.0174222
17.31 	 0.0167989
17.32 	 0.0161775
17.33 	 0.0155623
17.34 	 0.0149566
17.35 	 0.0143629
17.36 	 0.0137822
17.37 	 0.0132138
17.38 	 0.0126558
17.39 	 0.0121049
17.4 	 0.0115571
17.41 	 0.0110079
17.42 	 0.0104532
17.43 	 0.00988969
17.44 	 0.00931477
17.45 	 0.00872764
17.46 	 0.00812868
17.47 	 0.00751991
17.48 	 0.00690443
17.49 	 0.00628608
17.5 	 0.00566906
17.51 	 0.00505689
17.52 	 0.00445222
17.53 	 0.00385629
17.54 	 0.00326871
17.55 	 0.00268779
17.56 	 0.00211082
17.57 	 0.00153426
17.58 	 0.00095441
17.59 	 0.00036812
17.6 	 -0.000227157
17.61 	 -0.000832769
17.62 	 -0.00144902
17.63 	 -0.0020752
17.64 	 -0.00271007
17.65 	 -0.00335208
17.66 	 -0.00399948
17.67 	 -0.00465067
17.68 	 -0.00530416
17.69 	 -0.00595855
17.7 	 -0.00661274
17.71 	 -0.00726557
17.72 	 -0.0079161
17.73 	 -0.00856338
17.74 	 -0.00920657
17.75 	 -0.0098443
17.76 	 -0.0104752
17.77 	 -0.0110975
17.78 	 -0.0117093
17.79 	 -0.0123086
17.8 	 -0.0128942
17.81 	 -0.013465
17.82 	 -0.0140206
17.83 	 -0.0145604
17.84 	 -0.0150837
17.85 	 -0.0155893
17.86 	 -0.0160754
17.87 	 -0.0165397
17.88 	 -0.0169798
17.89 	 -0.0173934
17.9 	 -0.0177786
17.91 	 -0.0181344
17.92 	 -0.0184606
17.93 	 -0.0187584
17.94 	 -0.0190299
17.95 	 -0.019278
17.96 	 -0.0195063
17.97 	 -0.0197185
17.98 	 -0.0199175
17.99 	 -0.0201058
18 	 -0.0202838
18.01 	 -0.0204513
18.02 	 -0.0206061
18.03 	 -0.0207453
18.04 	 -0.0208658
18.05 	 -0.0209643
18.06 	 -0.0210384
18.07 	 -0.0210865
18.08 	 -0.0211085
18.09 	 -0.0211053
18.1 	 -0.0210791
18.11 	 -0.0210333
18.12 	 -0.0209713
18.13 	 -0.0208964
18.14 	 -0.0208118
18.15 	 -0.0207194
18.16 	 -0.0206205
18.17 	 -0.0205149
18.18 	 -0.0204019
18.19 	 -0.0202798
18.2 	 -0.0201466
18.21 	 -0.02
18.22 	 -0.0198382
18.23 	 -0.0196593
18.24 	 -0.0194623
18.25 	 -0.019247
18.26 	 -0.0190141
18.27 	 -0.0187648
18.28 	 -0.0185009
18.29 	 -0.0182238
18.3 	 -0.0179348
18.31 	 -0.0176342
18.32 	 -0.0173218
18.33 	 -0.0169969
18.34 	 -0.0166586
18.35 	 -0.0163064
18.36 	 -0.01594
18.37 	 -0.0155597
18.38 	 -0.0151665
18.39 	 -0.0147616
18.4 	 -0.0143467
18.41 	 -0.0139234
18.42 	 -0.0134939
18.43 	 -0.0130598
18.44 	 -0.0126229
18.45 	 -0.0121839
18.46 	 -0.0117431
18.47 	 -0.0112995
18.48 	 -0.0108514
18.49 	 -0.0103959
18.5 	 -0.00993029
18.51 	 -0.00945112
18.52 	 -0.00895535
18.53 	 -0.00844032
18.54 	 -0.00790393
18.55 	 -0.00734483
18.56 	 -0.00676276
18.57 	 -0.00615839
18.58 	 -0.00553366
18.59 	 -0.00489117
18.6 	 -0.00423418
18.61 	 -0.00356613
18.62 	 -0.00289034
18.63 	 -0.0022095
18.64 	 -0.00152557
18.65 	 -0.000839591
18.66 	 -0.000151819
18.67 	 0.000538696
18.68 	 0.00123345
18.69 	 0.0019348
18.7 	 0.00264544
18.71 	 0.00336817
18.72 	 0.00410519
18.73 	 0.00485796
18.74 	 0.00562707
18.75 	 0.00641208
18.76 	 0.00721184
18.77 	 0.0080246
18.78 	 0.00884842
18.79 	 0.00968133
18.8 	 0.0105216
18.81 	 0.0113677
18.82 	 0.0122182
18.83 	 0.013072
18.84 	 0.0139281
18.85 	 0.014786
18.86 	 0.0156452
18.87 	 0.0165052
18.88 	 0.0173658
18.89 	 0.0182265
18.9 	 0.0190867
18.91 	 0.0199454
18.92 	 0.0208017
18.93 	 0.0216544
18.94 	 0.0225017
18.95 	 0.0233424
18.96 	 0.0241745
18.97 	 0.0249962
18.98 	 0.0258055
18.99 	 0.0266002
19 	 0.0273783
19.01 	 0.028138
19.02 	 0.0288778
19.03 	 0.0295967
19.04 	 0.030294
19.05 	 0.0309694
19.06 	 0.0316229
19.07 	 0.0322547
19.08 	 0.0328652
19.09 	 0.0334549
19.1 	 0.0340242
19.11 	 0.0345736
19.12 	 0.0351036
19.13 	 0.0356147
19.14 	 0.0361069
19.15 	 0.0365803
19.16 	 0.0370347
19.17 	 0.0374692
19.18 	 0.037883
19.19 	 0.0382746
19.2 	 0.038643
19.21 	 0.0389866
19.22 	 0.0393045
19.23 	 0.0395964
19.24 	 0.0398627
19.25 	 0.0401044
19.26 	 0.0403232
19.27 	 0.0405212
19.28 	 0.0407003
19.29 	 0.0408627
19.3 	 0.0410097
19.31 	 0.0411423
19.32 	 0.0412607
19.33 	 0.0413645
19.34 	 0.0414525
19.35 	 0.0415232
19.36 	 0.0415746
19.37 	 0.0416048
19.38 	 0.0416116
19.39 	 0.0415934
19.4 	 0.0415488
19.41 	 0.041477
19.42 	 0.041377
19.43 	 0.0412488
19.44 	 0.0410921
19.45 	 0.0409071
19.46 	 0.0406939
19.47 	 0.0404528
19.48 	 0.040184
19.49 	 0.0398876
19.5 	 0.0395639
19.51 	 0.0392131
19.52 	 0.0388356
19.53 	 0.0384323
19.54 	 0.0380037
19.55 	 0.0375511
19.56 	 0.0370756
19.57 	 0.0365785
19.58 	 0.0360609
19.59 	 0.0355242
19.6 	 0.0349698
19.61 	 0.0343994
19.62 	 0.0338149
19.63 	 0.0332184
19.64 	 0.0326124
19.65 	 0.0319993
19.66 	 0.0313817
19.67 	 0.0307626
19.68 	 0.0301451
19.69 	 0.0295328
19.7 	 0.0289301
19.71 	 0.0283417
19.72 	 0.0277726
19.73 	 0.0272276
19.74 	 0.0267116
19.75 	 0.0262282
19.76 	 0.02578
19.77 	 0.0253685
19.78 	 0.0249937
19.79 	 0.0246547
19.8 	 0.0243492
19.81 	 0.0240748
19.82 	 0.0238287
19.83 	 0.0236083
19.84 	 0.0234117
19.85 	 0.0232383
19.86 	 0.0230882
19.87 	 0.0229626
19.88 	 0.0228637
19.89 	 0.0227934
19.9 	 0.0227538
19.91 	 0.0227464
19.92 	 0.0227711
19.93 	 0.0228272
19.94 	 0.0229122
19.95 	 0.0230226
19.96 	 0.0231537
19.97 	 0.0233002
19.98 	 0.0234567
19.99 	 0.0236177
20 	 0.0237782
20.01 	 0.023934
20.02 	 0.0240818
20.03 	 0.0242194
20.04 	 0.0243456
20.05 	 0.0244603
20.06 	 0.0245642
20.07 	 0.024659
20.08 	 0.0247463
20.09 	 0.024828
20.1 	 0.0249055
20.11 	 0.0249798
20.12 	 0.0250509
20.13 	 0.0251178
20.14 	 0.0251789
20.15 	 0.0252308
20.16 	 0.0252702
20.17 	 0.0252927
20.18 	 0.0252945
20.19 	 0.0252724
20.2 	 0.0252243
20.21 	 0.0251497
20.22 	 0.0250502
20.23 	 0.0249289
20.24 	 0.0247905
20.25 	 0.0246409
20.26 	 0.0244862
20.27 	 0.0243325
20.28 	 0.0241852
20.29 	 0.0240479
20.3 	 0.0239229
20.31 	 0.0238104
20.32 	 0.0237093
20.33 	 0.0236171
20.34 	 0.0235306
20.35 	 0.0234468
20.36 	 0.0233631
20.37 	 0.0232776
20.38 	 0.0231899
20.39 	 0.0231004
20.4 	 0.0230113
20.41 	 0.0229255
20.42 	 0.0228464
20.43 	 0.0227779
20.44 	 0.0227237
20.45 	 0.0226865
20.46 	 0.0226682
20.47 	 0.0226691
20.48 	 0.0226887
20.49 	 0.0227249
20.5 	 0.0227749
20.51 	 0.0228352
20.52 	 0.0229019
20.53 	 0.0229711
20.54 	 0.0230395
20.55 	 0.0231044
20.56 	 0.0231642
20.57 	 0.0232181
20.58 	 0.0232665
20.59 	 0.0233103
20.6 	 0.0233508
20.61 	 0.0233893
20.62 	 0.023427
20.63 	 0.0234646
20.64 	 0.0235024
20.65 	 0.0235403
20.66 	 0.0235775
20.67 	 0.0236129
20.68 	 0.0236448
20.69 	 0.0236717
20.7 	 0.0236916
20.71 	 0.023703
20.72 	 0.0237047
20.73 	 0.0236955
20.74 	 0.0236748
20.75 	 0.0236419
20.76 	 0.0235966
20.77 	 0.0235383
20.78 	 0.0234672
20.79 	 0.0233832
20.8 	 0.0232872
20.81 	 0.0231803
20.82 	 0.0230644
20.83 	 0.0229423
20.84 	 0.022817
20.85 	 0.022692
20.86 	 0.0225704
20.87 	 0.0224554
20.88 	 0.0223495
20.89 	 0.0222545
20.9 	 0.0221713
20.91 	 0.0221
20.92 	 0.0220394
20.93 	 0.0219876
20.94 	 0.0219417
20.95 	 0.0218984
20.96 	 0.0218544
20.97 	 0.0218061
20.98 	 0.0217505
20.99 	 0.0216849
21 	 0.0216076
21.01 	 0.0215171
21.02 	 0.0214129
21.03 	 0.0212952
21.04 	 0.0211646
21.05 	 0.0210229
21.06 	 0.0208722
21.07 	 0.0207147
21.08 	 0.0205528
21.09 	 0.0203882
21.1 	 0.020222
21.11 	 0.0200542
21.12 	 0.0198836
21.13 	 0.0197075
21.14 	 0.0195223
21.15 	 0.0193233
21.16 	 0.0191056
21.17 	 0.0188642
21.18 	 0.0185951
21.19 	 0.0182953
21.2 	 0.017963
21.21 	 0.0175985
21.22 	 0.0172031
21.23 	 0.016779
21.24 	 0.0163295
21.25 	 0.0158577
21.26 	 0.015367
21.27 	 0.01486
21.28 	 0.0143394
21.29 	 0.0138071
21.3 	 0.0132649
21.31 	 0.0127146
21.32 	 0.012158
21.33 	 0.0115978
21.34 	 0.0110363
21.35 	 0.010477
21.36 	 0.0099229
21.37 	 0.00937716
21.38 	 0.00884217
21.39 	 0.00831983
21.4 	 0.00781079
21.41 	 0.00731469
21.42 	 0.00683024
21.43 	 0.00635529
21.44 	 0.00588777
21.45 	 0.00542585
21.46 	 0.00496857
21.47 	 0.00451639
21.48 	 0.00407089
21.49 	 0.00363528
21.5 	 0.00321367
21.51 	 0.00281096
21.52 	 0.00243204
21.53 	 0.00208137
21.54 	 0.00176234
21.55 	 0.00147717
21.56 	 0.0012262
21.57 	 0.00100838
21.58 	 0.000821267
21.59 	 0.000660953
21.6 	 0.000523141
21.61 	 0.00040303
21.62 	 0.00029602
21.63 	 0.000198061
21.64 	 0.0001056
21.65 	 1.61867e-05
21.66 	 -7.16802e-05
21.67 	 -0.000158601
21.68 	 -0.000244277
21.69 	 -0.000328005
21.7 	 -0.000408587
21.71 	 -0.000484819
21.72 	 -0.000555749
21.73 	 -0.000620577
21.74 	 -0.000678601
21.75 	 -0.000729769
21.76 	 -0.000774232
21.77 	 -0.000812589
21.78 	 -0.000846143
21.79 	 -0.000876893
21.8 	 -0.000907793
21.81 	 -0.000942545
21.82 	 -0.0009856
21.83 	 -0.00104201
21.84 	 -0.00111683
21.85 	 -0.001215
21.86 	 -0.00134063
21.87 	 -0.00149691
21.88 	 -0.00168595
21.89 	 -0.0019086
21.9 	 -0.0021646
21.91 	 -0.00245295
21.92 	 -0.0027718
21.93 	 -0.00311875
21.94 	 -0.00349095
21.95 	 -0.00388554
21.96 	 -0.00429982
21.97 	 -0.00473154
21.98 	 -0.00517929
21.99 	 -0.00564288
22 	 -0.00612306
22.01 	 -0.00662183
22.02 	 -0.00714144
22.03 	 -0.00768454
22.04 	 -0.00825349
22.05 	 -0.00885008
22.06 	 -0.00947552
22.07 	 -0.0101303
22.08 	 -0.0108136
22.09 	 -0.0115236
22.1 	 -0.0122571
22.11 	 -0.0130093
22.12 	 -0.0137746
22.13 	 -0.0145464
22.14 	 -0.0153182
22.15 	 -0.0160841
22.16 	 -0.0168393
22.17 	 -0.0175803
22.18 	 -0.018305
22.19 	 -0.0190129
22.2 	 -0.0197044
22.21 	 -0.0203806
22.22 	 -0.0210428
22.23 	 -0.0216927
22.24 	 -0.0223313
22.25 	 -0.022959
22.26 	 -0.0235749
22.27 	 -0.0241772
22.28 	 -0.0247628
22.29 	 -0.0253276
22.3 	 -0.025867
22.31 	 -0.0263763
22.32 	 -0.0268511
22.33 	 -0.0272877
22.34 	 -0.0276835
22.35 	 -0.0280367
22.36 	 -0.0283464
22.37 	 -0.0286122
22.38 	 -0.0288346
22.39 	 -0.0290139
22.4 	 -0.0291505
22.41 	 -0.0292448
22.42 	 -0.0292972
22.43 	 -0.0293075
22.44 	 -0.0292755
22.45 	 -0.0292011
22.46 	 -0.0290841
22.47 	 -0.0289247
22.48 	 -0.0287237
22.49 	 -0.0284822
22.5 	 -0.0282023
22.51 	 -0.0278863
22.52 	 -0.0275368
22.53 	 -0.0271564
22.54 	 -0.0267476
22.55 	 -0.0263127
22.56 	 -0.0258534
22.57 	 -0.0253717
22.58 	 -0.0248692
22.59 	 -0.0243476
22.6 	 -0.0238093
22.61 	 -0.0232567
22.62 	 -0.0226926
22.63 	 -0.0221206
22.64 	 -0.0215441
22.65 	 -0.020967
22.66 	 -0.0203932
22.67 	 -0.0198264
22.68 	 -0.01927
22.69 	 -0.0187271
22.7 	 -0.0181999
22.71 	 -0.0176905
22.72 	 -0.0172
22.73 	 -0.0167289
22.74 	 -0.0162769
22.75 	 -0.0158432
22.76 	 -0.0154263
22.77 	 -0.0150241
22.78 	 -0.0146346
22.79 	 -0.0142555
22.8 	 -0.0138849
22.81 	 -0.0135213
22.82 	 -0.0131637
22.83 	 -0.0128116
22.84 	 -0.012465
22.85 	 -0.0121245
22.86 	 -0.0117906
22.87 	 -0.0114642
22.88 	 -0.0111457
22.89 	 -0.0108354
22.9 	 -0.0105329
22.91 	 -0.0102375
22.92 	 -0.00994786
22.93 	 -0.00966232
22.94 	 -0.0093794
22.95 	 -0.00909748
22.96 	 -0.00881576
22.97 	 -0.0085335
22.98 	 -0.00825079
22.99 	 -0.00796788
23 	 -0.00768522
23.01 	 -0.0074034
23.02 	 -0.00712272
23.03 	 -0.00684334
23.04 	 -0.0065651
23.05 	 -0.00628775
23.06 	 -0.00601099
23.07 	 -0.00573458
23.08 	 -0.00545847
23.09 	 -0.00518294
23.1 	 -0.00490877
23.11 	 -0.00463694
23.12 	 -0.00436907
23.13 	 -0.00410669
23.14 	 -0.00385142
23.15 	 -0.00360469
23.16 	 -0.00336737
23.17 	 -0.00313961
23.18 	 -0.00292089
23.19 	 -0.00270994
23.2 	 -0.00250499
23.21 	 -0.00230424
23.22 	 -0.0021057
23.23 	 -0.00190806
23.24 	 -0.00171023
23.25 	 -0.0015119
23.26 	 -0.00131332
23.27 	 -0.00111494
23.28 	 -0.000917758
23.29 	 -0.000722928
23.3 	 -0.000531396
23.31 	 -0.000344262
23.32 	 -0.000162425
23.33 	 1.34141e-05
23.34 	 0.000182606
23.35 	 0.000344598
23.36 	 0.000498791
23.37 	 0.000644234
23.38 	 0.000779926
23.39 	 0.000904166
23.4 	 0.00101535
23.41 	 0.00111134
23.42 	 0.00119003
23.43 	 0.00124952
23.44 	 0.00128805
23.45 	 0.00130408
23.46 	 0.00129672
23.47 	 0.00126515
23.48 	 0.00120902
23.49 	 0.00112805
23.5 	 0.00102203
23.51 	 0.0008906
23.52 	 0.000733375
23.53 	 0.000549499
23.54 	 0.000338076
23.55 	 9.81048e-05
23.56 	 -0.000171213
23.57 	 -0.000470225
23.58 	 -0.000798782
23.59 	 -0.00115623
23.6 	 -0.00154118
23.61 	 -0.00195196
23.62 	 -0.00238674
23.63 	 -0.00284362
23.64 	 -0.00332089
23.65 	 -0.00381695
23.66 	 -0.00433056
23.67 	 -0.00486072
23.68 	 -0.00540657
23.69 	 -0.00596773
23.7 	 -0.00654403
23.71 	 -0.00713523
23.72 	 -0.00774139
23.73 	 -0.0083619
23.74 	 -0.00899591
23.75 	 -0.00964208
23.76 	 -0.0102984
23.77 	 -0.0109621
23.78 	 -0.0116305
23.79 	 -0.0123004
23.8 	 -0.0129686
23.81 	 -0.013632
23.82 	 -0.0142875
23.83 	 -0.0149319
23.84 	 -0.0155625
23.85 	 -0.0161767
23.86 	 -0.0167726
23.87 	 -0.0173488
23.88 	 -0.0179045
23.89 	 -0.0184398
23.9 	 -0.0189554
23.91 	 -0.0194529
23.92 	 -0.0199342
23.93 	 -0.0204013
23.94 	 -0.0208566
23.95 	 -0.0213018
23.96 	 -0.0217384
23.97 	 -0.0221669
23.98 	 -0.0225874
23.99 	 -0.0229989
24 	 -0.0234003
24.01 	 -0.0237902
24.02 	 -0.0241669
24.03 	 -0.0245293
24.04 	 -0.0248766
24.05 	 -0.0252089
24.06 	 -0.025527
24.07 	 -0.0258325
24.08 	 -0.026128
24.09 	 -0.026416
24.1 	 -0.0266999
24.11 	 -0.026982
24.12 	 -0.0272644
24.13 	 -0.0275484
24.14 	 -0.027834
24.15 	 -0.0281203
24.16 	 -0.0284054
24.17 	 -0.028687
24.18 	 -0.0289617
24.19 	 -0.0292266
24.2 	 -0.0294785
24.21 	 -0.029715
24.22 	 -0.0299343
24.23 	 -0.0301353
24.24 	 -0.0303181
24.25 	 -0.0304835
24.26 	 -0.030633
24.27 	 -0.0307683
24.28 	 -0.0308916
24.29 	 -0.0310045
24.3 	 -0.0311082
24.31 	 -0.0312026
24.32 	 -0.0312865
24.33 	 -0.031357
24.34 	 -0.0314099
24.35 	 -0.03144
24.36 	 -0.031442
24.37 	 -0.0314104
24.38 	 -0.031341
24.39 	 -0.0312309
24.4 	 -0.0310788
24.41 	 -0.0308851
24.42 	 -0.0306517
24.43 	 -0.0303815
24.44 	 -0.0300782
24.45 	 -0.0297457
24.46 	 -0.0293875
24.47 	 -0.0290067
24.48 	 -0.0286055
24.49 	 -0.028185
24.5 	 -0.0277456
24.51 	 -0.0272868
24.52 	 -0.0268081
24.53 	 -0.0263089
24.54 	 -0.0257891
24.55 	 -0.0252492
24.56 	 -0.0246906
24.57 	 -0.0241151
24.58 	 -0.0235252
24.59 	 -0.0229231
24.6 	 -0.022311
24.61 	 -0.0216908
24.62 	 -0.0210642
24.63 	 -0.0204324
24.64 	 -0.0197967
24.65 	 -0.0191591
24.66 	 -0.0185211
24.67 	 -0.0178851
24.68 	 -0.0172535
24.69 	 -0.0166287
24.7 	 -0.0160134
24.71 	 -0.0154097
24.72 	 -0.0148192
24.73 	 -0.0142432
24.74 	 -0.013682
24.75 	 -0.0131352
24.76 	 -0.0126018
24.77 	 -0.0120805
24.78 	 -0.0115697
24.79 	 -0.0110681
24.8 	 -0.0105748
24.81 	 -0.0100896
24.82 	 -0.0096128
24.83 	 -0.00914559
24.84 	 -0.00868943
24.85 	 -0.00824596
24.86 	 -0.00781695
24.87 	 -0.00740369
24.88 	 -0.00700718
24.89 	 -0.00662787
24.9 	 -0.00626546
24.91 	 -0.00591936
24.92 	 -0.00558867
24.93 	 -0.00527262
24.94 	 -0.00497054
24.95 	 -0.00468215
24.96 	 -0.00440768
24.97 	 -0.00414765
24.98 	 -0.00390298
24.99 	 -0.00367475
25 	 -0.00346408
25.01 	 -0.0032719
25.02 	 -0.00309887
25.03 	 -0.00294549
25.04 	 -0.00281196
25.05 	 -0.00269812
25.06 	 -0.00260383
25.07 	 -0.00252878
25.08 	 -0.00247254
25.09 	 -0.00243504
25.1 	 -0.00241603
25.11 	 -0.00241537
25.12 	 -0.00243271
25.13 	 -0.00246749
25.14 	 -0.00251851
25.15 	 -0.00258438
25.16 	 -0.00266304
25.17 	 -0.002752
25.18 	 -0.00284826
25.19 	 -0.00294861
25.2 	 -0.00304975
25.21 	 -0.00314845
25.22 	 -0.00324184
25.23 	 -0.00332753
25.24 	 -0.00340333
25.25 	 -0.00346787
25.26 	 -0.00352007
25.27 	 -0.00355932
25.28 	 -0.00358518
25.29 	 -0.00359734
25.3 	 -0.00359546
25.31 	 -0.00357924
25.32 	 -0.00354828
25.33 	 -0.00350218
25.34 	 -0.00344044
25.35 	 -0.0033625
25.36 	 -0.00326798
25.37 	 -0.00315646
25.38 	 -0.00302754
25.39 	 -0.00288089
25.4 	 -0.00271593
25.41 	 -0.00253232
25.42 	 -0.00232941
25.43 	 -0.0021069
25.44 	 -0.00186463
25.45 	 -0.00160275
25.46 	 -0.00132212
25.47 	 -0.00102409
25.48 	 -0.000710604
25.49 	 -0.000384314
25.5 	 -4.83715e-05
25.51 	 0.000293922
25.52 	 0.000638867
25.53 	 0.000983113
25.54 	 0.00132336
25.55 	 0.001657
25.56 	 0.00198199
25.57 	 0.00229693
25.58 	 0.00260122
25.59 	 0.0028946
25.6 	 0.00317697
25.61 	 0.00344844
25.62 	 0.00370871
25.63 	 0.00395697
25.64 	 0.00419224
25.65 	 0.0044131
25.66 	 0.00461771
25.67 	 0.00480477
25.68 	 0.00497274
25.69 	 0.00512076
25.7 	 0.00524829
25.71 	 0.00535522
25.72 	 0.00544201
25.73 	 0.00550946
25.74 	 0.00555846
25.75 	 0.00559012
25.76 	 0.00560519
25.77 	 0.00560431
25.78 	 0.00558748
25.79 	 0.00555416
25.8 	 0.00550334
25.81 	 0.00543382
25.82 	 0.0053442
25.83 	 0.00523363
25.84 	 0.00510156
25.85 	 0.00494844
25.86 	 0.00477556
25.87 	 0.00458504
25.88 	 0.00437991
25.89 	 0.00416388
25.9 	 0.00394075
25.91 	 0.00371432
25.92 	 0.00348784
25.93 	 0.00326396
25.94 	 0.00304407
25.95 	 0.00282858
25.96 	 0.00261684
25.97 	 0.0024076
25.98 	 0.0021993
25.99 	 0.00199051
26 	 0.00178047
26.01 	 0.00156953
26.02 	 0.00135914
26.03 	 0.001152
26.04 	 0.000951616
26.05 	 0.000762034
26.06 	 0.000587253
26.07 	 0.000430673
26.08 	 0.000294843
26.09 	 0.000181514
26.1 	 9.11848e-05
26.11 	 2.33065e-05
26.12 	 -2.33711e-05
26.13 	 -5.06483e-05
26.14 	 -6.05256e-05
26.15 	 -5.49037e-05
26.16 	 -3.50336e-05
26.17 	 -1.26628e-06
26.18 	 4.70972e-05
26.19 	 0.000111606
26.2 	 0.000194309
26.21 	 0.000297357
26.22 	 0.000422449
26.23 	 0.000570535
26.24 	 0.000741366
26.25 	 0.000933942
26.26 	 0.00114631
26.27 	 0.00137598
26.28 	 0.00162014
26.29 	 0.00187606
26.3 	 0.00214117
26.31 	 0.00241343
26.32 	 0.0026913
26.33 	 0.00297381
26.34 	 0.00326063
26.35 	 0.0035516
26.36 	 0.00384666
26.37 	 0.00414553
26.38 	 0.0044474
26.39 	 0.00475088
26.4 	 0.0050536
26.41 	 0.00535298
26.42 	 0.00564586
26.43 	 0.00592919
26.44 	 0.00620018
26.45 	 0.00645667
26.46 	 0.00669721
26.47 	 0.00692146
26.48 	 0.00712971
26.49 	 0.00732306
26.5 	 0.00750301
26.51 	 0.00767117
26.52 	 0.00782897
26.53 	 0.00797743
26.54 	 0.00811699
26.55 	 0.00824755
26.56 	 0.00836831
26.57 	 0.00847847
26.58 	 0.00857683
26.59 	 0.0086626
26.6 	 0.00873521
26.61 	 0.00879437
26.62 	 0.00884033
26.63 	 0.00887365
26.64 	 0.0088951
26.65 	 0.00890581
26.66 	 0.00890681
26.67 	 0.00889906
26.68 	 0.00888331
26.69 	 0.00886006
26.7 	 0.00882955
26.71 	 0.00879195
26.72 	 0.00874719
26.73 	 0.00869544
26.74 	 0.00863689
26.75 	 0.00857204
26.76 	 0.00850169
26.77 	 0.00842674
26.78 	 0.0083483
26.79 	 0.00826741
26.8 	 0.00818492
26.81 	 0.00810163
26.82 	 0.00801789
26.83 	 0.0079337
26.84 	 0.00784882
26.85 	 0.00776268
26.86 	 0.0076746
26.87 	 0.00758381
26.88 	 0.00748957
26.89 	 0.00739133
26.9 	 0.00728873
26.91 	 0.00718184
26.92 	 0.00707104
26.93 	 0.00695719
26.94 	 0.00684159
26.95 	 0.00672588
26.96 	 0.00661183
26.97 	 0.00650148
26.98 	 0.00639663
26.99 	 0.00629893
27 	 0.00620968
27.01 	 0.00612979
27.02 	 0.0060596
27.03 	 0.00599901
27.04 	 0.00594772
27.05 	 0.00590498
27.06 	 0.00586985
27.07 	 0.00584161
27.08 	 0.00581943
27.09 	 0.00580265
27.1 	 0.00579111
27.11 	 0.00578487
27.12 	 0.00578413
27.13 	 0.00578948
27.14 	 0.00580153
27.15 	 0.00582088
27.16 	 0.00584818
27.17 	 0.00588382
27.18 	 0.00592801
27.19 	 0.00598085
27.2 	 0.00604229
27.21 	 0.00611212
27.22 	 0.00618991
27.23 	 0.00627549
27.24 	 0.00636828
27.25 	 0.00646792
27.26 	 0.00657391
27.27 	 0.0066857
27.28 	 0.00680248
27.29 	 0.00692337
27.3 	 0.00704721
27.31 	 0.0071724
27.32 	 0.00729749
27.33 	 0.00742063
27.34 	 0.00754016
27.35 	 0.0076547
27.36 	 0.00776304
27.37 	 0.00786437
27.38 	 0.00795831
27.39 	 0.00804489
27.4 	 0.00812428
27.41 	 0.00819697
27.42 	 0.00826341
27.43 	 0.00832415
27.44 	 0.00837949
27.45 	 0.00842959
27.46 	 0.00847428
27.47 	 0.00851303
27.48 	 0.00854508
27.49 	 0.00856944
27.5 	 0.00858509
27.51 	 0.0085913
27.52 	 0.00858761
27.53 	 0.00857387
27.54 	 0.00855043
27.55 	 0.00851784
27.56 	 0.00847685
27.57 	 0.00842826
27.58 	 0.00837277
27.59 	 0.00831112
27.6 	 0.00824338
27.61 	 0.00816963
27.62 	 0.00808929
27.63 	 0.00800158
27.64 	 0.00790538
27.65 	 0.00779967
27.66 	 0.00768332
27.67 	 0.00755546
27.68 	 0.00741569
27.69 	 0.00726388
27.7 	 0.00710042
27.71 	 0.006926
27.72 	 0.00674169
27.73 	 0.00654863
27.74 	 0.00634807
27.75 	 0.00614101
27.76 	 0.00592795
27.77 	 0.00570905
27.78 	 0.00548375
27.79 	 0.00525125
27.8 	 0.00501046
27.81 	 0.00476031
27.82 	 0.00450002
27.83 	 0.00422914
27.84 	 0.0039479
27.85 	 0.00365672
27.86 	 0.00335659
27.87 	 0.00304851
27.88 	 0.00273377
27.89 	 0.00241339
27.9 	 0.00208851
27.91 	 0.00175987
27.92 	 0.00142818
27.93 	 0.00109399
27.94 	 0.000757853
27.95 	 0.000420565
27.96 	 8.33275e-05
27.97 	 -0.000252558
27.98 	 -0.00058514
27.99 	 -0.000912021
28 	 -0.0012306
28.01 	 -0.00153838
28.02 	 -0.00183286
28.03 	 -0.00211213
28.04 	 -0.00237481
28.05 	 -0.00262054
28.06 	 -0.00284956
28.07 	 -0.00306294
28.08 	 -0.00326233
28.09 	 -0.00344936
28.1 	 -0.00362565
28.11 	 -0.00379239
28.12 	 -0.00395004
28.13 	 -0.00409869
28.14 	 -0.00423765
28.15 	 -0.00436591
28.16 	 -0.00448228
28.17 	 -0.0045857
28.18 	 -0.00467522
28.19 	 -0.00475055
28.2 	 -0.00481173
28.21 	 -0.00485966
28.22 	 -0.00489574
28.23 	 -0.00492177
28.24 	 -0.00494005
28.25 	 -0.00495273
28.26 	 -0.0049618
28.27 	 -0.00496882
28.28 	 -0.00497474
28.29 	 -0.00497995
28.3 	 -0.00498426
28.31 	 -0.00498702
28.32 	 -0.00498747
28.33 	 -0.00498477
28.34 	 -0.00497851
28.35 	 -0.00496856
28.36 	 -0.00495515
28.37 	 -0.00493883
28.38 	 -0.00492047
28.39 	 -0.0049007
28.4 	 -0.00488029
28.41 	 -0.00485972
28.42 	 -0.00483925
28.43 	 -0.00481893
28.44 	 -0.00479861
28.45 	 -0.0047779
28.46 	 -0.00475644
28.47 	 -0.00473354
28.48 	 -0.00470868
28.49 	 -0.00468109
28.5 	 -0.00465044
28.51 	 -0.0046161
28.52 	 -0.00457781
28.53 	 -0.00453527
28.54 	 -0.00448827
28.55 	 -0.00443663
28.56 	 -0.00438024
28.57 	 -0.0043191
28.58 	 -0.00425347
28.59 	 -0.00418398
28.6 	 -0.00411164
28.61 	 -0.0040377
28.62 	 -0.00396376
28.63 	 -0.00389148
28.64 	 -0.00382234
28.65 	 -0.00375755
28.66 	 -0.00369816
28.67 	 -0.00364453
28.68 	 -0.00359684
28.69 	 -0.00355484
28.7 	 -0.00351795
28.71 	 -0.00348576
28.72 	 -0.00345751
28.73 	 -0.00343262
28.74 	 -0.00341057
28.75 	 -0.00339087
28.76 	 -0.00337311
28.77 	 -0.00335706
28.78 	 -0.00334229
28.79 	 -0.00332853
28.8 	 -0.00331536
28.81 	 -0.00330224
28.82 	 -0.00328866
28.83 	 -0.00327394
28.84 	 -0.00325731
28.85 	 -0.00323799
28.86 	 -0.00321517
28.87 	 -0.00318829
28.88 	 -0.00315667
28.89 	 -0.00311965
28.9 	 -0.00307668
28.91 	 -0.00302677
28.92 	 -0.00296895
28.93 	 -0.00290229
28.94 	 -0.00282563
28.95 	 -0.00273788
28.96 	 -0.00263802
28.97 	 -0.00252517
28.98 	 -0.00239867
28.99 	 -0.00225797
29 	 -0.00210277
29.01 	 -0.00193288
29.02 	 -0.00174858
29.03 	 -0.00155019
29.04 	 -0.00133834
29.05 	 -0.0011138
29.06 	 -0.000877359
29.07 	 -0.000629569
29.08 	 -0.000371129
29.09 	 -0.000102389
29.1 	 0.000176401
29.11 	 0.000465041
29.12 	 0.000763531
29.13 	 0.00107147
29.14 	 0.00138826
29.15 	 0.00171315
29.16 	 0.00204479
29.17 	 0.00238182
29.18 	 0.00272251
29.19 	 0.00306524
29.2 	 0.00340842
29.21 	 0.0037507
29.22 	 0.00409129
29.23 	 0.00442982
29.24 	 0.00476606
29.25 	 0.0051004
29.26 	 0.00543324
29.27 	 0.00576478
29.28 	 0.00609517
29.29 	 0.00642386
29.3 	 0.00674985
29.31 	 0.00707183
29.32 	 0.00738782
29.33 	 0.00769586
29.34 	 0.0079939
29.35 	 0.00828005
29.36 	 0.00855274
29.37 	 0.00881078
29.38 	 0.00905352
29.39 	 0.00928071
29.4 	 0.0094923
29.41 	 0.00968859
29.42 	 0.00986992
29.43 	 0.0100367
29.44 	 0.0101892
29.45 	 0.0103275
29.46 	 0.0104517
29.47 	 0.0105615
29.48 	 0.0106564
29.49 	 0.0107357
29.5 	 0.0107985
29.51 	 0.0108442
29.52 	 0.0108719
29.53 	 0.010881
29.54 	 0.0108711
29.55 	 0.0108419
29.56 	 0.0107936
29.57 	 0.0107267
29.58 	 0.0106418
29.59 	 0.0105401
29.6 	 0.0104231
29.61 	 0.0102923
29.62 	 0.0101496
29.63 	 0.00999666
29.64 	 0.00983487
29.65 	 0.00966564
29.66 	 0.00948961
29.67 	 0.00930763
29.68 	 0.00911991
29.69 	 0.00892693
29.7 	 0.00872891
29.71 	 0.00852658
29.72 	 0.0083206
29.73 	 0.00811208
29.74 	 0.0079022
29.75 	 0.00769232
29.76 	 0.00748379
29.77 	 0.007278
29.78 	 0.00707637
29.79 	 0.00688013
29.8 	 0.00669074
29.81 	 0.00650955
29.82 	 0.00633776
29.83 	 0.00617682
29.84 	 0.00602768
29.85 	 0.00589154
29.86 	 0.0057691
29.87 	 0.00566116
29.88 	 0.00556812
29.89 	 0.00549008
29.9 	 0.00542688
29.91 	 0.00537804
29.92 	 0.00534254
29.93 	 0.00531929
29.94 	 0.00530678
29.95 	 0.00530367
29.96 	 0.00530871
29.97 	 0.0053208
29.98 	 0.00533913
29.99 	 0.00536336
30 	 0.00539324
30.01 	 0.00542912
30.02 	 0.0054713
30.03 	 0.00552047
30.04 	 0.0055771
30.05 	 0.00564158
30.06 	 0.00571371
30.07 	 0.00579299
30.08 	 0.00587812
30.09 	 0.00596726
30.1 	 0.00605815
30.11 	 0.00614824
30.12 	 0.00623482
30.13 	 0.00631541
30.14 	 0.0063875
30.15 	 0.00644899
30.16 	 0.00649833
30.17 	 0.00653441
30.18 	 0.0065567
30.19 	 0.00656544
30.2 	 0.00656122
30.21 	 0.00654516
30.22 	 0.0065185
30.23 	 0.00648244
30.24 	 0.00643803
30.25 	 0.00638562
30.26 	 0.00632557
30.27 	 0.00625737
30.28 	 0.00618042
30.29 	 0.00609383
30.3 	 0.00599669
30.31 	 0.00588815
30.32 	 0.00576766
30.33 	 0.00563478
30.34 	 0.00548925
30.35 	 0.00533121
30.36 	 0.00516108
30.37 	 0.00497944
30.38 	 0.0047875
30.39 	 0.00458651
30.4 	 0.00437823
30.41 	 0.00416434
30.42 	 0.0039471
30.43 	 0.00372846
30.44 	 0.00351058
30.45 	 0.0032956
30.46 	 0.00308567
30.47 	 0.00288275
30.48 	 0.00268857
30.49 	 0.00250455
30.5 	 0.00233168
30.51 	 0.00217056
30.52 	 0.00202148
30.53 	 0.00188426
30.54 	 0.00175884
30.55 	 0.00164476
30.56 	 0.00154183
30.57 	 0.00144985
30.58 	 0.00136881
30.59 	 0.00129862
30.6 	 0.00123922
30.61 	 0.00119066
30.62 	 0.0011529
30.63 	 0.00112583
30.64 	 0.0011092
30.65 	 0.00110262
30.66 	 0.00110584
30.67 	 0.00111836
30.68 	 0.00113987
30.69 	 0.00117009
30.7 	 0.00120911
30.71 	 0.00125698
30.72 	 0.00131421
30.73 	 0.00138139
30.74 	 0.00145903
30.75 	 0.00154757
30.76 	 0.00164707
30.77 	 0.00175748
30.78 	 0.00187834
30.79 	 0.00200886
30.8 	 0.00214803
30.81 	 0.0022944
30.82 	 0.00244652
30.83 	 0.00260275
30.84 	 0.00276142
30.85 	 0.00292119
30.86 	 0.0030812
30.87 	 0.00324086
30.88 	 0.00340042
30.89 	 0.00356057
30.9 	 0.00372247
30.91 	 0.00388746
30.92 	 0.004057
30.93 	 0.00423249
30.94 	 0.00441507
30.95 	 0.00460525
30.96 	 0.00480333
30.97 	 0.00500896
30.98 	 0.00522104
30.99 	 0.00543816
31 	 0.00565844
31.01 	 0.00587987
31.02 	 0.00610056
31.03 	 0.00631889
31.04 	 0.00653378
31.05 	 0.00674457
31.06 	 0.00695101
31.07 	 0.00715315
31.08 	 0.00735114
31.09 	 0.00754494
31.1 	 0.00773453
31.11 	 0.00791943
31.12 	 0.00809908
31.13 	 0.00827272
31.14 	 0.00843922
31.15 	 0.00859737
31.16 	 0.00874586
31.17 	 0.00888336
31.18 	 0.00900846
31.19 	 0.00912025
31.2 	 0.0092182
31.21 	 0.00930199
31.22 	 0.00937184
31.23 	 0.00942828
31.24 	 0.00947197
31.25 	 0.00950366
31.26 	 0.00952405
31.27 	 0.0095337
31.28 	 0.00953289
31.29 	 0.00952174
31.3 	 0.00950009
31.31 	 0.00946773
31.32 	 0.00942439
31.33 	 0.00936964
31.34 	 0.00930309
31.35 	 0.00922445
31.36 	 0.00913376
31.37 	 0.00903097
31.38 	 0.00891658
31.39 	 0.00879114
31.4 	 0.00865541
31.41 	 0.00851027
31.42 	 0.00835638
31.43 	 0.00819444
31.44 	 0.00802505
31.45 	 0.00784856
31.46 	 0.00766537
31.47 	 0.00747578
31.48 	 0.00728014
31.49 	 0.0070789
31.5 	 0.00687261
31.51 	 0.00666187
31.52 	 0.00644752
31.53 	 0.00623058
31.54 	 0.00601209
31.55 	 0.0057929
31.56 	 0.005574
31.57 	 0.00535591
31.58 	 0.00513896
31.59 	 0.00492322
31.6 	 0.00470872
31.61 	 0.00449528
31.62 	 0.00428283
31.63 	 0.00407128
31.64 	 0.00386039
31.65 	 0.00365024
31.66 	 0.00344079
31.67 	 0.00323209
31.68 	 0.00302449
31.69 	 0.00281874
31.7 	 0.00261564
31.71 	 0.00241625
31.72 	 0.002222
31.73 	 0.00203385
31.74 	 0.00185286
31.75 	 0.00167962
31.76 	 0.00151453
31.77 	 0.00135743
31.78 	 0.00120789
31.79 	 0.00106515
31.8 	 0.000927902
31.81 	 0.000794904
31.82 	 0.000664655
31.83 	 0.000535754
31.84 	 0.000407301
31.85 	 0.000278797
31.86 	 0.00015029
31.87 	 2.2332e-05
31.88 	 -0.000103927
31.89 	 -0.000227238
31.9 	 -0.000346299
31.91 	 -0.00045981
31.92 	 -0.00056682
31.93 	 -0.00066683
31.94 	 -0.000759838
31.95 	 -0.000846394
31.96 	 -0.000927449
31.97 	 -0.0010044
31.98 	 -0.00107875
31.99 	 -0.00115225
32 	 -0.00122625
32.01 	 -0.0013021
32.02 	 -0.0013805
32.03 	 -0.0014622
32.04 	 -0.00154735
32.05 	 -0.00163601
32.06 	 -0.00172796
32.07 	 -0.00182301
32.08 	 -0.00192077
32.09 	 -0.00202078
32.1 	 -0.00212254
32.11 	 -0.00222539
32.12 	 -0.0023287
32.13 	 -0.00243205
32.14 	 -0.00253485
32.15 	 -0.00263695
32.16 	 -0.00273809
32.17 	 -0.00283849
32.18 	 -0.00293808
32.19 	 -0.00303748
32.2 	 -0.00313717
32.21 	 -0.00323807
32.22 	 -0.00334116
32.23 	 -0.00344756
32.24 	 -0.00355815
32.25 	 -0.00367365
32.26 	 -0.0037942
32.27 	 -0.0039195
32.28 	 -0.0040488
32.29 	 -0.00418126
32.3 	 -0.00431536
32.31 	 -0.00444981
32.32 	 -0.00458316
32.33 	 -0.00471426
32.34 	 -0.00484196
32.35 	 -0.00496566
32.36 	 -0.00508511
32.37 	 -0.00520036
32.38 	 -0.00531205
32.39 	 -0.00542089
32.4 	 -0.00552793
32.41 	 -0.00563408
32.42 	 -0.00574032
32.43 	 -0.00584741
32.44 	 -0.00595601
32.45 	 -0.00606665
32.46 	 -0.0061796
32.47 	 -0.00629486
32.48 	 -0.00641246
32.49 	 -0.00653237
32.5 	 -0.00665443
32.51 	 -0.00677849
32.52 	 -0.00690451
32.53 	 -0.00703242
32.54 	 -0.00716229
32.55 	 -0.0072942
32.56 	 -0.00742832
32.57 	 -0.00756473
32.58 	 -0.00770354
32.59 	 -0.00784485
32.6 	 -0.00798866
32.61 	 -0.00813501
32.62 	 -0.00828391
32.63 	 -0.00843521
32.64 	 -0.00858875
32.65 	 -0.0087445
32.66 	 -0.00890218
32.67 	 -0.00906147
32.68 	 -0.00922195
32.69 	 -0.00938324
32.7 	 -0.00954462
32.71 	 -0.00970535
32.72 	 -0.00986457
32.73 	 -0.0100214
32.74 	 -0.0101746
32.75 	 -0.0103237
32.76 	 -0.0104675
32.77 	 -0.0106055
32.78 	 -0.010737
32.79 	 -0.0108616
32.8 	 -0.0109785
32.81 	 -0.0110873
32.82 	 -0.0111873
32.83 	 -0.0112777
32.84 	 -0.0113577
32.85 	 -0.0114261
32.86 	 -0.0114819
32.87 	 -0.011524
32.88 	 -0.0115515
32.89 	 -0.0115636
32.9 	 -0.01156
32.91 	 -0.011541
32.92 	 -0.0115069
32.93 	 -0.0114584
32.94 	 -0.0113966
32.95 	 -0.0113224
32.96 	 -0.0112367
32.97 	 -0.0111405
32.98 	 -0.0110343
32.99 	 -0.0109185
33 	 -0.0107933
33.01 	 -0.0106587
33.02 	 -0.0105146
33.03 	 -0.0103608
33.04 	 -0.0101975
33.05 	 -0.0100249
33.06 	 -0.00984381
33.07 	 -0.00965517
33.08 	 -0.00946018
33.09 	 -0.00926014
33.1 	 -0.00905641
33.11 	 -0.00885007
33.12 	 -0.00864203
33.13 	 -0.00843299
33.14 	 -0.0082232
33.15 	 -0.00801295
33.16 	 -0.00780236
33.17 	 -0.00759147
33.18 	 -0.00738023
33.19 	 -0.00716868
33.2 	 -0.00695714
33.21 	 -0.00674579
33.22 	 -0.0065353
33.23 	 -0.00632635
33.24 	 -0.00611985
33.25 	 -0.00591656
33.26 	 -0.00571746
33.27 	 -0.00552316
33.28 	 -0.00533406
33.29 	 -0.00515067
33.3 	 -0.00497292
33.31 	 -0.00480087
33.32 	 -0.00463452
33.33 	 -0.00447368
33.34 	 -0.00431828
33.35 	 -0.00416818
33.36 	 -0.00402339
33.37 	 -0.00388354
33.38 	 -0.00374854
33.39 	 -0.00361814
33.4 	 -0.00349189
33.41 	 -0.00336929
33.42 	 -0.00324998
33.43 	 -0.00313338
33.44 	 -0.00301887
33.45 	 -0.00290606
33.46 	 -0.00279445
33.47 	 -0.00268379
33.48 	 -0.00257398
33.49 	 -0.00246516
33.5 	 -0.0023578
33.51 	 -0.00225239
33.52 	 -0.00214949
33.53 	 -0.00204943
33.54 	 -0.00195258
33.55 	 -0.00185877
33.56 	 -0.00176742
33.57 	 -0.00167762
33.58 	 -0.00158822
33.59 	 -0.00149782
33.6 	 -0.00140492
33.61 	 -0.00130816
33.62 	 -0.00120641
33.63 	 -0.00109886
33.64 	 -0.000985262
33.65 	 -0.000865861
33.66 	 -0.000741159
33.67 	 -0.000612007
33.68 	 -0.000479204
33.69 	 -0.0003435
33.7 	 -0.000205395
33.71 	 -6.52393e-05
33.72 	 7.70162e-05
33.73 	 0.000221471
33.74 	 0.000368424
33.75 	 0.000518025
33.76 	 0.000670574
33.77 	 0.00082612
33.78 	 0.000984564
33.79 	 0.00114566
33.8 	 0.0013089
33.81 	 0.00147379
33.82 	 0.00163968
33.83 	 0.00180607
33.84 	 0.00197261
33.85 	 0.00213895
33.86 	 0.00230499
33.87 	 0.00247058
33.88 	 0.00263547
33.89 	 0.00279936
33.9 	 0.00296195
33.91 	 0.00312279
33.92 	 0.00328158
33.93 	 0.00343803
33.94 	 0.00359197
33.95 	 0.00374332
33.96 	 0.00389212
33.97 	 0.00403857
33.98 	 0.00418263
33.99 	 0.00432443
34 	 0.00446384
34.01 	 0.00460054
34.02 	 0.00473414
34.03 	 0.0048642
34.04 	 0.00498995
34.05 	 0.00511086
34.06 	 0.00522646
34.07 	 0.00533646
34.08 	 0.00544087
34.09 	 0.00553992
34.1 	 0.00563407
34.11 	 0.00572402
34.12 	 0.00581041
34.13 	 0.00589406
34.14 	 0.00597551
34.15 	 0.00605511
34.16 	 0.0061328
34.17 	 0.00620845
34.18 	 0.0062815
34.19 	 0.00635124
34.2 	 0.00641684
34.21 	 0.00647758
34.22 	 0.00653298
34.23 	 0.00658273
34.24 	 0.00662693
34.25 	 0.00666577
34.26 	 0.00669957
34.27 	 0.00672882
34.28 	 0.00675372
34.29 	 0.00677467
34.3 	 0.00679192
34.31 	 0.00680542
34.32 	 0.00681512
34.33 	 0.00682062
34.34 	 0.00682127
34.35 	 0.00681627
34.36 	 0.00680452
34.37 	 0.00678502
34.38 	 0.00675691
34.39 	 0.00671931
34.4 	 0.0066718
34.41 	 0.00661389
34.42 	 0.00654549
34.43 	 0.00646642
34.44 	 0.00637676
34.45 	 0.0062767
34.46 	 0.00616664
34.47 	 0.00604703
34.48 	 0.00591832
34.49 	 0.00578091
34.5 	 0.00563491
34.51 	 0.00548025
34.52 	 0.00531635
34.53 	 0.00514245
34.54 	 0.00495755
34.55 	 0.00476025
34.56 	 0.0045495
34.57 	 0.0043241
34.58 	 0.0040834
34.59 	 0.0038269
34.6 	 0.0035548
34.61 	 0.00326775
34.62 	 0.00296696
34.63 	 0.00265402
34.64 	 0.00233077
34.65 	 0.00199918
34.66 	 0.00166099
34.67 	 0.00131776
34.68 	 0.00097067
34.69 	 0.000620637
34.7 	 0.000268407
34.71 	 -8.57216e-05
34.72 	 -0.000441247
34.73 	 -0.000797872
34.74 	 -0.00115514
34.75 	 -0.00151242
34.76 	 -0.00186884
34.77 	 -0.00222321
34.78 	 -0.00257408
34.79 	 -0.00291991
34.8 	 -0.00325884
34.81 	 -0.00358921
34.82 	 -0.0039094
34.83 	 -0.00421793
34.84 	 -0.00451351
34.85 	 -0.004795
34.86 	 -0.00506138
34.87 	 -0.00531197
34.88 	 -0.00554611
34.89 	 -0.00576336
34.9 	 -0.0059635
34.91 	 -0.0061463
34.92 	 -0.0063115
34.93 	 -0.00645905
34.94 	 -0.0065887
34.95 	 -0.00670045
34.96 	 -0.00679416
34.97 	 -0.00686991
34.98 	 -0.00692792
34.99 	 -0.00696863
35 	 -0.00699254
35.01 	 -0.0070003
35.02 	 -0.00699267
35.03 	 -0.00697053
35.04 	 -0.00693475
35.05 	 -0.00688611
35.06 	 -0.00682563
35.07 	 -0.00675404
35.08 	 -0.00667206
35.09 	 -0.00658067
35.1 	 -0.00648034
35.11 	 -0.00637191
35.12 	 -0.00625592
35.13 	 -0.00613324
35.14 	 -0.00600465
35.15 	 -0.00587126
35.16 	 -0.00573403
35.17 	 -0.00559394
35.18 	 -0.0054519
35.19 	 -0.00530891
35.2 	 -0.00516577
35.21 	 -0.00502323
35.22 	 -0.00488209
35.23 	 -0.0047429
35.24 	 -0.00460635
35.25 	 -0.00447311
35.26 	 -0.00434342
35.27 	 -0.00421757
35.28 	 -0.00409558
35.29 	 -0.00397753
35.3 	 -0.00386318
35.31 	 -0.00375248
35.32 	 -0.00364523
35.33 	 -0.00354123
35.34 	 -0.00344043
35.35 	 -0.00334283
35.36 	 -0.00324862
35.37 	 -0.00315802
35.38 	 -0.00307141
35.39 	 -0.00298896
35.4 	 -0.002911
35.41 	 -0.0028377
35.42 	 -0.00276904
35.43 	 -0.00270479
35.44 	 -0.00264458
35.45 	 -0.00258778
35.46 	 -0.00253362
35.47 	 -0.00248127
35.48 	 -0.00242992
35.49 	 -0.00237886
35.5 	 -0.00232771
35.51 	 -0.0022761
35.52 	 -0.00222425
35.53 	 -0.00217225
35.54 	 -0.00212055
35.55 	 -0.00206949
35.56 	 -0.00201949
35.57 	 -0.00197094
35.58 	 -0.00192429
35.59 	 -0.0018798
35.6 	 -0.0018377
35.61 	 -0.001798
35.62 	 -0.00176071
35.63 	 -0.00172561
35.64 	 -0.00169232
35.65 	 -0.00166032
35.66 	 -0.00162918
35.67 	 -0.00159828
35.68 	 -0.00156729
35.69 	 -0.00153569
35.7 	 -0.00150319
35.71 	 -0.00146974
35.72 	 -0.00143528
35.73 	 -0.00140013
35.74 	 -0.00136478
35.75 	 -0.00132987
35.76 	 -0.00129612
35.77 	 -0.00126446
35.78 	 -0.00123551
35.79 	 -0.00120996
35.8 	 -0.00118805
35.81 	 -0.00116985
35.82 	 -0.0011552
35.83 	 -0.0011438
35.84 	 -0.00113501
35.85 	 -0.00112826
35.86 	 -0.00112286
35.87 	 -0.00111847
35.88 	 -0.00111452
35.89 	 -0.00111078
35.9 	 -0.00110713
35.91 	 -0.00110354
35.92 	 -0.00110009
35.93 	 -0.00109709
35.94 	 -0.00109474
35.95 	 -0.00109349
35.96 	 -0.00109348
35.97 	 -0.00109508
35.98 	 -0.00109838
35.99 	 -0.00110357
36 	 -0.00111042
36.01 	 -0.00111887
36.02 	 -0.00112846
36.03 	 -0.00113901
36.04 	 -0.00115005
36.05 	 -0.00116115
36.06 	 -0.00117204
36.07 	 -0.00118234
36.08 	 -0.00119189
36.09 	 -0.00120048
36.1 	 -0.00120808
36.11 	 -0.00121468
36.12 	 -0.00121992
36.13 	 -0.00122372
36.14 	 -0.00122567
36.15 	 -0.00122546
36.16 	 -0.00122246
36.17 	 -0.00121615
36.18 	 -0.00120575
36.19 	 -0.00119049
36.2 	 -0.00116968
36.21 	 -0.00114278
36.22 	 -0.00110927
36.23 	 -0.00106896
36.24 	 -0.00102191
36.25 	 -0.000968199
36.26 	 -0.000908243
36.27 	 -0.000842488
36.28 	 -0.000771333
36.29 	 -0.000695081
36.3 	 -0.00061423
36.31 	 -0.000528931
36.32 	 -0.000439485
36.33 	 -0.00034609
36.34 	 -0.000248797
36.35 	 -0.000147556
36.36 	 -4.24655e-05
36.37 	 6.64236e-05
36.38 	 0.000179111
36.39 	 0.000295449
36.4 	 0.000415185
36.41 	 0.000537972
36.42 	 0.000663359
36.43 	 0.000790797
36.44 	 0.000919685
36.45 	 0.00104958
36.46 	 0.00117992
36.47 	 0.00131046
36.48 	 0.00144076
36.49 	 0.00157045
36.5 	 0.00169925
36.51 	 0.00182675
36.52 	 0.00195245
36.53 	 0.00207565
36.54 	 0.00219565
36.55 	 0.00231149
36.56 	 0.00242224
36.57 	 0.00252684
36.58 	 0.00262443
36.59 	 0.00271428
36.6 	 0.00279587
36.61 	 0.00286891
36.62 	 0.00293356
36.63 	 0.0029901
36.64 	 0.00303899
36.65 	 0.00308073
36.66 	 0.00311562
36.67 	 0.00314402
36.68 	 0.00316601
36.69 	 0.0031813
36.7 	 0.00318975
36.71 	 0.0031908
36.72 	 0.00318399
36.73 	 0.00316894
36.74 	 0.00314525
36.75 	 0.0031128
36.76 	 0.00307156
36.77 	 0.00302181
36.78 	 0.00296402
36.79 	 0.00289883
36.8 	 0.00282689
36.81 	 0.00274875
36.82 	 0.00266481
36.83 	 0.00257532
36.84 	 0.00248028
36.85 	 0.00237959
36.86 	 0.00227319
36.87 	 0.00216105
36.88 	 0.00204326
36.89 	 0.00192006
36.9 	 0.00179177
36.91 	 0.00165907
36.92 	 0.00152263
36.93 	 0.00138343
36.94 	 0.00124243
36.95 	 0.00110059
36.96 	 0.000958939
36.97 	 0.000818092
36.98 	 0.000678846
36.99 	 0.0005414
37 	 0.000405905
37.01 	 0.000272311
37.02 	 0.000140517
37.03 	 1.03735e-05
37.04 	 -0.00011832
37.05 	 -0.000245613
37.06 	 -0.000371557
37.07 	 -0.000496101
37.08 	 -0.000618996
37.09 	 -0.000739942
37.1 	 -0.000858438
37.11 	 -0.000973985
37.12 	 -0.00108593
37.13 	 -0.00119388
37.14 	 -0.00129738
37.15 	 -0.00139648
37.16 	 -0.00149143
37.17 	 -0.00158268
37.18 	 -0.00167084
37.19 	 -0.00175644
37.2 	 -0.0018402
37.21 	 -0.0019225
37.22 	 -0.00200371
37.23 	 -0.00208402
37.24 	 -0.00216348
37.25 	 -0.00224208
37.26 	 -0.00231949
37.27 	 -0.00239549
37.28 	 -0.0024698
37.29 	 -0.00254206
37.3 	 -0.00261211
37.31 	 -0.00268012
37.32 	 -0.00274637
37.33 	 -0.00281142
37.34 	 -0.00287607
37.35 	 -0.00294112
37.36 	 -0.00300732
37.37 	 -0.00307537
37.38 	 -0.00314572
37.39 	 -0.00321852
37.4 	 -0.00329382
37.41 	 -0.00337142
37.42 	 -0.00345057
37.43 	 -0.00353066
37.44 	 -0.00361071
37.45 	 -0.0036894
37.46 	 -0.00376535
37.47 	 -0.00383724
37.48 	 -0.00390378
37.49 	 -0.00396396
37.5 	 -0.00401705
37.51 	 -0.00406283
37.52 	 -0.00410122
37.53 	 -0.0041326
37.54 	 -0.00415759
37.55 	 -0.00417682
37.56 	 -0.00419116
37.57 	 -0.0042011
37.58 	 -0.00420689
37.59 	 -0.00420859
37.6 	 -0.00420584
37.61 	 -0.00419783
37.62 	 -0.00418359
37.63 	 -0.00416209
37.64 	 -0.00413245
37.65 	 -0.00409385
37.66 	 -0.00404576
37.67 	 -0.00398808
37.68 	 -0.00392104
37.69 	 -0.0038453
37.7 	 -0.00376171
37.71 	 -0.00367163
37.72 	 -0.00357659
37.73 	 -0.00347795
37.74 	 -0.00337731
37.75 	 -0.00327588
37.76 	 -0.00317464
37.77 	 -0.00307425
37.78 	 -0.00297497
37.79 	 -0.00287683
37.8 	 -0.00277989
37.81 	 -0.0026839
37.82 	 -0.00258866
37.83 	 -0.00249407
37.84 	 -0.00240022
37.85 	 -0.00230743
37.86 	 -0.00221593
37.87 	 -0.00212653
37.88 	 -0.00203988
37.89 	 -0.00195673
37.9 	 -0.00187803
37.91 	 -0.00180433
37.92 	 -0.00173607
37.93 	 -0.00167352
37.94 	 -0.00161641
37.95 	 -0.00156446
37.96 	 -0.00151715
37.97 	 -0.0014739
37.98 	 -0.00143414
37.99 	 -0.00139754
38 	 -0.00136369
38.01 	 -0.00133249
38.02 	 -0.00130378
38.03 	 -0.00127753
38.04 	 -0.00125343
38.05 	 -0.00123123
38.06 	 -0.00121072
38.07 	 -0.00119132
38.08 	 -0.00117256
38.09 	 -0.0011537
38.1 	 -0.00113395
38.11 	 -0.00111259
38.12 	 -0.00108888
38.13 	 -0.00106228
38.14 	 -0.00103237
38.15 	 -0.000998959
38.16 	 -0.0009618
38.17 	 -0.00092079
38.18 	 -0.00087578
38.19 	 -0.000826419
38.2 	 -0.00077231
38.21 	 -0.00071295
38.22 	 -0.000647941
38.23 	 -0.000576732
38.24 	 -0.000499126
38.25 	 -0.000414971
38.26 	 -0.000324319
38.27 	 -0.000227368
38.28 	 -0.00012452
38.29 	 -1.61235e-05
38.3 	 9.74711e-05
38.31 	 0.000215814
38.32 	 0.000338756
38.33 	 0.000465997
38.34 	 0.000597237
38.35 	 0.000732425
38.36 	 0.000871363
38.37 	 0.00101395
38.38 	 0.00115999
38.39 	 0.00130932
38.4 	 0.00146156
38.41 	 0.00161615
38.42 	 0.00177243
38.43 	 0.00192967
38.44 	 0.00208701
38.45 	 0.00224371
38.46 	 0.0023991
38.47 	 0.00255254
38.48 	 0.00270359
38.49 	 0.00285168
38.5 	 0.00299618
38.51 	 0.00313663
38.52 	 0.00327232
38.53 	 0.00340272
38.54 	 0.00352717
38.55 	 0.00364511
38.56 	 0.00375626
38.57 	 0.00386045
38.58 	 0.0039578
38.59 	 0.0040487
38.6 	 0.00413375
38.61 	 0.0042136
38.62 	 0.00428915
38.63 	 0.00436111
38.64 	 0.00443006
38.65 	 0.00449642
38.66 	 0.00456022
38.67 	 0.00462143
38.68 	 0.00467944
38.69 	 0.00473374
38.7 	 0.00478375
38.71 	 0.00482866
38.72 	 0.00486821
38.73 	 0.00490212
38.74 	 0.00493062
38.75 	 0.00495418
38.76 	 0.00497368
38.77 	 0.00499004
38.78 	 0.00500454
38.79 	 0.00501794
38.8 	 0.00503109
38.81 	 0.00504434
38.82 	 0.00505774
38.83 	 0.00507108
38.84 	 0.00508368
38.85 	 0.00509488
38.86 	 0.00510398
38.87 	 0.00511007
38.88 	 0.00511257
38.89 	 0.00511092
38.9 	 0.00510476
38.91 	 0.00509391
38.92 	 0.00507835
38.93 	 0.0050583
38.94 	 0.00503399
38.95 	 0.00500568
38.96 	 0.00497378
38.97 	 0.00493842
38.98 	 0.00489982
38.99 	 0.00485796
39 	 0.00481276
39.01 	 0.00476401
39.02 	 0.00471146
39.03 	 0.00465471
39.04 	 0.00459331
39.05 	 0.00452691
39.06 	 0.00445507
39.07 	 0.00437747
39.08 	 0.00429387
39.09 	 0.00420413
39.1 	 0.00410828
39.11 	 0.00400653
39.12 	 0.00389949
39.13 	 0.00378764
39.14 	 0.00367169
39.15 	 0.00355235
39.16 	 0.0034302
39.17 	 0.00330586
39.18 	 0.00317986
39.19 	 0.00305256
39.2 	 0.00292432
39.21 	 0.00279523
39.22 	 0.00266538
39.23 	 0.00253464
39.24 	 0.00240294
39.25 	 0.00227
39.26 	 0.00213571
39.27 	 0.00199986
39.28 	 0.00186256
39.29 	 0.00172381
39.3 	 0.00158392
39.31 	 0.00144322
39.32 	 0.00130202
39.33 	 0.00116077
39.34 	 0.00102002
39.35 	 0.000880114
39.36 	 0.000741613
39.37 	 0.000605013
39.38 	 0.000470712
39.39 	 0.000339063
39.4 	 0.000210364
39.41 	 8.4767e-05
39.42 	 -3.76297e-05
39.43 	 -0.000157026
39.44 	 -0.000273621
39.45 	 -0.000387716
39.46 	 -0.000499562
39.47 	 -0.000609608
39.48 	 -0.000718155
39.49 	 -0.000825353
39.5 	 -0.000931352
39.51 	 -0.00103615
39.52 	 -0.00113965
39.53 	 -0.00124155
39.54 	 -0.0013416
39.55 	 -0.00143935
39.56 	 -0.00153455
39.57 	 -0.00162696
39.58 	 -0.00171631
39.59 	 -0.00180266
39.6 	 -0.00188602
39.61 	 -0.00196642
39.62 	 -0.00204403
39.63 	 -0.00211898
39.64 	 -0.00219128
39.65 	 -0.00226098
39.66 	 -0.00232798
39.67 	 -0.00239227
39.68 	 -0.00245372
39.69 	 -0.00251227
39.7 	 -0.00256782
39.71 	 -0.00262022
39.72 	 -0.00266961
39.73 	 -0.00271596
39.74 	 -0.00275951
39.75 	 -0.0028003
39.76 	 -0.0028386
39.77 	 -0.0028745
39.78 	 -0.0029082
39.79 	 -0.00293984
39.8 	 -0.00296935
39.81 	 -0.00299695
39.82 	 -0.0030226
39.83 	 -0.0030465
39.84 	 -0.00306866
39.85 	 -0.00308911
39.86 	 -0.00310792
39.87 	 -0.00312487
39.88 	 -0.00313998
39.89 	 -0.00315283
39.9 	 -0.00316338
39.91 	 -0.00317109
39.92 	 -0.00317579
39.93 	 -0.00317709
39.94 	 -0.00317484
39.95 	 -0.00316914
39.96 	 -0.00315993
39.97 	 -0.00314763
39.98 	 -0.00313258
39.99 	 -0.00311527
40 	 -0.00309612
40.01 	 -0.00307551
40.02 	 -0.00305391
40.03 	 -0.00303141
40.04 	 -0.00300806
40.05 	 -0.0029838
40.06 	 -0.0029586
40.07 	 -0.0029321
40.08 	 -0.0029042
40.09 	 -0.00287466
40.1 	 -0.00284326
40.11 	 -0.00280991
40.12 	 -0.00277442
40.13 	 -0.00273692
40.14 	 -0.00269733
40.15 	 -0.00265598
40.16 	 -0.00261284
40.17 	 -0.00256824
40.18 	 -0.00252245
40.19 	 -0.0024757
40.2 	 -0.0024281
40.21 	 -0.0023801
40.22 	 -0.00233196
40.23 	 -0.00228401
40.24 	 -0.00223661
40.25 	 -0.00219021
40.26 	 -0.00214517
40.27 	 -0.00210162
40.28 	 -0.00205967
40.29 	 -0.00201937
40.3 	 -0.00198047
40.31 	 -0.00194292
40.32 	 -0.00190623
40.33 	 -0.00187017
40.34 	 -0.00183452
40.35 	 -0.00179917
40.36 	 -0.00176397
40.37 	 -0.00172907
40.38 	 -0.00169462
40.39 	 -0.00166072
40.4 	 -0.00162761
40.41 	 -0.00159546
40.42 	 -0.00156441
40.43 	 -0.00153445
40.44 	 -0.00150565
40.45 	 -0.00147785
40.46 	 -0.00145085
40.47 	 -0.00142454
40.48 	 -0.00139859
40.49 	 -0.00137279
40.5 	 -0.00134694
40.51 	 -0.00132094
40.52 	 -0.00129464
40.53 	 -0.00126809
40.54 	 -0.00124129
40.55 	 -0.00121435
40.56 	 -0.0011873
40.57 	 -0.00116035
40.58 	 -0.0011335
40.59 	 -0.0011069
40.6 	 -0.0010806
40.61 	 -0.0010546
40.62 	 -0.00102886
40.63 	 -0.00100341
40.64 	 -0.000978258
40.65 	 -0.000953409
40.66 	 -0.00092886
40.67 	 -0.00090461
40.68 	 -0.000880662
40.69 	 -0.000857112
40.7 	 -0.000833963
40.71 	 -0.000811363
40.72 	 -0.000789314
40.73 	 -0.000768113
40.74 	 -0.000747814
40.75 	 -0.000728563
40.76 	 -0.000710464
40.77 	 -0.000693563
40.78 	 -0.000677865
40.79 	 -0.000663314
40.8 	 -0.000649865
40.81 	 -0.000637464
40.82 	 -0.000626015
40.83 	 -0.000615314
40.84 	 -0.000605415
40.85 	 -0.000596163
40.86 	 -0.000587514
40.87 	 -0.000579413
40.88 	 -0.000571863
40.89 	 -0.000564912
40.9 	 -0.000558562
40.91 	 -0.00055286
40.92 	 -0.00054781
40.93 	 -0.000543458
40.94 	 -0.000539708
40.95 	 -0.000536555
40.96 	 -0.000533855
40.97 	 -0.000531553
40.98 	 -0.000529553
40.99 	 -0.0005277
41 	 -0.000526001
41.01 	 -0.000524399
41.02 	 -0.000522799
41.03 	 -0.000521197
41.04 	 -0.000519648
41.05 	 -0.000518046
41.06 	 -0.000516397
41.07 	 -0.000514745
41.08 	 -0.000512896
41.09 	 -0.000510944
41.1 	 -0.000508595
41.11 	 -0.000505793
41.12 	 -0.000502544
41.13 	 -0.000498542
41.14 	 -0.000493893
41.15 	 -0.00048849
41.16 	 -0.000482242
41.17 	 -0.000475289
41.18 	 -0.000467541
41.19 	 -0.000459037
41.2 	 -0.000449939
41.21 	 -0.000440086
41.22 	 -0.000429638
41.23 	 -0.000418585
41.24 	 -0.000406938
41.25 	 -0.000394735
41.26 	 -0.000381938
41.27 	 -0.000368485
41.28 	 -0.000354489
41.29 	 -0.000339836
41.3 	 -0.00032464
41.31 	 -0.000308788
41.32 	 -0.000292242
41.33 	 -0.00027514
41.34 	 -0.000257445
41.35 	 -0.000239141
41.36 	 -0.000220297
41.37 	 -0.000200943
41.38 	 -0.000181099
41.39 	 -0.000160844
41.4 	 -0.00014015
41.41 	 -0.000119145
41.42 	 -9.78009e-05
41.43 	 -7.6196e-05
41.44 	 -5.44019e-05
41.45 	 -3.2446e-05
41.46 	 -1.04527e-05
41.47 	 1.16038e-05
41.48 	 3.36965e-05
41.49 	 5.57539e-05
41.5 	 7.76957e-05
41.51 	 9.96038e-05
41.52 	 0.000121495
41.53 	 0.000143204
41.54 	 0.000164844
41.55 	 0.000186304
41.56 	 0.000207743
41.57 	 0.000229054
41.58 	 0.000250291
41.59 	 0.000271405
41.6 	 0.000292339
41.61 	 0.000313205
41.62 	 0.000333788
41.63 	 0.000354256
41.64 	 0.000374435
41.65 	 0.000394458
41.66 	 0.000414183
41.67 	 0.00043371
41.68 	 0.00045298
41.69 	 0.000472014
41.7 	 0.000490725
41.71 	 0.00050922
41.72 	 0.000527368
41.73 	 0.000545378
41.74 	 0.000562956
41.75 	 0.000580394
41.76 	 0.000597384
41.77 	 0.000614329
41.78 	 0.000630575
41.79 	 0.000647098
41.8 	 0.000662263
41.81 	 0.000277061
41.82 	 0.000286631
41.83 	 0.000294868
41.84 	 0.000303665
41.85 	 0.000311774
41.86 	 0.000320185
41.87 	 0.000328042
41.88 	 0.000336126
41.89 	 0.000343695
41.9 	 0.00035148
41.91 	 0.000358737
41.92 	 0.000366298
41.93 	 0.000373256
41.94 	 0.000380604
41.95 	 0.00038709
41.96 	 0.000394614
41.97 	 4.79541e-07
41.98 	 -2.01418e-07
41.99 	 1.20279e-07
42 	 -8.2955e-08
42.01 	 6.18745e-08
42.02 	 -4.84848e-08
42.03 	 3.93085e-08
42.04 	 -3.26758e-08
42.05 	 2.76891e-08
42.06 	 -2.38244e-08
42.07 	 2.07561e-08
42.08 	 -1.82718e-08
42.09 	 1.6227e-08
42.1 	 -1.45206e-08
42.11 	 1.30796e-08
42.12 	 -1.185e-08
42.13 	 1.07914e-08
42.14 	 -9.87272e-09
42.15 	 9.06966e-09
42.16 	 -8.36321e-09
42.17 	 7.73814e-09
42.18 	 -7.18216e-09
42.19 	 6.68526e-09
42.2 	 -6.23921e-09
42.21 	 5.83717e-09
42.22 	 -5.47345e-09
42.23 	 5.14326e-09
42.24 	 -4.84253e-09
42.25 	 4.56781e-09
42.26 	 -4.31616e-09
42.27 	 4.08501e-09
42.28 	 -3.87219e-09
42.29 	 3.67577e-09
42.3 	 -3.4941e-09
42.31 	 3.32572e-09
42.32 	 -3.16935e-09
42.33 	 3.02387e-09
42.34 	 -2.88827e-09
42.35 	 2.76168e-09
42.36 	 -2.6433e-09
42.37 	 2.53244e-09
42.38 	 -2.42847e-09
42.39 	 2.33082e-09
42.4 	 -2.23899e-09
42.41 	 2.15252e-09
42.42 	 -2.071e-09
42.43 	 1.99405e-09
42.44 	 -1.92134e-09
42.45 	 1.85256e-09
42.46 	 -1.78743e-09
42.47 	 1.7257e-09
42.48 	 -1.66713e-09
42.49 	 1.6115e-09
42.5 	 -1.55863e-09
42.51 	 1.50833e-09
42.52 	 -1.46044e-09
42.53 	 1.4148e-09
42.54 	 -1.37128e-09
42.55 	 1.32975e-09
42.56 	 -1.29008e-09
42.57 	 1.25217e-09
42.58 	 -1.21591e-09
42.59 	 1.18122e-09
42.6 	 -1.14799e-09
42.61 	 1.11614e-09
42.62 	 -1.08561e-09
42.63 	 1.05632e-09
42.64 	 -1.0282e-09
42.65 	 1.0012e-09
42.66 	 -9.75246e-10
42.67 	 9.50292e-10
42.68 	 -9.26287e-10
42.69 	 9.03182e-10
42.7 	 -8.80934e-10
42.71 	 8.59499e-10
42.72 	 -8.38839e-10
42.73 	 8.18918e-10
42.74 	 -7.99699e-10
42.75 	 7.8115e-10
42.76 	 -7.6324e-10
42.77 	 7.45941e-10
42.78 	 -7.29224e-10
42.79 	 7.13065e-10
42.8 	 -6.97437e-10
42.81 	 6.82318e-10
42.82 	 -6.67687e-10
42.83 	 6.53522e-10
42.84 	 -6.39803e-10
42.85 	 6.26513e-10
42.86 	 -6.13633e-10
42.87 	 6.01147e-10
42.88 	 -5.89039e-10
42.89 	 5.77293e-10
42.9 	 -5.65896e-10
42.91 	 5.54833e-10
42.92 	 -5.44091e-10
42.93 	 5.33659e-10
42.94 	 -5.23525e-10
42.95 	 5.13676e-10
42.96 	 -5.04103e-10
42.97 	 4.94796e-10
42.98 	 -4.85744e-10
42.99 	 4.76938e-10
43 	 -4.6837e-10
43.01 	 4.60031e-10
43.02 	 -4.51912e-10
43.03 	 4.44007e-10
43.04 	 -4.36308e-10
43.05 	 4.28807e-10
43.06 	 -4.21498e-10
43.07 	 4.14374e-10
43.08 	 -4.07429e-10
43.09 	 4.00658e-10
43.1 	 -3.94054e-10
43.11 	 3.87612e-10
43.12 	 -3.81326e-10
43.13 	 3.75192e-10
43.14 	 -3.69205e-10
43.15 	 3.63361e-10
43.16 	 -3.57653e-10
43.17 	 3.5208e-10
43.18 	 -3.46635e-10
43.19 	 3.41316e-10
43.2 	 -3.36118e-10
43.21 	 3.31038e-10
43.22 	 -3.26072e-10
43.23 	 3.21217e-10
43.24 	 -3.1647e-10
43.25 	 3.11827e-10
43.26 	 -3.07285e-10
43.27 	 3.02842e-10
43.28 	 -2.98495e-10
43.29 	 2.9424e-10
43.3 	 -2.90075e-10
43.31 	 2.85999e-10
43.32 	 -2.82007e-10
43.33 	 2.78099e-10
43.34 	 -2.74271e-10
43.35 	 2.70521e-10
43.36 	 -2.66848e-10
43.37 	 2.63248e-10
43.38 	 -2.59722e-10
43.39 	 2.56265e-10
43.4 	 -2.52877e-10
43.41 	 2.49556e-10
43.42 	 -2.46299e-10
43.43 	 2.43106e-10
43.44 	 -2.39974e-10
43.45 	 2.36902e-10
43.46 	 -2.33889e-10
43.47 	 2.30933e-10
43.48 	 -2.28032e-10
43.49 	 2.25186e-10
43.5 	 -2.22392e-10
43.51 	 2.19651e-10
43.52 	 -2.16959e-10
43.53 	 2.14316e-10
43.54 	 -2.11722e-10
43.55 	 2.09174e-10
43.56 	 -2.06671e-10
43.57 	 2.04213e-10
43.58 	 -2.01799e-10
43.59 	 1.99427e-10
43.6 	 -1.97097e-10
43.61 	 1.94807e-10
43.62 	 -1.92557e-10
43.63 	 1.90345e-10
43.64 	 -1.88171e-10
43.65 	 1.86034e-10
43.66 	 -1.83933e-10
43.67 	 1.81868e-10
43.68 	 -1.79836e-10
43.69 	 1.77839e-10
43.7 	 -1.75875e-10
43.71 	 1.73942e-10
43.72 	 -1.72042e-10
43.73 	 1.70172e-10
43.74 	 -1.68333e-10
43.75 	 1.66523e-10
43.76 	 -1.64742e-10
43.77 	 1.62989e-10
43.78 	 -1.61264e-10
43.79 	 1.59566e-10
43.8 	 -1.57895e-10
43.81 	 1.5625e-10
43.82 	 -1.5463e-10
43.83 	 1.53035e-10
43.84 	 -1.51465e-10
43.85 	 1.49918e-10
43.86 	 -1.48395e-10
43.87 	 1.46895e-10
43.88 	 -1.45418e-10
