0 	 8.08682e-11
0.01 	 -8.00048e-11
0.02 	 7.91554e-11
0.03 	 -7.83202e-11
0.04 	 7.74984e-11
0.05 	 -7.66906e-11
0.06 	 7.58956e-11
0.07 	 -7.51135e-11
0.08 	 7.43438e-11
0.09 	 -7.35871e-11
0.1 	 7.28424e-11
0.11 	 -7.21095e-11
0.12 	 7.13881e-11
0.13 	 -7.06789e-11
0.14 	 6.99805e-11
0.15 	 -6.92937e-11
0.16 	 6.86171e-11
0.17 	 -6.79522e-11
0.18 	 6.72966e-11
0.19 	 -6.66522e-11
0.2 	 6.60175e-11
0.21 	 -6.53939e-11
0.22 	 6.47787e-11
0.23 	 -6.41738e-11
0.24 	 6.35782e-11
0.25 	 -6.29927e-11
0.26 	 6.24162e-11
0.27 	 -6.18483e-11
0.28 	 6.12893e-11
0.29 	 -6.07393e-11
0.3 	 6.01987e-11
0.31 	 -5.96659e-11
0.32 	 5.91423e-11
0.33 	 -5.86263e-11
0.34 	 5.8119e-11
0.35 	 -5.76195e-11
0.36 	 5.71287e-11
0.37 	 -5.66451e-11
0.38 	 5.61699e-11
0.39 	 -5.57024e-11
0.4 	 5.52426e-11
0.41 	 -5.47907e-11
0.42 	 5.43459e-11
0.43 	 -5.39095e-11
0.44 	 5.34795e-11
0.45 	 -5.30572e-11
0.46 	 5.26429e-11
0.47 	 -5.22353e-11
0.48 	 5.18352e-11
0.49 	 -5.14422e-11
0.5 	 5.10568e-11
0.51 	 -5.06785e-11
0.52 	 5.03065e-11
0.53 	 -4.99429e-11
0.54 	 4.95862e-11
0.55 	 -4.92363e-11
0.56 	 4.88936e-11
0.57 	 -4.85582e-11
0.58 	 4.82303e-11
0.59 	 -4.79097e-11
0.6 	 4.75956e-11
0.61 	 -4.72896e-11
0.62 	 4.69908e-11
0.63 	 -4.66992e-11
0.64 	 4.6415e-11
0.65 	 -4.6139e-11
0.66 	 4.587e-11
0.67 	 -4.56089e-11
0.68 	 4.53554e-11
0.69 	 -4.51101e-11
0.7 	 4.48731e-11
0.71 	 -4.46435e-11
0.72 	 4.4423e-11
0.73 	 -4.42105e-11
0.74 	 4.40073e-11
0.75 	 -4.38121e-11
0.76 	 4.36261e-11
0.77 	 -4.34494e-11
0.78 	 4.32823e-11
0.79 	 -4.31249e-11
0.8 	 4.29767e-11
0.81 	 -4.28394e-11
0.82 	 4.27123e-11
0.83 	 -4.25958e-11
0.84 	 4.24908e-11
0.85 	 -4.23962e-11
0.86 	 4.23142e-11
0.87 	 -4.22437e-11
0.88 	 4.21865e-11
0.89 	 -4.21416e-11
0.9 	 4.21113e-11
0.91 	 -4.20935e-11
0.92 	 4.20904e-11
0.93 	 -4.21028e-11
0.94 	 4.21309e-11
0.95 	 -4.21753e-11
0.96 	 4.22352e-11
0.97 	 -4.23145e-11
0.98 	 4.24111e-11
0.99 	 -4.2527e-11
1 	 4.26622e-11
1.01 	 -4.28198e-11
1.02 	 4.29971e-11
1.03 	 -4.31987e-11
1.04 	 4.3423e-11
1.05 	 -4.36733e-11
1.06 	 4.39497e-11
1.07 	 -4.42529e-11
1.08 	 4.45842e-11
1.09 	 -4.4947e-11
1.1 	 4.53416e-11
1.11 	 -4.57685e-11
1.12 	 4.62308e-11
1.13 	 -4.67309e-11
1.14 	 4.72694e-11
1.15 	 -4.78483e-11
1.16 	 4.8471e-11
1.17 	 -4.91402e-11
1.18 	 4.98564e-11
1.19 	 -5.06238e-11
1.2 	 5.14451e-11
1.21 	 -5.2323e-11
1.22 	 5.32621e-11
1.23 	 -5.42642e-11
1.24 	 5.5334e-11
1.25 	 -5.64758e-11
1.26 	 5.76943e-11
1.27 	 -5.89923e-11
1.28 	 6.03772e-11
1.29 	 -6.18536e-11
1.3 	 6.34269e-11
1.31 	 -6.51033e-11
1.32 	 6.6891e-11
1.33 	 -6.87958e-11
1.34 	 7.0826e-11
1.35 	 -7.29905e-11
1.36 	 7.52989e-11
1.37 	 -7.77598e-11
1.38 	 8.03857e-11
1.39 	 -8.3188e-11
1.4 	 8.61784e-11
1.41 	 -8.93727e-11
1.42 	 9.27848e-11
1.43 	 -9.6431e-11
1.44 	 1.00331e-10
1.45 	 -1.04504e-10
1.46 	 1.0897e-10
1.47 	 -1.13756e-10
1.48 	 1.18886e-10
1.49 	 -1.2439e-10
1.5 	 1.303e-10
1.51 	 -1.36651e-10
1.52 	 1.43482e-10
1.53 	 -1.50836e-10
1.54 	 1.58763e-10
1.55 	 -1.67317e-10
1.56 	 1.76558e-10
1.57 	 -1.86553e-10
1.58 	 1.97381e-10
1.59 	 -2.09127e-10
1.6 	 2.2189e-10
1.61 	 -2.35781e-10
1.62 	 2.50928e-10
1.63 	 -2.67476e-10
1.64 	 2.85596e-10
1.65 	 -3.05482e-10
1.66 	 3.2736e-10
1.67 	 -3.51497e-10
1.68 	 3.78206e-10
1.69 	 -4.07859e-10
1.7 	 4.40899e-10
1.71 	 -4.77862e-10
1.72 	 5.19395e-10
1.73 	 -5.66295e-10
1.74 	 6.19548e-10
1.75 	 -6.80394e-10
1.76 	 7.50404e-10
1.77 	 -8.31608e-10
1.78 	 9.26665e-10
1.79 	 -1.03913e-09
1.8 	 1.17385e-09
1.81 	 -1.33762e-09
1.82 	 1.5402e-09
1.83 	 -1.79614e-09
1.84 	 2.12803e-09
1.85 	 -2.5727e-09
1.86 	 3.19427e-09
1.87 	 -4.11407e-09
1.88 	 5.59038e-09
1.89 	 -8.27933e-09
1.9 	 1.44274e-08
1.91 	 -3.82693e-08
1.92 	 -4.91901e-05
1.93 	 -0.00019668
1.94 	 -0.000638762
1.95 	 -0.00132565
1.96 	 -0.00201222
1.97 	 -0.00255131
1.98 	 -0.00269752
1.99 	 -0.00225487
2 	 -0.000977561
2.01 	 0.00177253
2.02 	 0.00638643
2.03 	 0.0124214
2.04 	 0.0188956
2.05 	 0.0242877
2.06 	 0.0274716
2.07 	 0.0283507
2.08 	 0.0274165
2.09 	 0.0255521
2.1 	 0.0230998
2.11 	 0.0201564
2.12 	 0.0167217
2.13 	 0.0129931
2.14 	 0.00985407
2.15 	 0.00828556
2.16 	 0.00897305
2.17 	 0.0125033
2.18 	 0.0184352
2.19 	 0.0252491
2.2 	 0.0306899
2.21 	 0.0324538
2.22 	 0.0289701
2.23 	 0.0206318
2.24 	 0.00905681
2.25 	 -0.00335032
2.26 	 -0.0144312
2.27 	 -0.0230083
2.28 	 -0.0283956
2.29 	 -0.0301042
2.3 	 -0.027351
2.31 	 -0.0198917
2.32 	 -0.0083151
2.33 	 0.00566224
2.34 	 0.019098
2.35 	 0.0289521
2.36 	 0.0324296
2.37 	 0.0282077
2.38 	 0.0166308
2.39 	 -4.50802e-05
2.4 	 -0.018485
2.41 	 -0.0353555
2.42 	 -0.0476649
2.43 	 -0.0533527
2.44 	 -0.0506532
2.45 	 -0.0389787
2.46 	 -0.0190663
2.47 	 0.00613932
2.48 	 0.0323715
2.49 	 0.0551206
2.5 	 0.0708093
2.51 	 0.0777724
2.52 	 0.0761081
2.53 	 0.0667447
2.54 	 0.0512974
2.55 	 0.0311848
2.56 	 0.00787896
2.57 	 -0.0170975
2.58 	 -0.0416317
2.59 	 -0.0628282
2.6 	 -0.077596
2.61 	 -0.083629
2.62 	 -0.0803866
2.63 	 -0.0693875
2.64 	 -0.0532806
2.65 	 -0.0349633
2.66 	 -0.0168432
2.67 	 -0.000102032
2.68 	 0.0147189
2.69 	 0.0271312
2.7 	 0.0363516
2.71 	 0.0405191
2.72 	 0.0378191
2.73 	 0.0272705
2.74 	 0.00965648
2.75 	 -0.0126692
2.76 	 -0.0366161
2.77 	 -0.0591424
2.78 	 -0.0779904
2.79 	 -0.0915904
2.8 	 -0.099109
2.81 	 -0.100642
2.82 	 -0.0967276
2.83 	 -0.0876559
2.84 	 -0.0729336
2.85 	 -0.0514338
2.86 	 -0.0219319
2.87 	 0.0147813
2.88 	 0.0553146
2.89 	 0.0935311
2.9 	 0.122808
2.91 	 0.138246
2.92 	 0.138622
2.93 	 0.125806
2.94 	 0.103381
2.95 	 0.0748767
2.96 	 0.0423038
2.97 	 0.00664203
2.98 	 -0.0307354
2.99 	 -0.0672798
3 	 -0.0985286
3.01 	 -0.119627
3.02 	 -0.126897
3.03 	 -0.119894
3.04 	 -0.102094
3.05 	 -0.079574
3.06 	 -0.0585115
3.07 	 -0.0424901
3.08 	 -0.0312707
3.09 	 -0.0215718
3.1 	 -0.00913039
3.11 	 0.00879835
3.12 	 0.0315738
3.13 	 0.0551209
3.14 	 0.0732073
3.15 	 0.079899
3.16 	 0.0714722
3.17 	 0.0474447
3.18 	 0.0105235
3.19 	 -0.0338381
3.2 	 -0.0783777
3.21 	 -0.114907
3.22 	 -0.136126
3.23 	 -0.137186
3.24 	 -0.116527
3.25 	 -0.07577
3.26 	 -0.0192319
3.27 	 0.0468622
3.28 	 0.114523
3.29 	 0.174145
3.3 	 0.215825
3.31 	 0.23167
3.32 	 0.218492
3.33 	 0.179772
3.34 	 0.12566
3.35 	 0.0708139
3.36 	 0.0296426
3.37 	 0.0114562
3.38 	 0.0175743
3.39 	 0.0414764
3.4 	 0.0722822
3.41 	 0.0985746
3.42 	 0.110847
3.43 	 0.103022
3.44 	 0.0726036
3.45 	 0.0209662
3.46 	 -0.0462004
3.47 	 -0.12012
3.48 	 -0.189273
3.49 	 -0.240624
3.5 	 -0.262068
3.51 	 -0.245617
3.52 	 -0.190436
3.53 	 -0.103775
3.54 	 0.000937484
3.55 	 0.107129
3.56 	 0.199154
3.57 	 0.264545
3.58 	 0.294417
3.59 	 0.283369
3.6 	 0.229927
3.61 	 0.138214
3.62 	 0.0197622
3.63 	 -0.107368
3.64 	 -0.22159
3.65 	 -0.303627
3.66 	 -0.341413
3.67 	 -0.332693
3.68 	 -0.284383
3.69 	 -0.209042
3.7 	 -0.119716
3.71 	 -0.0258177
3.72 	 0.0681926
3.73 	 0.160894
3.74 	 0.24924
3.75 	 0.324881
3.76 	 0.374414
3.77 	 0.383602
3.78 	 0.343761
3.79 	 0.256314
3.8 	 0.133238
3.81 	 -0.00641595
3.82 	 -0.141787
3.83 	 -0.254422
3.84 	 -0.332399
3.85 	 -0.371606
3.86 	 -0.37446
3.87 	 -0.345387
3.88 	 -0.287535
3.89 	 -0.201689
3.9 	 -0.0894117
3.91 	 0.0425374
3.92 	 0.179939
3.93 	 0.30224
3.94 	 0.387262
3.95 	 0.417338
3.96 	 0.384762
3.97 	 0.295126
3.98 	 0.165352
3.99 	 0.0188407
4 	 -0.122184
4.01 	 -0.24192
4.02 	 -0.332413
4.03 	 -0.38978
4.04 	 -0.410974
4.05 	 -0.392072
4.06 	 -0.330138
4.07 	 -0.2267
4.08 	 -0.090348
4.09 	 0.0629751
4.1 	 0.212571
4.11 	 0.337788
4.12 	 0.422286
4.13 	 0.456639
4.14 	 0.43819
4.15 	 0.369687
4.16 	 0.258549
4.17 	 0.117546
4.18 	 -0.0352588
4.19 	 -0.177647
4.2 	 -0.287556
4.21 	 -0.348128
4.22 	 -0.353143
4.23 	 -0.308491
4.24 	 -0.229909
4.25 	 -0.136808
4.26 	 -0.0462943
4.27 	 0.0308511
4.28 	 0.0904151
4.29 	 0.131809
4.3 	 0.154437
4.31 	 0.155145
4.32 	 0.129155
4.33 	 0.0742903
4.34 	 -0.00435291
4.35 	 -0.0918503
4.36 	 -0.166697
4.37 	 -0.208667
4.38 	 -0.208876
4.39 	 -0.17454
4.4 	 -0.127059
4.41 	 -0.0917492
4.42 	 -0.0860709
4.43 	 -0.111486
4.44 	 -0.153467
4.45 	 -0.1894
4.46 	 -0.198293
4.47 	 -0.169014
4.48 	 -0.103282
4.49 	 -0.0139057
4.5 	 0.0812456
4.51 	 0.166554
4.52 	 0.231897
4.53 	 0.272225
4.54 	 0.285209
4.55 	 0.2702
4.56 	 0.227722
4.57 	 0.161023
4.58 	 0.0765085
4.59 	 -0.0161458
4.6 	 -0.105148
4.61 	 -0.178787
4.62 	 -0.2269
4.63 	 -0.242847
4.64 	 -0.224159
4.65 	 -0.173078
4.66 	 -0.0965115
4.67 	 -0.00435859
4.68 	 0.0920554
4.69 	 0.182721
4.7 	 0.261045
4.71 	 0.324834
4.72 	 0.373315
4.73 	 0.403718
4.74 	 0.408249
4.75 	 0.375408
4.76 	 0.295177
4.77 	 0.165872
4.78 	 -0.00228706
4.79 	 -0.188941
4.8 	 -0.370164
4.81 	 -0.524878
4.82 	 -0.638185
4.83 	 -0.700236
4.84 	 -0.704028
4.85 	 -0.644416
4.86 	 -0.521203
4.87 	 -0.343015
4.88 	 -0.130681
4.89 	 0.0851115
4.9 	 0.270475
4.91 	 0.397594
4.92 	 0.45198
4.93 	 0.434932
4.94 	 0.359916
4.95 	 0.246196
4.96 	 0.111875
4.97 	 -0.028855
4.98 	 -0.165134
4.99 	 -0.286149
5 	 -0.379476
5.01 	 -0.431467
5.02 	 -0.430739
5.03 	 -0.371946
5.04 	 -0.258732
5.05 	 -0.104555
5.06 	 0.0700611
5.07 	 0.242297
5.08 	 0.392285
5.09 	 0.50645
5.1 	 0.577598
5.11 	 0.603242
5.12 	 0.583439
5.13 	 0.519898
5.14 	 0.415646
5.15 	 0.276454
5.16 	 0.112222
5.17 	 -0.0610602
5.18 	 -0.221356
5.19 	 -0.343584
5.2 	 -0.405113
5.21 	 -0.393717
5.22 	 -0.312193
5.23 	 -0.178112
5.24 	 -0.0177328
5.25 	 0.142934
5.26 	 0.284403
5.27 	 0.394843
5.28 	 0.467826
5.29 	 0.498254
5.3 	 0.48212
5.31 	 0.418561
5.32 	 0.31387
5.33 	 0.183011
5.34 	 0.0477976
5.35 	 -0.0684934
5.36 	 -0.14626
5.37 	 -0.174571
5.38 	 -0.153071
5.39 	 -0.0910131
5.4 	 -0.00373158
5.41 	 0.0922032
5.42 	 0.182177
5.43 	 0.253683
5.44 	 0.296126
5.45 	 0.300726
5.46 	 0.262964
5.47 	 0.184884
5.48 	 0.0775078
5.49 	 -0.0408762
5.5 	 -0.148927
5.51 	 -0.22932
5.52 	 -0.273212
5.53 	 -0.282266
5.54 	 -0.265752
5.55 	 -0.235545
5.56 	 -0.201998
5.57 	 -0.171887
5.58 	 -0.14899
5.59 	 -0.135811
5.6 	 -0.135053
5.61 	 -0.149123
5.62 	 -0.179443
5.63 	 -0.225271
5.64 	 -0.281105
5.65 	 -0.335606
5.66 	 -0.37288
5.67 	 -0.378319
5.68 	 -0.345069
5.69 	 -0.279029
5.7 	 -0.197471
5.71 	 -0.122463
5.72 	 -0.073074
5.73 	 -0.0585556
5.74 	 -0.0765826
5.75 	 -0.114287
5.76 	 -0.154395
5.77 	 -0.180972
5.78 	 -0.184618
5.79 	 -0.164131
5.8 	 -0.123954
5.81 	 -0.0705297
5.82 	 -0.0091088
5.83 	 0.056747
5.84 	 0.124176
5.85 	 0.189142
5.86 	 0.246564
5.87 	 0.291291
5.88 	 0.318688
5.89 	 0.325139
5.9 	 0.31017
5.91 	 0.279499
5.92 	 0.244604
5.93 	 0.218934
5.94 	 0.210452
5.95 	 0.216281
5.96 	 0.223393
5.97 	 0.215084
5.98 	 0.179988
5.99 	 0.118009
6 	 0.0409551
6.01 	 -0.0320684
6.02 	 -0.0807786
6.03 	 -0.0903767
6.04 	 -0.0556614
6.05 	 0.0162662
6.06 	 0.108445
6.07 	 0.198854
6.08 	 0.266205
6.09 	 0.294218
6.1 	 0.273045
6.11 	 0.200155
6.12 	 0.0808035
6.13 	 -0.070986
6.14 	 -0.233062
6.15 	 -0.379059
6.16 	 -0.484564
6.17 	 -0.533295
6.18 	 -0.520096
6.19 	 -0.45089
6.2 	 -0.339257
6.21 	 -0.203979
6.22 	 -0.0665396
6.23 	 0.05045
6.24 	 0.126391
6.25 	 0.147749
6.26 	 0.112265
6.27 	 0.0303286
6.28 	 -0.0782083
6.29 	 -0.190844
6.3 	 -0.288451
6.31 	 -0.35886
6.32 	 -0.39671
6.33 	 -0.401594
6.34 	 -0.376103
6.35 	 -0.324843
6.36 	 -0.254634
6.37 	 -0.175238
6.38 	 -0.0988198
6.39 	 -0.0376402
6.4 	 -0.00102021
6.41 	 0.00853294
6.42 	 -0.00393708
6.43 	 -0.0282342
6.44 	 -0.053521
6.45 	 -0.0728276
6.46 	 -0.0835472
6.47 	 -0.0846408
6.48 	 -0.0725736
6.49 	 -0.0405299
6.5 	 0.0187885
6.51 	 0.10787
6.52 	 0.219589
6.53 	 0.336868
6.54 	 0.437783
6.55 	 0.503654
6.56 	 0.525421
6.57 	 0.505398
6.58 	 0.4534
6.59 	 0.380117
6.6 	 0.29192
6.61 	 0.190477
6.62 	 0.0769177
6.63 	 -0.0419826
6.64 	 -0.150572
6.65 	 -0.227364
6.66 	 -0.252343
6.67 	 -0.215993
6.68 	 -0.123505
6.69 	 0.00648338
6.7 	 0.149102
6.71 	 0.280596
6.72 	 0.384419
6.73 	 0.452216
6.74 	 0.481726
6.75 	 0.473107
6.76 	 0.426618
6.77 	 0.34384
6.78 	 0.23086
6.79 	 0.101307
6.8 	 -0.0247702
6.81 	 -0.126489
6.82 	 -0.189388
6.83 	 -0.210622
6.84 	 -0.198132
6.85 	 -0.165346
6.86 	 -0.124955
6.87 	 -0.086118
6.88 	 -0.0538305
6.89 	 -0.030933
6.9 	 -0.0195872
6.91 	 -0.0212729
6.92 	 -0.0359023
6.93 	 -0.0601993
6.94 	 -0.0872083
6.95 	 -0.10801
6.96 	 -0.115446
6.97 	 -0.108481
6.98 	 -0.0927877
6.99 	 -0.077077
7 	 -0.0686405
7.01 	 -0.069437
7.02 	 -0.0761905
7.03 	 -0.0837219
7.04 	 -0.088225
7.05 	 -0.088976
7.06 	 -0.0881838
7.07 	 -0.088537
7.08 	 -0.0901212
7.09 	 -0.0889035
7.1 	 -0.0780113
7.11 	 -0.0520981
7.12 	 -0.0114614
7.13 	 0.0361459
7.14 	 0.079681
7.15 	 0.112025
7.16 	 0.134988
7.17 	 0.159359
7.18 	 0.19843
7.19 	 0.25902
7.2 	 0.335094
7.21 	 0.407472
7.22 	 0.450552
7.23 	 0.443104
7.24 	 0.377633
7.25 	 0.26342
7.26 	 0.123087
7.27 	 -0.0169725
7.28 	 -0.135421
7.29 	 -0.221177
7.3 	 -0.27268
7.31 	 -0.293473
7.32 	 -0.2869
7.33 	 -0.254291
7.34 	 -0.195595
7.35 	 -0.113499
7.36 	 -0.0165247
7.37 	 0.0786592
7.38 	 0.150516
7.39 	 0.178968
7.4 	 0.152323
7.41 	 0.0713957
7.42 	 -0.0510189
7.43 	 -0.196084
7.44 	 -0.345841
7.45 	 -0.488456
7.46 	 -0.618915
7.47 	 -0.735636
7.48 	 -0.836253
7.49 	 -0.915559
7.5 	 -0.964573
7.51 	 -0.972556
7.52 	 -0.93054
7.53 	 -0.835981
7.54 	 -0.694578
7.55 	 -0.519825
7.56 	 -0.328842
7.57 	 -0.137966
7.58 	 0.0394086
7.59 	 0.192538
7.6 	 0.311415
7.61 	 0.386331
7.62 	 0.409198
7.63 	 0.377321
7.64 	 0.296883
7.65 	 0.184565
7.66 	 0.0653848
7.67 	 -0.0331431
7.68 	 -0.0885531
7.69 	 -0.0891718
7.7 	 -0.0364212
7.71 	 0.0572406
7.72 	 0.17396
7.73 	 0.296229
7.74 	 0.410713
7.75 	 0.509082
7.76 	 0.586632
7.77 	 0.640957
7.78 	 0.67053
7.79 	 0.674794
7.8 	 0.654566
7.81 	 0.612869
7.82 	 0.554056
7.83 	 0.481757
7.84 	 0.397407
7.85 	 0.300092
7.86 	 0.187382
7.87 	 0.0581188
7.88 	 -0.0862651
7.89 	 -0.240866
7.9 	 -0.396471
7.91 	 -0.54029
7.92 	 -0.658403
7.93 	 -0.739046
7.94 	 -0.776094
7.95 	 -0.76974
7.96 	 -0.725964
7.97 	 -0.654418
7.98 	 -0.566521
7.99 	 -0.473845
8 	 -0.386252
8.01 	 -0.309977
8.02 	 -0.247785
8.03 	 -0.199991
8.04 	 -0.168678
8.05 	 -0.160825
8.06 	 -0.186392
8.07 	 -0.253109
8.08 	 -0.360113
8.09 	 -0.49412
8.1 	 -0.632394
8.11 	 -0.749124
8.12 	 -0.823083
8.13 	 -0.842229
8.14 	 -0.804674
8.15 	 -0.716761
8.16 	 -0.588995
8.17 	 -0.43192
8.18 	 -0.255037
8.19 	 -0.0677967
8.2 	 0.116872
8.21 	 0.280443
8.22 	 0.401236
8.23 	 0.461437
8.24 	 0.454541
8.25 	 0.389839
8.26 	 0.289871
8.27 	 0.183032
8.28 	 0.0933155
8.29 	 0.0335914
8.3 	 0.00240438
8.31 	 -0.013574
8.32 	 -0.0316461
8.33 	 -0.0637684
8.34 	 -0.110913
8.35 	 -0.162188
8.36 	 -0.198314
8.37 	 -0.196586
8.38 	 -0.137446
8.39 	 -0.00914095
8.4 	 0.18865
8.41 	 0.444826
8.42 	 0.739905
8.43 	 1.05039
8.44 	 1.35158
8.45 	 1.61864
8.46 	 1.82845
8.47 	 1.96228
8.48 	 2.0087
8.49 	 1.96427
8.5 	 1.83314
8.51 	 1.62598
8.52 	 1.36105
8.53 	 1.06648
8.54 	 0.77806
8.55 	 0.532454
8.56 	 0.358137
8.57 	 0.268059
8.58 	 0.258535
8.59 	 0.312281
8.6 	 0.403334
8.61 	 0.500681
8.62 	 0.575374
8.63 	 0.607839
8.64 	 0.590626
8.65 	 0.526054
8.66 	 0.423163
8.67 	 0.295155
8.68 	 0.157116
8.69 	 0.0250984
8.7 	 -0.0817506
8.71 	 -0.138331
8.72 	 -0.115358
8.73 	 0.00948454
8.74 	 0.231014
8.75 	 0.499594
8.76 	 0.727602
8.77 	 0.818495
8.78 	 0.704613
8.79 	 0.374085
8.8 	 -0.124849
8.81 	 -0.699407
8.82 	 -1.24013
8.83 	 -1.64843
8.84 	 -1.85859
8.85 	 -1.8473
8.86 	 -1.62666
8.87 	 -1.2268
8.88 	 -0.681266
8.89 	 -0.0243776
8.9 	 0.694482
8.91 	 1.39568
8.92 	 1.97547
8.93 	 2.33495
8.94 	 2.41353
8.95 	 2.20881
8.96 	 1.77431
8.97 	 1.20024
8.98 	 0.586183
8.99 	 0.0181736
9 	 -0.444209
9.01 	 -0.76857
9.02 	 -0.944417
9.03 	 -0.976697
9.04 	 -0.882056
9.05 	 -0.68809
9.06 	 -0.431515
9.07 	 -0.152663
9.08 	 0.112505
9.09 	 0.33936
9.1 	 0.514355
9.11 	 0.628993
9.12 	 0.672619
9.13 	 0.630811
9.14 	 0.491415
9.15 	 0.254445
9.16 	 -0.0621388
9.17 	 -0.422134
9.18 	 -0.777467
9.19 	 -1.07736
9.2 	 -1.27942
9.21 	 -1.35907
9.22 	 -1.31272
9.23 	 -1.15356
9.24 	 -0.901198
9.25 	 -0.572744
9.26 	 -0.181989
9.27 	 0.254582
9.28 	 0.709052
9.29 	 1.13991
9.3 	 1.49881
9.31 	 1.74302
9.32 	 1.84214
9.33 	 1.78024
9.34 	 1.56073
9.35 	 1.21357
9.36 	 0.795466
9.37 	 0.379447
9.38 	 0.0353213
9.39 	 -0.189552
9.4 	 -0.277652
9.41 	 -0.236225
9.42 	 -0.0878519
9.43 	 0.137949
9.44 	 0.409081
9.45 	 0.693062
9.46 	 0.957988
9.47 	 1.17444
9.48 	 1.31465
9.49 	 1.35251
9.5 	 1.27011
9.51 	 1.06824
9.52 	 0.771715
9.53 	 0.424545
9.54 	 0.0757921
9.55 	 -0.237471
9.56 	 -0.499892
9.57 	 -0.717216
9.58 	 -0.907913
9.59 	 -1.09307
9.6 	 -1.28703
9.61 	 -1.49313
9.62 	 -1.70497
9.63 	 -1.91089
9.64 	 -2.09783
9.65 	 -2.25392
9.66 	 -2.37061
9.67 	 -2.44407
9.68 	 -2.47469
9.69 	 -2.46413
9.7 	 -2.4142
9.71 	 -2.32792
9.72 	 -2.21112
9.73 	 -2.07315
9.74 	 -1.92431
9.75 	 -1.77161
9.76 	 -1.61322
9.77 	 -1.4387
9.78 	 -1.24159
9.79 	 -1.03753
9.8 	 -0.868255
9.81 	 -0.788321
9.82 	 -0.839126
9.83 	 -1.02667
9.84 	 -1.31701
9.85 	 -1.64849
9.86 	 -1.95403
9.87 	 -2.18078
9.88 	 -2.30129
9.89 	 -2.31378
9.9 	 -2.23332
9.91 	 -2.0794
9.92 	 -1.86413
9.93 	 -1.58899
9.94 	 -1.25645
9.95 	 -0.88795
9.96 	 -0.52965
9.97 	 -0.240303
9.98 	 -0.0665072
9.99 	 -0.0182887
10 	 -0.0558577
10.01 	 -0.0961755
10.02 	 -0.0460519
10.03 	 0.153832
10.04 	 0.498619
10.05 	 0.919217
10.06 	 1.31662
10.07 	 1.60824
10.08 	 1.75384
10.09 	 1.75361
10.1 	 1.6352
10.11 	 1.44208
10.12 	 1.22305
10.13 	 1.02307
10.14 	 0.874983
10.15 	 0.79601
10.16 	 0.795761
10.17 	 0.887779
10.18 	 1.08685
10.19 	 1.39226
10.2 	 1.76998
10.21 	 2.15079
10.22 	 2.45311
10.23 	 2.61682
10.24 	 2.62037
10.25 	 2.47522
10.26 	 2.21443
10.27 	 1.88361
10.28 	 1.53313
10.29 	 1.20912
10.3 	 0.945058
10.31 	 0.755386
10.32 	 0.634437
10.33 	 0.560936
10.34 	 0.508342
10.35 	 0.455399
10.36 	 0.391198
10.37 	 0.314306
10.38 	 0.229334
10.39 	 0.143209
10.4 	 0.0629584
10.41 	 -0.00517844
10.42 	 -0.0568318
10.43 	 -0.0901406
10.44 	 -0.104914
10.45 	 -0.101104
10.46 	 -0.0789522
10.47 	 -0.0398724
10.48 	 0.0133495
10.49 	 0.0765012
10.5 	 0.14409
10.51 	 0.208708
10.52 	 0.261228
10.53 	 0.292773
10.54 	 0.297456
10.55 	 0.274835
10.56 	 0.229319
10.57 	 0.168899
10.58 	 0.101862
10.59 	 0.0350313
10.6 	 -0.0273747
10.61 	 -0.0837895
10.62 	 -0.135348
10.63 	 -0.184559
10.64 	 -0.233782
10.65 	 -0.28336
10.66 	 -0.331374
10.67 	 -0.374778
10.68 	 -0.412446
10.69 	 -0.446642
10.7 	 -0.483856
10.71 	 -0.532092
10.72 	 -0.598412
10.73 	 -0.685009
10.74 	 -0.786471
10.75 	 -0.888705
10.76 	 -0.972378
10.77 	 -1.01964
10.78 	 -1.02102
10.79 	 -0.978066
10.8 	 -0.900636
10.81 	 -0.800406
10.82 	 -0.685077
10.83 	 -0.556605
10.84 	 -0.41361
10.85 	 -0.25539
10.86 	 -0.0852224
10.87 	 0.0889499
10.88 	 0.256179
10.89 	 0.405653
10.9 	 0.52994
10.91 	 0.627551
10.92 	 0.703094
10.93 	 0.765317
10.94 	 0.82322
10.95 	 0.882169
10.96 	 0.941829
10.97 	 0.996941
10.98 	 1.03827
10.99 	 1.05515
11 	 1.039
11.01 	 0.987823
11.02 	 0.908784
11.03 	 0.816667
11.04 	 0.728796
11.05 	 0.65857
11.06 	 0.61084
11.07 	 0.58084
11.08 	 0.556929
11.09 	 0.5255
11.1 	 0.475849
11.11 	 0.403512
11.12 	 0.30914
11.13 	 0.196084
11.14 	 0.0657344
11.15 	 -0.0831253
11.16 	 -0.253344
11.17 	 -0.444789
11.18 	 -0.651988
11.19 	 -0.864116
11.2 	 -1.06784
11.21 	 -1.25125
11.22 	 -1.40627
11.23 	 -1.53065
11.24 	 -1.62785
11.25 	 -1.70585
11.26 	 -1.77485
11.27 	 -1.84301
11.28 	 -1.91429
11.29 	 -1.98745
11.3 	 -2.05708
11.31 	 -2.11396
11.32 	 -2.14681
11.33 	 -2.14341
11.34 	 -2.09375
11.35 	 -1.99233
11.36 	 -1.83887
11.37 	 -1.63762
11.38 	 -1.39951
11.39 	 -1.14623
11.4 	 -0.910233
11.41 	 -0.727813
11.42 	 -0.626852
11.43 	 -0.613634
11.44 	 -0.670461
11.45 	 -0.762978
11.46 	 -0.851012
11.47 	 -0.897011
11.48 	 -0.872504
11.49 	 -0.761236
11.5 	 -0.56112
11.51 	 -0.282763
11.52 	 0.0531321
11.53 	 0.420082
11.54 	 0.785195
11.55 	 1.10784
11.56 	 1.34328
11.57 	 1.4545
11.58 	 1.4254
11.59 	 1.27097
11.6 	 1.03468
11.61 	 0.775747
11.62 	 0.554202
11.63 	 0.418505
11.64 	 0.396668
11.65 	 0.491791
11.66 	 0.683722
11.67 	 0.935686
11.68 	 1.20316
11.69 	 1.44289
11.7 	 1.61933
11.71 	 1.70905
11.72 	 1.70284
11.73 	 1.60683
11.74 	 1.44002
11.75 	 1.22966
11.76 	 1.0071
11.77 	 0.803439
11.78 	 0.646011
11.79 	 0.553959
11.8 	 0.534948
11.81 	 0.582566
11.82 	 0.679314
11.83 	 0.801507
11.84 	 0.925549
11.85 	 1.03279
11.86 	 1.11178
11.87 	 1.15751
11.88 	 1.16892
11.89 	 1.14524
11.9 	 1.08533
11.91 	 0.988474
11.92 	 0.85811
11.93 	 0.703269
11.94 	 0.537888
11.95 	 0.376978
11.96 	 0.233444
11.97 	 0.115973
11.98 	 0.0292695
11.99 	 -0.0258397
12 	 -0.0518643
12.01 	 -0.0541075
12.02 	 -0.0403675
12.03 	 -0.0206946
12.04 	 -0.00601931
12.05 	 -0.00707679
12.06 	 -0.031712
12.07 	 -0.0833124
12.08 	 -0.159187
12.09 	 -0.251054
12.1 	 -0.346312
12.11 	 -0.429902
12.12 	 -0.487357
12.13 	 -0.507596
12.14 	 -0.485571
12.15 	 -0.424273
12.16 	 -0.334052
12.17 	 -0.230697
12.18 	 -0.131961
12.19 	 -0.0541248
12.2 	 -0.00954814
12.21 	 -0.00504626
12.22 	 -0.0408632
12.23 	 -0.111699
12.24 	 -0.207199
12.25 	 -0.313383
12.26 	 -0.413668
12.27 	 -0.489759
12.28 	 -0.524783
12.29 	 -0.506526
12.3 	 -0.430572
12.31 	 -0.301532
12.32 	 -0.132705
12.33 	 0.0556964
12.34 	 0.240171
12.35 	 0.398299
12.36 	 0.512523
12.37 	 0.572888
12.38 	 0.578366
12.39 	 0.534792
12.4 	 0.453494
12.41 	 0.348787
12.42 	 0.235872
12.43 	 0.129167
12.44 	 0.0408834
12.45 	 -0.019702
12.46 	 -0.0470883
12.47 	 -0.0395479
12.48 	 0.000527275
12.49 	 0.0667702
12.5 	 0.150701
12.51 	 0.243292
12.52 	 0.336587
12.53 	 0.424047
12.54 	 0.500801
12.55 	 0.562425
12.56 	 0.604352
12.57 	 0.621089
12.58 	 0.607151
12.59 	 0.559067
12.6 	 0.47798
12.61 	 0.370325
12.62 	 0.246654
12.63 	 0.119275
12.64 	 5.26432e-05
12.65 	 -0.10136
12.66 	 -0.177858
12.67 	 -0.225719
12.68 	 -0.244893
12.69 	 -0.239004
12.7 	 -0.214271
12.71 	 -0.178093
12.72 	 -0.136983
12.73 	 -0.0960392
12.74 	 -0.0587515
12.75 	 -0.0277365
12.76 	 -0.00468374
12.77 	 0.00979967
12.78 	 0.015064
12.79 	 0.00850595
12.8 	 -0.0162006
12.81 	 -0.0688564
12.82 	 -0.158958
12.83 	 -0.290404
12.84 	 -0.457724
12.85 	 -0.64619
12.86 	 -0.835298
12.87 	 -1.00392
12.88 	 -1.13402
12.89 	 -1.21263
12.9 	 -1.23322
12.91 	 -1.19732
12.92 	 -1.11375
12.93 	 -0.995977
12.94 	 -0.859055
12.95 	 -0.71744
12.96 	 -0.58486
12.97 	 -0.474316
12.98 	 -0.396173
12.99 	 -0.354629
13 	 -0.345884
13.01 	 -0.359069
13.02 	 -0.380407
13.03 	 -0.398413
13.04 	 -0.407726
13.05 	 -0.409852
13.06 	 -0.411348
13.07 	 -0.420536
13.08 	 -0.443146
13.09 	 -0.479071
13.1 	 -0.521104
13.11 	 -0.55684
13.12 	 -0.572802
13.13 	 -0.559632
13.14 	 -0.514685
13.15 	 -0.44203
13.16 	 -0.349947
13.17 	 -0.247354
13.18 	 -0.142041
13.19 	 -0.0403809
13.2 	 0.0522804
13.21 	 0.131378
13.22 	 0.193571
13.23 	 0.237573
13.24 	 0.265187
13.25 	 0.282482
13.26 	 0.298428
13.27 	 0.321897
13.28 	 0.357355
13.29 	 0.400884
13.3 	 0.440569
13.31 	 0.460328
13.32 	 0.445546
13.33 	 0.388332
13.34 	 0.290015
13.35 	 0.161103
13.36 	 0.0192112
13.37 	 -0.114908
13.38 	 -0.221492
13.39 	 -0.286321
13.4 	 -0.302881
13.41 	 -0.271621
13.42 	 -0.198429
13.43 	 -0.0929665
13.44 	 0.0325105
13.45 	 0.163246
13.46 	 0.283058
13.47 	 0.376103
13.48 	 0.429232
13.49 	 0.434442
13.5 	 0.39084
13.51 	 0.305429
13.52 	 0.192526
13.53 	 0.0703764
13.54 	 -0.0424746
13.55 	 -0.131694
13.56 	 -0.188883
13.57 	 -0.211581
13.58 	 -0.201547
13.59 	 -0.163049
13.6 	 -0.10119
13.61 	 -0.0215174
13.62 	 0.0704721
13.63 	 0.169774
13.64 	 0.271971
13.65 	 0.372793
13.66 	 0.46787
13.67 	 0.552144
13.68 	 0.620806
13.69 	 0.670029
13.7 	 0.698789
13.71 	 0.70866
13.72 	 0.70416
13.73 	 0.691716
13.74 	 0.67795
13.75 	 0.668257
13.76 	 0.665135
13.77 	 0.667847
13.78 	 0.673452
13.79 	 0.679844
13.8 	 0.687079
13.81 	 0.697468
13.82 	 0.713614
13.83 	 0.735222
13.84 	 0.757722
13.85 	 0.772868
13.86 	 0.772313
13.87 	 0.75071
13.88 	 0.707469
13.89 	 0.646466
13.9 	 0.573295
13.91 	 0.492912
13.92 	 0.407969
13.93 	 0.318913
13.94 	 0.224858
13.95 	 0.125457
13.96 	 0.0215842
13.97 	 -0.0837732
13.98 	 -0.186495
13.99 	 -0.282749
14 	 -0.370958
14.01 	 -0.452289
14.02 	 -0.529488
14.03 	 -0.605158
14.04 	 -0.680138
14.05 	 -0.753648
14.06 	 -0.823677
14.07 	 -0.888067
14.08 	 -0.944266
14.09 	 -0.989428
14.1 	 -1.02081
14.11 	 -1.03644
14.12 	 -1.03652
14.13 	 -1.02355
14.14 	 -1.00201
14.15 	 -0.976541
14.16 	 -0.951429
14.17 	 -0.929712
14.18 	 -0.912612
14.19 	 -0.899635
14.2 	 -0.887635
14.21 	 -0.872292
14.22 	 -0.848752
14.23 	 -0.81329
14.24 	 -0.764343
14.25 	 -0.702751
14.26 	 -0.630869
14.27 	 -0.551736
14.28 	 -0.467554
14.29 	 -0.379294
14.3 	 -0.286654
14.31 	 -0.188258
14.32 	 -0.08288
14.33 	 0.029279
14.34 	 0.146592
14.35 	 0.266351
14.36 	 0.386046
14.37 	 0.503023
14.38 	 0.614091
14.39 	 0.714842
14.4 	 0.798119
14.41 	 0.854707
14.42 	 0.874653
14.43 	 0.84987
14.44 	 0.778744
14.45 	 0.668443
14.46 	 0.534813
14.47 	 0.398603
14.48 	 0.280459
14.49 	 0.196319
14.5 	 0.154419
14.51 	 0.15451
14.52 	 0.189969
14.53 	 0.250795
14.54 	 0.327181
14.55 	 0.41148
14.56 	 0.497315
14.57 	 0.577616
14.58 	 0.642661
14.59 	 0.680419
14.6 	 0.679443
14.61 	 0.632364
14.62 	 0.538294
14.63 	 0.402587
14.64 	 0.23541
14.65 	 0.0500747
14.66 	 -0.139272
14.67 	 -0.319322
14.68 	 -0.478445
14.69 	 -0.606883
14.7 	 -0.696357
14.71 	 -0.740357
14.72 	 -0.735553
14.73 	 -0.683811
14.74 	 -0.592384
14.75 	 -0.471999
14.76 	 -0.335107
14.77 	 -0.194752
14.78 	 -0.0634963
14.79 	 0.0473643
14.8 	 0.129034
14.81 	 0.176248
14.82 	 0.188064
14.83 	 0.167466
14.84 	 0.120293
14.85 	 0.0536158
14.86 	 -0.0253919
14.87 	 -0.109798
14.88 	 -0.192868
14.89 	 -0.268165
14.9 	 -0.329607
14.91 	 -0.370972
14.92 	 -0.386776
14.93 	 -0.373644
14.94 	 -0.331478
14.95 	 -0.2643
14.96 	 -0.179656
14.97 	 -0.0874015
14.98 	 0.00231633
14.99 	 0.0798364
15 	 0.137507
15.01 	 0.17037
15.02 	 0.176949
15.03 	 0.160033
15.04 	 0.126333
15.05 	 0.0851611
15.06 	 0.0456863
15.07 	 0.0146793
15.08 	 -0.00515629
15.09 	 -0.0145983
15.1 	 -0.0166814
15.11 	 -0.0153742
15.12 	 -0.0144523
15.13 	 -0.0170079
15.14 	 -0.025055
15.15 	 -0.0396261
15.16 	 -0.0607728
15.17 	 -0.0873176
15.18 	 -0.116562
15.19 	 -0.144285
15.2 	 -0.165433
15.21 	 -0.17549
15.22 	 -0.171265
15.23 	 -0.151186
15.24 	 -0.115353
15.25 	 -0.0650929
15.26 	 -0.00222603
15.27 	 0.0706435
15.28 	 0.150569
15.29 	 0.233331
15.3 	 0.313285
15.31 	 0.383515
15.32 	 0.435928
15.33 	 0.46282
15.34 	 0.458209
15.35 	 0.419351
15.36 	 0.34787
15.37 	 0.250495
15.38 	 0.13871
15.39 	 0.026794
15.4 	 -0.0708811
15.41 	 -0.142298
15.42 	 -0.179221
15.43 	 -0.179151
15.44 	 -0.144596
15.45 	 -0.0833072
15.46 	 -0.00622395
15.47 	 0.0744436
15.48 	 0.146534
15.49 	 0.199505
15.5 	 0.224671
15.51 	 0.216095
15.52 	 0.171219
15.53 	 0.0925353
15.54 	 -0.0127024
15.55 	 -0.133263
15.56 	 -0.255999
15.57 	 -0.36776
15.58 	 -0.457307
15.59 	 -0.517177
15.6 	 -0.544225
15.61 	 -0.540166
15.62 	 -0.510002
15.63 	 -0.460457
15.64 	 -0.398501
15.65 	 -0.330219
15.66 	 -0.261205
15.67 	 -0.196512
15.68 	 -0.140356
15.69 	 -0.0953838
15.7 	 -0.061985
15.71 	 -0.0378536
15.72 	 -0.0186749
15.73 	 0.000600505
15.74 	 0.0247275
15.75 	 0.0569897
15.76 	 0.0992522
15.77 	 0.151909
15.78 	 0.214228
15.79 	 0.284151
15.8 	 0.358296
15.81 	 0.432739
15.82 	 0.502379
15.83 	 0.561181
15.84 	 0.60296
15.85 	 0.622467
15.86 	 0.618329
15.87 	 0.594723
15.88 	 0.560825
15.89 	 0.527822
15.9 	 0.505622
15.91 	 0.499616
15.92 	 0.511124
15.93 	 0.537934
15.94 	 0.576169
15.95 	 0.620969
15.96 	 0.666498
15.97 	 0.706475
15.98 	 0.733644
15.99 	 0.739715
16 	 0.716748
16.01 	 0.65891
16.02 	 0.565762
16.03 	 0.443873
16.04 	 0.306286
16.05 	 0.169237
16.06 	 0.0476847
16.07 	 -0.0478702
16.08 	 -0.112227
16.09 	 -0.145433
16.1 	 -0.150774
16.11 	 -0.133595
16.12 	 -0.10047
16.13 	 -0.0591488
16.14 	 -0.0188536
16.15 	 0.0100636
16.16 	 0.0178381
16.17 	 -0.00259729
16.18 	 -0.0536012
16.19 	 -0.132772
16.2 	 -0.232946
16.21 	 -0.343672
16.22 	 -0.453467
16.23 	 -0.55134
16.24 	 -0.628802
16.25 	 -0.680802
16.26 	 -0.705082
16.27 	 -0.70066
16.28 	 -0.666751
16.29 	 -0.603059
16.3 	 -0.511498
16.31 	 -0.39683
16.32 	 -0.267101
16.33 	 -0.13198
16.34 	 -0.00103404
16.35 	 0.117886
16.36 	 0.219329
16.37 	 0.30035
16.38 	 0.359572
16.39 	 0.397043
16.4 	 0.413456
16.41 	 0.410191
16.42 	 0.389904
16.43 	 0.357553
16.44 	 0.320548
16.45 	 0.288311
16.46 	 0.269819
16.47 	 0.271501
16.48 	 0.295221
16.49 	 0.338771
16.5 	 0.3969
16.51 	 0.462984
16.52 	 0.529565
16.53 	 0.588895
16.54 	 0.633273
16.55 	 0.656473
16.56 	 0.655061
16.57 	 0.628837
16.58 	 0.580986
16.59 	 0.516897
16.6 	 0.443136
16.61 	 0.366909
16.62 	 0.294786
16.63 	 0.231279
16.64 	 0.17796
16.65 	 0.133263
16.66 	 0.0936103
16.67 	 0.0545915
16.68 	 0.0119918
16.69 	 -0.0376208
16.7 	 -0.0966009
16.71 	 -0.165539
16.72 	 -0.242129
16.73 	 -0.320924
16.74 	 -0.394125
16.75 	 -0.454078
16.76 	 -0.495045
16.77 	 -0.51428
16.78 	 -0.512422
16.79 	 -0.493199
16.8 	 -0.462447
16.81 	 -0.427276
16.82 	 -0.394063
16.83 	 -0.367564
16.84 	 -0.350134
16.85 	 -0.342068
16.86 	 -0.342287
16.87 	 -0.349371
16.88 	 -0.361362
16.89 	 -0.375618
16.9 	 -0.389299
16.91 	 -0.400247
16.92 	 -0.407577
16.93 	 -0.41202
16.94 	 -0.415484
16.95 	 -0.420023
16.96 	 -0.42735
16.97 	 -0.438101
16.98 	 -0.451296
16.99 	 -0.464731
17 	 -0.475316
17.01 	 -0.479329
17.02 	 -0.473238
17.03 	 -0.454346
17.04 	 -0.421625
17.05 	 -0.376249
17.06 	 -0.322045
17.07 	 -0.264702
17.08 	 -0.210892
17.09 	 -0.166941
17.1 	 -0.137657
17.11 	 -0.125396
17.12 	 -0.130061
17.13 	 -0.149247
17.14 	 -0.178687
17.15 	 -0.213034
17.16 	 -0.247186
17.17 	 -0.27653
17.18 	 -0.29793
17.19 	 -0.309617
17.2 	 -0.311495
17.21 	 -0.304589
17.22 	 -0.290613
17.23 	 -0.271233
17.24 	 -0.247672
17.25 	 -0.220471
17.26 	 -0.189386
17.27 	 -0.154078
17.28 	 -0.114404
17.29 	 -0.0710072
17.3 	 -0.0253148
17.31 	 0.0203638
17.32 	 0.0626432
17.33 	 0.0977471
17.34 	 0.121804
17.35 	 0.131828
17.36 	 0.126351
17.37 	 0.105867
17.38 	 0.0726818
17.39 	 0.0310627
17.4 	 -0.0136953
17.41 	 -0.0561486
17.42 	 -0.091246
17.43 	 -0.115208
17.44 	 -0.125286
17.45 	 -0.120248
17.46 	 -0.100534
17.47 	 -0.0684469
17.48 	 -0.0284996
17.49 	 0.0134191
17.5 	 0.0505852
17.51 	 0.0772553
17.52 	 0.0895997
17.53 	 0.0864885
17.54 	 0.0688534
17.55 	 0.0399817
17.56 	 0.0042414
17.57 	 -0.0330181
17.58 	 -0.0663513
17.59 	 -0.0913945
17.6 	 -0.105259
17.61 	 -0.107705
17.62 	 -0.100796
17.63 	 -0.0875714
17.64 	 -0.0711664
17.65 	 -0.0540265
17.66 	 -0.0376178
17.67 	 -0.0225748
17.68 	 -0.00909392
17.69 	 0.00287163
17.7 	 0.0134654
17.71 	 0.0230266
17.72 	 0.0320423
17.73 	 0.0415394
17.74 	 0.0530879
17.75 	 0.0678678
17.76 	 0.0860324
17.77 	 0.105872
17.78 	 0.124302
17.79 	 0.138675
17.8 	 0.147911
17.81 	 0.153084
17.82 	 0.157329
17.83 	 0.164074
17.84 	 0.176113
17.85 	 0.194131
17.86 	 0.217096
17.87 	 0.242265
17.88 	 0.266255
17.89 	 0.28529
17.9 	 0.296283
17.91 	 0.296976
17.92 	 0.286388
17.93 	 0.264862
17.94 	 0.23421
17.95 	 0.198012
17.96 	 0.161076
17.97 	 0.128895
17.98 	 0.106768
17.99 	 0.0982266
18 	 0.104744
18.01 	 0.124654
18.02 	 0.154276
18.03 	 0.188165
18.04 	 0.220728
18.05 	 0.246569
18.06 	 0.261715
18.07 	 0.26401
18.08 	 0.253062
18.09 	 0.230247
18.1 	 0.198508
18.11 	 0.162261
18.12 	 0.126655
18.13 	 0.0964929
18.14 	 0.0752564
18.15 	 0.0646118
18.16 	 0.0645108
18.17 	 0.0734851
18.18 	 0.0897225
18.19 	 0.110528
18.2 	 0.133252
18.21 	 0.154608
18.22 	 0.1717
18.23 	 0.18207
18.24 	 0.184148
18.25 	 0.177636
18.26 	 0.164055
18.27 	 0.14674
18.28 	 0.130206
18.29 	 0.118526
18.3 	 0.114252
18.31 	 0.117286
18.32 	 0.125124
18.33 	 0.134037
18.34 	 0.140688
18.35 	 0.142577
18.36 	 0.139021
18.37 	 0.130218
18.38 	 0.117299
18.39 	 0.10115
18.4 	 0.0828004
18.41 	 0.063281
18.42 	 0.0443556
18.43 	 0.0283273
18.44 	 0.0183334
18.45 	 0.0169226
18.46 	 0.0258609
18.47 	 0.0447574
18.48 	 0.0714073
18.49 	 0.102624
18.5 	 0.13522
18.51 	 0.166395
18.52 	 0.193791
18.53 	 0.215146
18.54 	 0.228447
18.55 	 0.231731
18.56 	 0.224117
18.57 	 0.20585
18.58 	 0.178553
18.59 	 0.145222
18.6 	 0.109929
18.61 	 0.0767492
18.62 	 0.0491652
18.63 	 0.0293849
18.64 	 0.0185836
18.65 	 0.0171028
18.66 	 0.0249906
18.67 	 0.0416587
18.68 	 0.0654417
18.69 	 0.0932509
18.7 	 0.120968
18.71 	 0.144179
18.72 	 0.159448
18.73 	 0.164962
18.74 	 0.16057
18.75 	 0.148133
18.76 	 0.130395
18.77 	 0.110494
18.78 	 0.0909308
18.79 	 0.073029
18.8 	 0.0574287
18.81 	 0.0439358
18.82 	 0.0326019
18.83 	 0.0235257
18.84 	 0.016806
18.85 	 0.0122949
18.86 	 0.0089612
18.87 	 0.0057248
18.88 	 0.00135768
18.89 	 -0.00487698
18.9 	 -0.0134705
18.91 	 -0.024373
18.92 	 -0.037239
18.93 	 -0.0516253
18.94 	 -0.0673332
18.95 	 -0.0846073
18.96 	 -0.103693
18.97 	 -0.124443
18.98 	 -0.145879
18.99 	 -0.166479
19 	 -0.184724
19.01 	 -0.19929
19.02 	 -0.209929
19.03 	 -0.216544
19.04 	 -0.219525
19.05 	 -0.219413
19.06 	 -0.217041
19.07 	 -0.213245
19.08 	 -0.208664
19.09 	 -0.203643
19.1 	 -0.198528
19.11 	 -0.193661
19.12 	 -0.18978
19.13 	 -0.187523
19.14 	 -0.187625
19.15 	 -0.190676
19.16 	 -0.197213
19.17 	 -0.207235
19.18 	 -0.220151
19.19 	 -0.23439
19.2 	 -0.247696
19.21 	 -0.257467
19.22 	 -0.26135
19.23 	 -0.257777
19.24 	 -0.246748
19.25 	 -0.229589
19.26 	 -0.208704
19.27 	 -0.187084
19.28 	 -0.167523
19.29 	 -0.152324
19.3 	 -0.143154
19.31 	 -0.140748
19.32 	 -0.145401
19.33 	 -0.156524
19.34 	 -0.172797
19.35 	 -0.192405
19.36 	 -0.213194
19.37 	 -0.233202
19.38 	 -0.250711
19.39 	 -0.264494
19.4 	 -0.274351
19.41 	 -0.280526
19.42 	 -0.283605
19.43 	 -0.284423
19.44 	 -0.283522
19.45 	 -0.28164
19.46 	 -0.279418
19.47 	 -0.27725
19.48 	 -0.275381
19.49 	 -0.273517
19.5 	 -0.270919
19.51 	 -0.266754
19.52 	 -0.260332
19.53 	 -0.251507
19.54 	 -0.240769
19.55 	 -0.228905
19.56 	 -0.216701
19.57 	 -0.204401
19.58 	 -0.191466
19.59 	 -0.177208
19.6 	 -0.160645
19.61 	 -0.141383
19.62 	 -0.119664
19.63 	 -0.0959797
19.64 	 -0.0709664
19.65 	 -0.0447231
19.66 	 -0.0165145
19.67 	 0.0151794
19.68 	 0.0517803
19.69 	 0.0943662
19.7 	 0.142249
19.71 	 0.19317
19.72 	 0.243647
19.73 	 0.289704
19.74 	 0.327713
19.75 	 0.354583
19.76 	 0.368696
19.77 	 0.369712
19.78 	 0.358515
19.79 	 0.337658
19.8 	 0.310624
19.81 	 0.281829
19.82 	 0.255979
19.83 	 0.237292
19.84 	 0.228807
19.85 	 0.2317
19.86 	 0.244794
19.87 	 0.264953
19.88 	 0.287762
19.89 	 0.308317
19.9 	 0.322058
19.91 	 0.325109
19.92 	 0.315163
19.93 	 0.291485
19.94 	 0.255054
19.95 	 0.208417
19.96 	 0.155106
19.97 	 0.0990919
19.98 	 0.0442995
19.99 	 -0.00588474
20 	 -0.0485142
20.01 	 -0.0816729
20.02 	 -0.10423
20.03 	 -0.115745
20.04 	 -0.116611
20.05 	 -0.108252
20.06 	 -0.0930278
20.07 	 -0.0743733
20.08 	 -0.0557735
20.09 	 -0.0404668
20.1 	 -0.0311519
20.11 	 -0.0301333
20.12 	 -0.038979
20.13 	 -0.0585691
20.14 	 -0.0884104
20.15 	 -0.126245
20.16 	 -0.167999
20.17 	 -0.208378
20.18 	 -0.241739
20.19 	 -0.26264
20.2 	 -0.267057
20.21 	 -0.252882
20.22 	 -0.220457
20.23 	 -0.172529
20.24 	 -0.11371
20.25 	 -0.0499861
20.26 	 0.011874
20.27 	 0.0651
20.28 	 0.104101
20.29 	 0.125442
20.3 	 0.128389
20.31 	 0.115049
20.32 	 0.0897385
20.33 	 0.0580976
20.34 	 0.0260127
20.35 	 -0.0010713
20.36 	 -0.0190336
20.37 	 -0.0251756
20.38 	 -0.0183682
20.39 	 0.000997563
20.4 	 0.0309117
20.41 	 0.0678436
20.42 	 0.106987
20.43 	 0.143338
20.44 	 0.172137
20.45 	 0.190145
20.46 	 0.195447
20.47 	 0.187846
20.48 	 0.16842
20.49 	 0.13923
20.5 	 0.10317
20.51 	 0.0637758
20.52 	 0.0248741
20.53 	 -0.00965815
20.54 	 -0.0365343
20.55 	 -0.0534006
20.56 	 -0.0596213
20.57 	 -0.0564731
20.58 	 -0.0466544
20.59 	 -0.0332554
20.6 	 -0.0195126
20.61 	 -0.00773112
20.62 	 0.000176709
20.63 	 0.00327887
20.64 	 0.00123111
20.65 	 -0.0060165
20.66 	 -0.0179262
20.67 	 -0.0335194
20.68 	 -0.0512279
20.69 	 -0.0690909
20.7 	 -0.08544
20.71 	 -0.0988017
20.72 	 -0.10878
20.73 	 -0.115912
20.74 	 -0.121176
20.75 	 -0.125257
20.76 	 -0.1285
20.77 	 -0.130118
20.78 	 -0.128741
20.79 	 -0.122504
20.8 	 -0.10979
20.81 	 -0.0899631
20.82 	 -0.0634669
20.83 	 -0.0320182
20.84 	 0.00188102
20.85 	 0.035632
20.86 	 0.066439
20.87 	 0.0920948
20.88 	 0.110489
20.89 	 0.120101
20.9 	 0.119752
20.91 	 0.109147
20.92 	 0.0888763
20.93 	 0.0605581
20.94 	 0.0269895
20.95 	 -0.00863968
20.96 	 -0.0430909
20.97 	 -0.0740074
20.98 	 -0.0997194
20.99 	 -0.119391
21 	 -0.132483
21.01 	 -0.138554
21.02 	 -0.137261
21.03 	 -0.12841
21.04 	 -0.112541
21.05 	 -0.0912263
21.06 	 -0.0671651
21.07 	 -0.043892
21.08 	 -0.0249892
21.09 	 -0.0141379
21.1 	 -0.0139871
21.11 	 -0.0264993
21.12 	 -0.0521133
21.13 	 -0.0898952
21.14 	 -0.136751
21.15 	 -0.187823
21.16 	 -0.237422
21.17 	 -0.279709
21.18 	 -0.310078
21.19 	 -0.325634
21.2 	 -0.325594
21.21 	 -0.311529
21.22 	 -0.286722
21.23 	 -0.25539
21.24 	 -0.221798
21.25 	 -0.189521
21.26 	 -0.160768
21.27 	 -0.136566
21.28 	 -0.116428
21.29 	 -0.0988873
21.3 	 -0.0816922
21.31 	 -0.0621995
21.32 	 -0.0389413
21.33 	 -0.0111336
21.34 	 0.0200972
21.35 	 0.0526947
21.36 	 0.0837194
21.37 	 0.10984
21.38 	 0.127821
21.39 	 0.135258
21.4 	 0.131173
21.41 	 0.116985
21.42 	 0.095981
21.43 	 0.0732612
21.44 	 0.0544662
21.45 	 0.0447474
21.46 	 0.0476862
21.47 	 0.0651982
21.48 	 0.0965971
21.49 	 0.139332
21.5 	 0.188595
21.51 	 0.238839
21.52 	 0.284079
21.53 	 0.319163
21.54 	 0.340411
21.55 	 0.345521
21.56 	 0.334147
21.57 	 0.308007
21.58 	 0.270142
21.59 	 0.225014
21.6 	 0.177039
21.61 	 0.130385
21.62 	 0.0884859
21.63 	 0.0540407
21.64 	 0.0288163
21.65 	 0.0136978
21.66 	 0.00829578
21.67 	 0.01114
21.68 	 0.0196322
21.69 	 0.0310733
21.7 	 0.0431072
21.71 	 0.053819
21.72 	 0.0621757
21.73 	 0.0675863
21.74 	 0.0696563
21.75 	 0.0680407
21.76 	 0.0617585
21.77 	 0.0492887
21.78 	 0.0292111
21.79 	 0.000497091
21.8 	 -0.0371451
21.81 	 -0.0824869
21.82 	 -0.133074
21.83 	 -0.185078
21.84 	 -0.234231
21.85 	 -0.276365
21.86 	 -0.308537
21.87 	 -0.329132
21.88 	 -0.337904
21.89 	 -0.335786
21.9 	 -0.324444
21.91 	 -0.30574
21.92 	 -0.281389
21.93 	 -0.253352
21.94 	 -0.223793
21.95 	 -0.195608
21.96 	 -0.172678
21.97 	 -0.158637
21.98 	 -0.156036
21.99 	 -0.165219
22 	 -0.184073
22.01 	 -0.20867
22.02 	 -0.234886
22.03 	 -0.258942
22.04 	 -0.27804
22.05 	 -0.290317
22.06 	 -0.29425
22.07 	 -0.287979
22.08 	 -0.269347
22.09 	 -0.236785
22.1 	 -0.189949
22.11 	 -0.131243
22.12 	 -0.0654699
22.13 	 0.000846643
22.14 	 0.0611336
22.15 	 0.109994
22.16 	 0.144432
22.17 	 0.164006
22.18 	 0.170188
22.19 	 0.165722
22.2 	 0.154045
22.21 	 0.138591
22.22 	 0.123088
22.23 	 0.111608
22.24 	 0.107879
22.25 	 0.114847
22.26 	 0.134276
22.27 	 0.165726
22.28 	 0.206939
22.29 	 0.253988
22.3 	 0.301919
22.31 	 0.346071
22.32 	 0.382816
22.33 	 0.410093
22.34 	 0.427608
22.35 	 0.436342
22.36 	 0.438307
22.37 	 0.435856
22.38 	 0.431145
22.39 	 0.426183
22.4 	 0.422196
22.41 	 0.420067
22.42 	 0.420091
22.43 	 0.422027
22.44 	 0.424797
22.45 	 0.426494
22.46 	 0.42486
22.47 	 0.417887
22.48 	 0.404593
22.49 	 0.38532
22.5 	 0.361488
22.51 	 0.335156
22.52 	 0.30858
22.53 	 0.283671
22.54 	 0.261462
22.55 	 0.242197
22.56 	 0.224945
22.57 	 0.208185
22.58 	 0.190004
22.59 	 0.16893
22.6 	 0.143883
22.61 	 0.114519
22.62 	 0.0810824
22.63 	 0.0444563
22.64 	 0.0058649
22.65 	 -0.0330729
22.66 	 -0.0704445
22.67 	 -0.104778
22.68 	 -0.134798
22.69 	 -0.159522
22.7 	 -0.178264
22.71 	 -0.190334
22.72 	 -0.19529
22.73 	 -0.192888
22.74 	 -0.18352
22.75 	 -0.168021
22.76 	 -0.148209
22.77 	 -0.126143
22.78 	 -0.104229
22.79 	 -0.0845265
22.8 	 -0.0689463
22.81 	 -0.0587141
22.82 	 -0.0541224
22.83 	 -0.0548258
22.84 	 -0.0597447
22.85 	 -0.0670137
22.86 	 -0.0745738
22.87 	 -0.0803653
22.88 	 -0.0824278
22.89 	 -0.0794379
22.9 	 -0.0710522
22.91 	 -0.05781
22.92 	 -0.0416228
22.93 	 -0.0250404
22.94 	 -0.0105631
22.95 	 -0.00010294
22.96 	 0.0052606
22.97 	 0.0056743
22.98 	 0.00231369
22.99 	 -0.00295974
23 	 -0.00823554
23.01 	 -0.0118981
23.02 	 -0.0130657
23.03 	 -0.0119352
23.04 	 -0.00909395
23.05 	 -0.00566826
23.06 	 -0.00298092
23.07 	 -0.00245281
23.08 	 -0.00530847
23.09 	 -0.0123325
23.1 	 -0.0236722
23.11 	 -0.0384942
23.12 	 -0.0552788
23.13 	 -0.0719664
23.14 	 -0.0860062
23.15 	 -0.0950424
23.16 	 -0.0970137
23.17 	 -0.0912812
23.18 	 -0.0784329
23.19 	 -0.0607259
23.2 	 -0.0410545
23.21 	 -0.0224121
23.22 	 -0.00739819
23.23 	 0.00227056
23.24 	 0.00600552
23.25 	 0.00414984
23.26 	 -0.00236433
23.27 	 -0.011919
23.28 	 -0.0228469
23.29 	 -0.0338252
23.3 	 -0.043972
23.31 	 -0.0528476
23.32 	 -0.0602072
23.33 	 -0.0663933
23.34 	 -0.0719443
23.35 	 -0.0781334
23.36 	 -0.0863818
23.37 	 -0.0977668
23.38 	 -0.112828
23.39 	 -0.131173
23.4 	 -0.151626
23.41 	 -0.172667
23.42 	 -0.192825
23.43 	 -0.210533
23.44 	 -0.224858
23.45 	 -0.235259
23.46 	 -0.24203
23.47 	 -0.245955
23.48 	 -0.248309
23.49 	 -0.250365
23.5 	 -0.253352
23.51 	 -0.258348
23.52 	 -0.265894
23.53 	 -0.275498
23.54 	 -0.285543
23.55 	 -0.29392
23.56 	 -0.298226
23.57 	 -0.296794
23.58 	 -0.289135
23.59 	 -0.275936
23.6 	 -0.258817
23.61 	 -0.239789
23.62 	 -0.22086
23.63 	 -0.203258
23.64 	 -0.187863
23.65 	 -0.174873
23.66 	 -0.16458
23.67 	 -0.157181
23.68 	 -0.152628
23.69 	 -0.150628
23.7 	 -0.149904
23.71 	 -0.148789
23.72 	 -0.144977
23.73 	 -0.136502
23.74 	 -0.122039
23.75 	 -0.101538
23.76 	 -0.075834
23.77 	 -0.046594
23.78 	 -0.0154383
23.79 	 0.0165528
23.8 	 0.0485936
23.81 	 0.0801431
23.82 	 0.110466
23.83 	 0.138776
23.84 	 0.163897
23.85 	 0.184355
23.86 	 0.198777
23.87 	 0.205935
23.88 	 0.205436
23.89 	 0.197282
23.9 	 0.182552
23.91 	 0.162916
23.92 	 0.140684
23.93 	 0.118505
23.94 	 0.0993235
23.95 	 0.0856391
23.96 	 0.0791187
23.97 	 0.080153
23.98 	 0.0878577
23.99 	 0.100614
24 	 0.116018
24.01 	 0.131423
24.02 	 0.144131
24.03 	 0.151592
24.04 	 0.151943
24.05 	 0.143663
24.06 	 0.126653
24.07 	 0.102237
24.08 	 0.0731107
24.09 	 0.042854
24.1 	 0.0155866
24.11 	 -0.00515943
24.12 	 -0.0167338
24.13 	 -0.0178112
24.14 	 -0.00858631
24.15 	 0.0100087
24.16 	 0.0360114
24.17 	 0.0668695
24.18 	 0.0993438
24.19 	 0.13
24.2 	 0.155746
24.21 	 0.174034
24.22 	 0.18339
24.23 	 0.18362
24.24 	 0.175459
24.25 	 0.16048
24.26 	 0.141135
24.27 	 0.120371
24.28 	 0.102162
24.29 	 0.0907287
24.3 	 0.0899943
24.31 	 0.103244
24.32 	 0.131605
24.33 	 0.174044
24.34 	 0.226538
24.35 	 0.283002
24.36 	 0.336471
24.37 	 0.380421
24.38 	 0.410047
24.39 	 0.42285
24.4 	 0.418634
24.41 	 0.399362
24.42 	 0.368762
24.43 	 0.331246
24.44 	 0.291863
24.45 	 0.255122
24.46 	 0.224652
24.47 	 0.203005
24.48 	 0.191213
24.49 	 0.188496
24.5 	 0.192504
24.51 	 0.19961
24.52 	 0.205743
24.53 	 0.207274
24.54 	 0.201746
24.55 	 0.188569
24.56 	 0.168918
24.57 	 0.145389
24.58 	 0.121219
24.59 	 0.0990053
24.6 	 0.0803193
24.61 	 0.0649166
24.62 	 0.0513764
24.63 	 0.0376389
24.64 	 0.0219887
24.65 	 0.0031515
24.66 	 -0.0189705
24.67 	 -0.0435923
24.68 	 -0.0693408
24.69 	 -0.0943029
24.7 	 -0.116615
24.71 	 -0.134268
24.72 	 -0.145544
24.73 	 -0.14922
24.74 	 -0.145393
24.75 	 -0.135094
24.76 	 -0.120579
24.77 	 -0.104839
24.78 	 -0.091061
24.79 	 -0.0819427
24.8 	 -0.0793478
24.81 	 -0.0838156
24.82 	 -0.0946599
24.83 	 -0.109967
24.84 	 -0.127482
24.85 	 -0.144556
24.86 	 -0.158835
24.87 	 -0.168455
24.88 	 -0.172288
24.89 	 -0.170235
24.9 	 -0.16362
24.91 	 -0.154454
24.92 	 -0.145482
24.93 	 -0.13891
24.94 	 -0.136307
24.95 	 -0.138212
24.96 	 -0.144284
24.97 	 -0.153444
24.98 	 -0.164369
24.99 	 -0.175345
25 	 -0.185097
25.01 	 -0.192497
25.02 	 -0.196957
25.03 	 -0.198575
25.04 	 -0.197741
25.05 	 -0.19519
25.06 	 -0.191952
25.07 	 -0.188859
25.08 	 -0.186647
25.09 	 -0.185219
25.1 	 -0.183643
25.11 	 -0.180597
25.12 	 -0.174561
25.13 	 -0.16426
25.14 	 -0.149056
25.15 	 -0.128606
25.16 	 -0.103251
25.17 	 -0.0736783
25.18 	 -0.0412127
25.19 	 -0.0077667
25.2 	 0.0245495
25.21 	 0.0538727
25.22 	 0.0788782
25.23 	 0.0988792
25.24 	 0.11368
25.25 	 0.123722
25.26 	 0.130086
25.27 	 0.134145
25.28 	 0.137078
25.29 	 0.139963
25.3 	 0.143292
25.31 	 0.14726
25.32 	 0.151719
25.33 	 0.156574
25.34 	 0.161431
25.35 	 0.165998
25.36 	 0.170129
25.37 	 0.173872
25.38 	 0.177718
25.39 	 0.182154
25.4 	 0.187327
25.41 	 0.192546
25.42 	 0.196731
25.43 	 0.198506
25.44 	 0.196302
25.45 	 0.188893
25.46 	 0.1753
25.47 	 0.155182
25.48 	 0.128883
25.49 	 0.0975827
25.5 	 0.062948
25.51 	 0.0269889
25.52 	 -0.00808788
25.53 	 -0.0401744
25.54 	 -0.0673573
25.55 	 -0.0878708
25.56 	 -0.101174
25.57 	 -0.107853
25.58 	 -0.109673
25.59 	 -0.109135
25.6 	 -0.109035
25.61 	 -0.111677
25.62 	 -0.118535
25.63 	 -0.129804
25.64 	 -0.144555
25.65 	 -0.161072
25.66 	 -0.177148
25.67 	 -0.19087
25.68 	 -0.20067
25.69 	 -0.205811
25.7 	 -0.206196
25.71 	 -0.202022
25.72 	 -0.194318
25.73 	 -0.184213
25.74 	 -0.173621
25.75 	 -0.164502
25.76 	 -0.159065
25.77 	 -0.158731
25.78 	 -0.164089
25.79 	 -0.174303
25.8 	 -0.187411
25.81 	 -0.200713
25.82 	 -0.211069
25.83 	 -0.215783
25.84 	 -0.212352
25.85 	 -0.199599
25.86 	 -0.17733
25.87 	 -0.146722
25.88 	 -0.110131
25.89 	 -0.070696
25.9 	 -0.0322429
25.91 	 0.00150085
25.92 	 0.026956
25.93 	 0.0419157
25.94 	 0.045596
25.95 	 0.0391732
25.96 	 0.0254927
25.97 	 0.00882133
25.98 	 -0.00593546
25.99 	 -0.0140205
26 	 -0.0114619
26.01 	 0.00360252
26.02 	 0.030828
26.03 	 0.0672707
26.04 	 0.108125
26.05 	 0.148389
26.06 	 0.183454
26.07 	 0.210036
26.08 	 0.226173
26.09 	 0.231374
26.1 	 0.226421
26.11 	 0.213178
26.12 	 0.194194
26.13 	 0.173196
26.14 	 0.154107
26.15 	 0.141148
26.16 	 0.137409
26.17 	 0.144217
26.18 	 0.160296
26.19 	 0.182069
26.2 	 0.204237
26.21 	 0.221894
26.22 	 0.231067
26.23 	 0.22994
26.24 	 0.218662
26.25 	 0.198851
26.26 	 0.173304
26.27 	 0.145061
26.28 	 0.116919
26.29 	 0.0914732
26.3 	 0.0704405
26.31 	 0.0551434
26.32 	 0.0458271
26.33 	 0.0419521
26.34 	 0.0414107
26.35 	 0.041556
26.36 	 0.0390537
26.37 	 0.0312563
26.38 	 0.0164471
26.39 	 -0.00552203
26.4 	 -0.0333277
26.41 	 -0.0646662
26.42 	 -0.0962026
26.43 	 -0.124504
26.44 	 -0.146577
26.45 	 -0.160264
26.46 	 -0.164878
26.47 	 -0.160858
26.48 	 -0.149874
26.49 	 -0.134378
26.5 	 -0.117654
26.51 	 -0.102696
26.52 	 -0.0922504
26.53 	 -0.0878376
26.54 	 -0.0897518
26.55 	 -0.0968156
26.56 	 -0.106773
26.57 	 -0.117368
26.58 	 -0.126492
26.59 	 -0.132577
26.6 	 -0.13479
26.61 	 -0.132884
26.62 	 -0.127152
26.63 	 -0.11833
26.64 	 -0.107741
26.65 	 -0.0969044
26.66 	 -0.0872413
26.67 	 -0.0796349
26.68 	 -0.0746246
26.69 	 -0.0719667
26.7 	 -0.0712213
26.71 	 -0.0712624
26.72 	 -0.0706682
26.73 	 -0.0682124
26.74 	 -0.0632565
26.75 	 -0.0556037
26.76 	 -0.0458911
26.77 	 -0.0350996
26.78 	 -0.0244563
26.79 	 -0.0149903
26.8 	 -0.00792867
26.81 	 -0.00405567
26.82 	 -0.00371581
26.83 	 -0.00661451
26.84 	 -0.0122127
26.85 	 -0.0193321
26.86 	 -0.0271384
26.87 	 -0.034551
26.88 	 -0.0405887
26.89 	 -0.044073
26.9 	 -0.0440235
26.91 	 -0.0396555
26.92 	 -0.0309204
26.93 	 -0.0180145
26.94 	 -0.00177217
26.95 	 0.0168252
26.96 	 0.0365014
26.97 	 0.0555384
26.98 	 0.0722686
26.99 	 0.0853677
27 	 0.0939533
27.01 	 0.0978779
27.02 	 0.0972893
27.03 	 0.0929222
27.04 	 0.0856595
27.05 	 0.0768252
27.06 	 0.0678914
27.07 	 0.0600849
27.08 	 0.0544858
27.09 	 0.0516827
27.1 	 0.0520197
27.11 	 0.0551037
27.12 	 0.0604459
27.13 	 0.0669677
27.14 	 0.073541
27.15 	 0.0792825
27.16 	 0.0836027
27.17 	 0.0861576
27.18 	 0.086849
27.19 	 0.0859711
27.2 	 0.0837693
27.21 	 0.0806355
27.22 	 0.0769126
27.23 	 0.0727471
27.24 	 0.068384
27.25 	 0.0635777
27.26 	 0.0580341
27.27 	 0.0509195
27.28 	 0.0414492
27.29 	 0.0293789
27.3 	 0.0147088
27.31 	 -0.00187316
27.32 	 -0.019238
27.33 	 -0.0360116
27.34 	 -0.0508706
27.35 	 -0.0626385
27.36 	 -0.0705314
27.37 	 -0.0743543
27.38 	 -0.0745975
27.39 	 -0.0719476
27.4 	 -0.0674346
27.41 	 -0.0621361
27.42 	 -0.0570826
27.43 	 -0.0533519
27.44 	 -0.0518773
27.45 	 -0.0535423
27.46 	 -0.0586903
27.47 	 -0.066979
27.48 	 -0.0770836
27.49 	 -0.0870916
27.5 	 -0.0950895
27.51 	 -0.0998021
27.52 	 -0.100591
27.53 	 -0.0977506
27.54 	 -0.0920151
27.55 	 -0.0842684
27.56 	 -0.0758344
27.57 	 -0.0679904
27.58 	 -0.0621581
27.59 	 -0.0593681
27.6 	 -0.060207
27.61 	 -0.0649685
27.62 	 -0.0733086
27.63 	 -0.0841479
27.64 	 -0.0959671
27.65 	 -0.106902
27.66 	 -0.115335
27.67 	 -0.120138
27.68 	 -0.120771
27.69 	 -0.117283
27.7 	 -0.109969
27.71 	 -0.0995159
27.72 	 -0.0871998
27.73 	 -0.0747858
27.74 	 -0.064629
27.75 	 -0.0586419
27.76 	 -0.0580023
27.77 	 -0.0627095
27.78 	 -0.0717827
27.79 	 -0.0830142
27.8 	 -0.0940005
27.81 	 -0.102289
27.82 	 -0.106214
27.83 	 -0.105186
27.84 	 -0.0995015
27.85 	 -0.0902876
27.86 	 -0.0789665
27.87 	 -0.0670082
27.88 	 -0.0554899
27.89 	 -0.045342
27.9 	 -0.0370535
27.91 	 -0.0305756
27.92 	 -0.0250257
27.93 	 -0.0192775
27.94 	 -0.0118614
27.95 	 -0.00130792
27.96 	 0.0134607
27.97 	 0.0327871
27.98 	 0.0562803
27.99 	 0.0823221
28 	 0.108903
28.01 	 0.133474
28.02 	 0.153581
28.03 	 0.166722
28.04 	 0.171671
28.05 	 0.168034
28.06 	 0.156942
28.07 	 0.140797
28.08 	 0.122986
28.09 	 0.106696
28.1 	 0.0948216
28.11 	 0.0889818
28.12 	 0.0897164
28.13 	 0.096142
28.14 	 0.106689
28.15 	 0.118854
28.16 	 0.130432
28.17 	 0.139215
28.18 	 0.143487
28.19 	 0.141875
28.2 	 0.133791
28.21 	 0.119529
28.22 	 0.100264
28.23 	 0.0781524
28.24 	 0.0556957
28.25 	 0.035395
28.26 	 0.0195556
28.27 	 0.00955189
28.28 	 0.00607072
28.29 	 0.00847447
28.3 	 0.0151446
28.31 	 0.0235799
28.32 	 0.0314258
28.33 	 0.0365249
28.34 	 0.0377487
28.35 	 0.0349996
28.36 	 0.0289642
28.37 	 0.0211628
28.38 	 0.0131646
28.39 	 0.00634221
28.4 	 0.00138211
28.41 	 -0.00137273
28.42 	 -0.00187261
28.43 	 -0.000264393
28.44 	 0.00315903
28.45 	 0.00805646
28.46 	 0.0138896
28.47 	 0.0201687
28.48 	 0.0263535
28.49 	 0.0318541
28.5 	 0.0363745
28.51 	 0.0398155
28.52 	 0.04247
28.53 	 0.0446318
28.54 	 0.0465954
28.55 	 0.0479685
28.56 	 0.047869
28.57 	 0.0452186
28.58 	 0.0391842
28.59 	 0.029374
28.6 	 0.0160339
28.61 	 0.00029106
28.62 	 -0.0163341
28.63 	 -0.0319297
28.64 	 -0.0448765
28.65 	 -0.0539976
28.66 	 -0.0588516
28.67 	 -0.0596843
28.68 	 -0.0571331
28.69 	 -0.0522279
28.7 	 -0.0460474
28.71 	 -0.0395708
28.72 	 -0.0334848
28.73 	 -0.0281324
28.74 	 -0.0235152
28.75 	 -0.0196835
28.76 	 -0.0163936
28.77 	 -0.0132535
28.78 	 -0.00992013
28.79 	 -0.00600078
28.8 	 -0.00124945
28.81 	 0.00462869
28.82 	 0.0114877
28.83 	 0.0191325
28.84 	 0.0269744
28.85 	 0.0345235
28.86 	 0.0412401
28.87 	 0.0473199
28.88 	 0.0534002
28.89 	 0.060314
28.9 	 0.06865
28.91 	 0.0783598
28.92 	 0.0890509
28.93 	 0.100136
28.94 	 0.111025
28.95 	 0.121082
28.96 	 0.129864
28.97 	 0.137077
28.98 	 0.142377
28.99 	 0.145714
29 	 0.146697
29.01 	 0.145128
29.02 	 0.14091
29.03 	 0.134632
29.04 	 0.127078
29.05 	 0.119427
29.06 	 0.112365
29.07 	 0.106678
29.08 	 0.102709
29.09 	 0.100358
29.1 	 0.0991331
29.11 	 0.0978081
29.12 	 0.0950579
29.13 	 0.0896574
29.14 	 0.0808226
29.15 	 0.0686543
29.16 	 0.0536924
29.17 	 0.0369194
29.18 	 0.0198059
29.19 	 0.00401882
29.2 	 -0.00897172
29.21 	 -0.0178428
29.22 	 -0.0222524
29.23 	 -0.0223986
29.24 	 -0.019409
29.25 	 -0.0151964
29.26 	 -0.0118674
29.27 	 -0.0115781
29.28 	 -0.0158477
29.29 	 -0.0254605
29.3 	 -0.040221
29.31 	 -0.058905
29.32 	 -0.0796983
29.33 	 -0.100641
29.34 	 -0.119624
29.35 	 -0.135226
29.36 	 -0.146661
29.37 	 -0.153731
29.38 	 -0.156631
29.39 	 -0.156094
29.4 	 -0.153297
29.41 	 -0.149465
29.42 	 -0.14563
29.43 	 -0.142578
29.44 	 -0.140951
29.45 	 -0.141191
29.46 	 -0.143741
29.47 	 -0.148698
29.48 	 -0.155668
29.49 	 -0.163913
29.5 	 -0.172354
29.51 	 -0.180007
29.52 	 -0.186333
29.53 	 -0.190744
29.54 	 -0.192703
29.55 	 -0.191718
29.56 	 -0.187498
29.57 	 -0.179749
29.58 	 -0.168469
29.59 	 -0.154052
29.6 	 -0.137328
29.61 	 -0.119524
29.62 	 -0.102306
29.63 	 -0.0870489
29.64 	 -0.0748829
29.65 	 -0.0661516
29.66 	 -0.0604144
29.67 	 -0.0566407
29.68 	 -0.0535547
29.69 	 -0.0497336
29.7 	 -0.0441467
29.71 	 -0.0363034
29.72 	 -0.0260556
29.73 	 -0.0137473
29.74 	 -0.000260937
29.75 	 0.0136674
29.76 	 0.027498
29.77 	 0.0410847
29.78 	 0.0545747
29.79 	 0.0682624
29.8 	 0.0818043
29.81 	 0.0950037
29.82 	 0.107565
29.83 	 0.119046
29.84 	 0.129349
29.85 	 0.138128
29.86 	 0.144992
29.87 	 0.149402
29.88 	 0.150867
29.89 	 0.149095
29.9 	 0.143645
29.91 	 0.134516
29.92 	 0.122202
29.93 	 0.108025
29.94 	 0.0936534
29.95 	 0.0807048
29.96 	 0.0700623
29.97 	 0.062363
29.98 	 0.0579024
29.99 	 0.0567298
30 	 0.058747
30.01 	 0.0633655
30.02 	 0.0694558
30.03 	 0.0753001
30.04 	 0.0787884
30.05 	 0.0781542
30.06 	 0.0718774
30.07 	 0.0594187
30.08 	 0.0410227
30.09 	 0.0180148
30.1 	 -0.00788838
30.11 	 -0.0347721
30.12 	 -0.0610176
30.13 	 -0.0852508
30.14 	 -0.106246
30.15 	 -0.122777
30.16 	 -0.133765
30.17 	 -0.138523
30.18 	 -0.136952
30.19 	 -0.129885
30.2 	 -0.118794
30.21 	 -0.105887
30.22 	 -0.0935196
30.23 	 -0.0836554
30.24 	 -0.0778638
30.25 	 -0.0768321
30.26 	 -0.0803138
30.27 	 -0.0873287
30.28 	 -0.0963547
30.29 	 -0.105676
30.3 	 -0.113967
30.31 	 -0.120397
30.32 	 -0.124523
30.33 	 -0.126296
30.34 	 -0.125568
30.35 	 -0.121946
30.36 	 -0.114936
30.37 	 -0.104392
30.38 	 -0.0905087
30.39 	 -0.0738262
30.4 	 -0.0550322
30.41 	 -0.0348146
30.42 	 -0.0137642
30.43 	 0.00772589
30.44 	 0.0292124
30.45 	 0.0503524
30.46 	 0.0703121
30.47 	 0.0880141
30.48 	 0.102331
30.49 	 0.11248
30.5 	 0.118312
30.51 	 0.120367
30.52 	 0.119527
30.53 	 0.117068
30.54 	 0.114019
30.55 	 0.111362
30.56 	 0.109538
30.57 	 0.108744
30.58 	 0.10849
30.59 	 0.108483
30.6 	 0.108382
30.61 	 0.107893
30.62 	 0.106721
30.63 	 0.10462
30.64 	 0.101442
30.65 	 0.0974321
30.66 	 0.0931281
30.67 	 0.0894132
30.68 	 0.0870228
30.69 	 0.0867908
30.7 	 0.0889613
30.71 	 0.0934357
30.72 	 0.0991341
30.73 	 0.10488
30.74 	 0.109102
30.75 	 0.11077
30.76 	 0.109395
30.77 	 0.104876
30.78 	 0.0971662
30.79 	 0.0865108
30.8 	 0.0731064
30.81 	 0.0574948
30.82 	 0.0407062
30.83 	 0.0243605
30.84 	 0.0103709
30.85 	 0.000552477
30.86 	 -0.00372084
30.87 	 -0.00195863
30.88 	 0.00525095
30.89 	 0.0167789
30.9 	 0.0309575
30.91 	 0.0458725
30.92 	 0.0596601
30.93 	 0.0707997
30.94 	 0.0778204
30.95 	 0.0797892
30.96 	 0.0759215
30.97 	 0.0660689
30.98 	 0.0509182
30.99 	 0.0318912
31 	 0.0113432
31.01 	 -0.00817517
31.02 	 -0.0242605
31.03 	 -0.0354908
31.04 	 -0.0416705
31.05 	 -0.0436339
31.06 	 -0.0429995
31.07 	 -0.0416789
31.08 	 -0.041241
31.09 	 -0.0425191
31.1 	 -0.0460529
31.11 	 -0.0518911
31.12 	 -0.060181
31.13 	 -0.0706776
31.14 	 -0.0830873
31.15 	 -0.0967731
31.16 	 -0.110755
31.17 	 -0.123512
31.18 	 -0.133671
31.19 	 -0.139953
31.2 	 -0.141916
31.21 	 -0.139756
31.22 	 -0.134503
31.23 	 -0.127483
31.24 	 -0.119874
31.25 	 -0.112806
31.26 	 -0.10731
31.27 	 -0.104022
31.28 	 -0.103139
31.29 	 -0.104266
31.3 	 -0.106914
31.31 	 -0.110395
31.32 	 -0.114269
31.33 	 -0.117897
31.34 	 -0.120691
31.35 	 -0.12182
31.36 	 -0.120595
31.37 	 -0.116773
31.38 	 -0.110598
31.39 	 -0.102953
31.4 	 -0.0946203
31.41 	 -0.0867766
31.42 	 -0.0800583
31.43 	 -0.0747603
31.44 	 -0.0705892
31.45 	 -0.0671048
31.46 	 -0.0639153
31.47 	 -0.0604813
31.48 	 -0.05641
31.49 	 -0.0511618
31.5 	 -0.0443934
31.51 	 -0.0360558
31.52 	 -0.0263446
31.53 	 -0.0158973
31.54 	 -0.00579303
31.55 	 0.0026442
31.56 	 0.00867797
31.57 	 0.0118182
31.58 	 0.0127017
31.59 	 0.0121132
31.6 	 0.0109844
31.61 	 0.00980632
31.62 	 0.00862783
31.63 	 0.00744959
31.64 	 0.0065658
31.65 	 0.00641815
31.66 	 0.00769414
31.67 	 0.0109831
31.68 	 0.0171186
31.69 	 0.0262468
31.7 	 0.0377788
31.71 	 0.0502409
31.72 	 0.0621129
31.73 	 0.0718238
31.74 	 0.0785404
31.75 	 0.0816253
31.76 	 0.0809327
31.77 	 0.0764139
31.78 	 0.0679716
31.79 	 0.0560971
31.8 	 0.0419678
31.81 	 0.0270556
31.82 	 0.0135675
31.83 	 0.00336586
31.84 	 -0.00168577
31.85 	 -0.000998677
31.86 	 0.00532985
31.87 	 0.0159762
31.88 	 0.0292727
31.89 	 0.0432571
31.9 	 0.0559665
31.91 	 0.0655853
31.92 	 0.0707885
31.93 	 0.0708412
31.94 	 0.065547
31.95 	 0.0554444
31.96 	 0.0416126
31.97 	 0.0254732
31.98 	 0.00903755
31.99 	 -0.00607458
32 	 -0.0183419
32.01 	 -0.0272246
32.02 	 -0.0326245
32.03 	 -0.035032
32.04 	 -0.0350845
32.05 	 -0.0335663
32.06 	 -0.0309171
32.07 	 -0.0273327
32.08 	 -0.0227643
32.09 	 -0.017263
32.1 	 -0.0110756
32.11 	 -0.00489
32.12 	 0.000607352
32.13 	 0.00492558
32.14 	 0.00777058
32.15 	 0.00909301
32.16 	 0.00894193
32.17 	 0.00712208
32.18 	 0.00329047
32.19 	 -0.00289513
32.2 	 -0.0114832
32.21 	 -0.0220806
32.22 	 -0.0331674
32.23 	 -0.0428805
32.24 	 -0.0493072
32.25 	 -0.0512698
32.26 	 -0.0484241
32.27 	 -0.0412112
32.28 	 -0.030564
32.29 	 -0.017562
32.3 	 -0.00338261
32.31 	 0.0108453
32.32 	 0.0236995
32.33 	 0.0340518
32.34 	 0.0408723
32.35 	 0.0435229
32.36 	 0.0419545
32.37 	 0.0365579
32.38 	 0.0283634
32.39 	 0.0186957
32.4 	 0.00858536
32.41 	 -0.000936532
32.42 	 -0.0092327
32.43 	 -0.0157624
32.44 	 -0.0203293
32.45 	 -0.0229324
32.46 	 -0.023867
32.47 	 -0.0236221
32.48 	 -0.0226889
32.49 	 -0.0215087
32.5 	 -0.020278
32.51 	 -0.019341
32.52 	 -0.0189926
32.53 	 -0.019379
32.54 	 -0.0204521
32.55 	 -0.0217699
32.56 	 -0.0230392
32.57 	 -0.0241133
32.58 	 -0.0248936
32.59 	 -0.025381
32.6 	 -0.0255258
32.61 	 -0.0251322
32.62 	 -0.0242488
32.63 	 -0.0230721
32.64 	 -0.0214057
32.65 	 -0.0193478
32.66 	 -0.0164565
32.67 	 -0.0126329
32.68 	 -0.00768045
32.69 	 -0.00145315
32.7 	 0.00619608
32.71 	 0.0150696
32.72 	 0.024776
32.73 	 0.0343835
32.74 	 0.0434516
32.75 	 0.0515881
32.76 	 0.0586464
32.77 	 0.0647739
32.78 	 0.0703147
32.79 	 0.0756119
32.8 	 0.0813034
32.81 	 0.087781
32.82 	 0.0954851
32.83 	 0.104513
32.84 	 0.114963
32.85 	 0.126244
32.86 	 0.137427
32.87 	 0.147088
32.88 	 0.153904
32.89 	 0.156896
32.9 	 0.155916
32.91 	 0.151306
32.92 	 0.143657
32.93 	 0.134046
32.94 	 0.123699
32.95 	 0.113891
32.96 	 0.105504
32.97 	 0.0992737
32.98 	 0.0953481
32.99 	 0.093728
33 	 0.0940701
33.01 	 0.0954435
33.02 	 0.0966215
33.03 	 0.0961326
33.04 	 0.0927987
33.05 	 0.0859822
33.06 	 0.0759281
33.07 	 0.0635691
33.08 	 0.0500821
33.09 	 0.0369876
33.1 	 0.0254621
33.11 	 0.0164873
33.12 	 0.0102098
33.13 	 0.00643329
33.14 	 0.004373
33.15 	 0.00353844
33.16 	 0.00334105
33.17 	 0.00324213
33.18 	 0.00280016
33.19 	 0.00118142
33.2 	 -0.00225148
33.21 	 -0.00784205
33.22 	 -0.0153949
33.23 	 -0.0241744
33.24 	 -0.0331511
33.25 	 -0.0413931
33.26 	 -0.0482133
33.27 	 -0.05317
33.28 	 -0.0561643
33.29 	 -0.0573429
33.3 	 -0.0572945
33.31 	 -0.0565099
33.32 	 -0.0554791
33.33 	 -0.0543989
33.34 	 -0.0532198
33.35 	 -0.0519904
33.36 	 -0.0505642
33.37 	 -0.0485488
33.38 	 -0.0456512
33.39 	 -0.0419208
33.4 	 -0.0373089
33.41 	 -0.0322565
33.42 	 -0.0268614
33.43 	 -0.0214181
33.44 	 -0.01627
33.45 	 -0.011908
33.46 	 -0.00906761
33.47 	 -0.00833676
33.48 	 -0.00996058
33.49 	 -0.0138405
33.5 	 -0.0192398
33.51 	 -0.0250305
33.52 	 -0.0298386
33.53 	 -0.032144
33.54 	 -0.0307686
33.55 	 -0.0254683
33.56 	 -0.016341
33.57 	 -0.00417281
33.58 	 0.0100544
33.59 	 0.0250159
33.6 	 0.0391424
33.61 	 0.0507667
33.62 	 0.0583199
33.63 	 0.061116
33.64 	 0.0591552
33.65 	 0.0531738
33.66 	 0.0448874
33.67 	 0.0360615
33.68 	 0.0285094
33.69 	 0.0232598
33.7 	 0.020705
33.71 	 0.0205023
33.72 	 0.0219168
33.73 	 0.0244603
33.74 	 0.0272503
33.75 	 0.0294055
33.76 	 0.0302885
33.77 	 0.0293596
33.78 	 0.0264711
33.79 	 0.0219645
33.8 	 0.0162803
33.81 	 0.0102017
33.82 	 0.0048076
33.83 	 0.000735569
33.84 	 -0.00171959
33.85 	 -0.00324268
33.86 	 -0.00461721
33.87 	 -0.00662711
33.88 	 -0.00971357
33.89 	 -0.0133871
33.9 	 -0.0172068
33.91 	 -0.0207816
33.92 	 -0.023573
33.93 	 -0.0253852
33.94 	 -0.0258754
33.95 	 -0.0252888
33.96 	 -0.0241641
33.97 	 -0.023188
33.98 	 -0.0229478
33.99 	 -0.0238351
34 	 -0.0262416
34.01 	 -0.0304615
34.02 	 -0.0361518
34.03 	 -0.0425773
34.04 	 -0.0488071
34.05 	 -0.0536152
34.06 	 -0.056315
34.07 	 -0.056464
34.08 	 -0.053964
34.09 	 -0.0491579
34.1 	 -0.0424381
34.11 	 -0.0348835
34.12 	 -0.0276226
34.13 	 -0.0218326
34.14 	 -0.0183971
34.15 	 -0.017758
34.16 	 -0.0201117
34.17 	 -0.0254585
34.18 	 -0.0331107
34.19 	 -0.0415467
34.2 	 -0.049049
34.21 	 -0.0541474
34.22 	 -0.0564991
34.23 	 -0.0561542
34.24 	 -0.0537509
34.25 	 -0.0502211
34.26 	 -0.0462505
34.27 	 -0.0425249
34.28 	 -0.0394362
34.29 	 -0.0373767
34.3 	 -0.0366901
34.31 	 -0.0378674
34.32 	 -0.041448
34.33 	 -0.047775
34.34 	 -0.0566536
34.35 	 -0.0671036
34.36 	 -0.0776537
34.37 	 -0.0870272
34.38 	 -0.0945849
34.39 	 -0.0999828
34.4 	 -0.103612
34.41 	 -0.105817
34.42 	 -0.106646
34.43 	 -0.1061
34.44 	 -0.103986
34.45 	 -0.1004
34.46 	 -0.0956864
34.47 	 -0.0907782
34.48 	 -0.0868523
34.49 	 -0.0850377
34.5 	 -0.0863147
34.51 	 -0.0912224
34.52 	 -0.0996126
34.53 	 -0.1107
34.54 	 -0.12311
34.55 	 -0.135323
34.56 	 -0.146212
34.57 	 -0.154353
34.58 	 -0.158374
34.59 	 -0.157244
34.6 	 -0.150375
34.61 	 -0.13821
34.62 	 -0.121827
34.63 	 -0.102942
34.64 	 -0.0835182
34.65 	 -0.0653685
34.66 	 -0.0499155
34.67 	 -0.0377969
34.68 	 -0.0289158
34.69 	 -0.0225866
34.7 	 -0.0179767
34.71 	 -0.0143005
34.72 	 -0.010871
34.73 	 -0.00665761
34.74 	 -0.000679223
34.75 	 0.00799634
34.76 	 0.019811
34.77 	 0.0344716
34.78 	 0.0510462
34.79 	 0.0685548
34.8 	 0.0858686
34.81 	 0.102153
34.82 	 0.116869
34.83 	 0.129916
34.84 	 0.141197
34.85 	 0.150859
34.86 	 0.158657
34.87 	 0.164593
34.88 	 0.168861
34.89 	 0.171706
34.9 	 0.173718
34.91 	 0.175337
34.92 	 0.176907
34.93 	 0.178527
34.94 	 0.179803
34.95 	 0.180391
34.96 	 0.179704
34.97 	 0.177545
34.98 	 0.173719
34.99 	 0.168324
35 	 0.161507
35.01 	 0.153711
35.02 	 0.145277
35.03 	 0.136549
35.04 	 0.127919
35.05 	 0.119337
35.06 	 0.110901
35.07 	 0.102809
35.08 	 0.0953043
35.09 	 0.0884377
35.1 	 0.0818653
35.11 	 0.0750973
35.12 	 0.0673486
35.13 	 0.0585702
35.14 	 0.0488604
35.15 	 0.0386597
35.16 	 0.0284093
35.17 	 0.0186486
35.18 	 0.0097208
35.19 	 0.00152814
35.2 	 -0.00612557
35.21 	 -0.0133862
35.22 	 -0.0204504
35.23 	 -0.0269249
35.24 	 -0.0322706
35.25 	 -0.036193
35.26 	 -0.038496
35.27 	 -0.0393271
35.28 	 -0.0389811
35.29 	 -0.0377532
35.3 	 -0.0359875
35.31 	 -0.034076
35.32 	 -0.032558
35.33 	 -0.0318746
35.34 	 -0.0321717
35.35 	 -0.0335961
35.36 	 -0.0360491
35.37 	 -0.0390901
35.38 	 -0.0423269
35.39 	 -0.0451228
35.4 	 -0.0466929
35.41 	 -0.0466941
35.42 	 -0.0446844
35.43 	 -0.0405656
35.44 	 -0.0343863
35.45 	 -0.026588
35.46 	 -0.0180043
35.47 	 -0.00966567
35.48 	 -0.0027002
35.49 	 0.00195984
35.5 	 0.00397077
35.51 	 0.0035293
35.52 	 0.00117404
35.53 	 -0.0023584
35.54 	 -0.00648001
35.55 	 -0.0108469
35.56 	 -0.0149195
35.57 	 -0.0186485
35.58 	 -0.0216907
35.59 	 -0.0238986
35.6 	 -0.0248304
35.61 	 -0.0242405
35.62 	 -0.0219325
35.63 	 -0.0181521
35.64 	 -0.0133897
35.65 	 -0.00813661
35.66 	 -0.00298201
35.67 	 0.00177904
35.68 	 0.0058522
35.69 	 0.00884447
35.7 	 0.0104622
35.71 	 0.0100181
35.72 	 0.00746429
35.73 	 0.00255551
35.74 	 -0.00416741
35.75 	 -0.0121653
35.76 	 -0.020408
35.77 	 -0.0279147
35.78 	 -0.0336553
35.79 	 -0.03709
35.8 	 -0.0378267
35.81 	 -0.0360126
35.82 	 -0.0320399
35.83 	 -0.0265957
35.84 	 -0.0203168
35.85 	 -0.0141847
35.86 	 -0.00873762
35.87 	 -0.00456462
35.88 	 -0.00176392
35.89 	 -0.000532803
35.9 	 -0.000577819
35.91 	 -0.0017038
35.92 	 -0.00391092
35.93 	 -0.00685528
35.94 	 -0.0101439
35.95 	 -0.0133349
35.96 	 -0.0159372
35.97 	 -0.0176557
35.98 	 -0.0181959
35.99 	 -0.0174597
36 	 -0.0154476
36.01 	 -0.0125032
36.02 	 -0.00892237
36.03 	 -0.00504831
36.04 	 -0.00102834
36.05 	 0.00274546
36.06 	 0.00583209
36.07 	 0.0079882
36.08 	 0.0091165
36.09 	 0.00985452
36.1 	 0.0108389
36.11 	 0.012461
36.12 	 0.0147689
36.13 	 0.0178604
36.14 	 0.0218829
36.15 	 0.0271798
36.16 	 0.033604
36.17 	 0.0408617
36.18 	 0.048316
36.19 	 0.0553787
36.2 	 0.0615588
36.21 	 0.06617
36.22 	 0.0685739
36.23 	 0.0684755
36.24 	 0.066168
36.25 	 0.0624854
36.26 	 0.0582624
36.27 	 0.054089
36.28 	 0.0502106
36.29 	 0.046677
36.3 	 0.0436837
36.31 	 0.0414269
36.32 	 0.0399073
36.33 	 0.0390751
36.34 	 0.038685
36.35 	 0.0385888
36.36 	 0.0384927
36.37 	 0.0380041
36.38 	 0.036731
36.39 	 0.0343302
36.4 	 0.0307037
36.41 	 0.0259005
36.42 	 0.0204113
36.43 	 0.0148237
36.44 	 0.00957894
36.45 	 0.00492191
36.46 	 0.00109734
36.47 	 -0.00228759
36.48 	 -0.00552703
36.49 	 -0.00896409
36.5 	 -0.0130395
36.51 	 -0.0179978
36.52 	 -0.0242315
36.53 	 -0.0320342
36.54 	 -0.0412089
36.55 	 -0.0512165
36.56 	 -0.0612228
36.57 	 -0.070493
36.58 	 -0.0780464
36.59 	 -0.0831472
36.6 	 -0.0854025
36.61 	 -0.0847147
36.62 	 -0.081427
36.63 	 -0.0766677
36.64 	 -0.071663
36.65 	 -0.0674427
36.66 	 -0.0648898
36.67 	 -0.0642988
36.68 	 -0.0657669
36.69 	 -0.0690496
36.7 	 -0.07351
36.71 	 -0.078364
36.72 	 -0.0829249
36.73 	 -0.0864564
36.74 	 -0.088321
36.75 	 -0.0880771
36.76 	 -0.0854793
36.77 	 -0.080577
36.78 	 -0.074204
36.79 	 -0.0674385
36.8 	 -0.0616053
36.81 	 -0.0574884
36.82 	 -0.0555291
36.83 	 -0.0553342
36.84 	 -0.056218
36.85 	 -0.0571991
36.86 	 -0.0575918
36.87 	 -0.0568554
36.88 	 -0.0546472
36.89 	 -0.0506733
36.9 	 -0.0447867
36.91 	 -0.0371348
36.92 	 -0.02811
36.93 	 -0.0181527
36.94 	 -0.00804707
36.95 	 0.00151982
36.96 	 0.00951771
36.97 	 0.0154064
36.98 	 0.0187436
36.99 	 0.0198232
37 	 0.0193324
37.01 	 0.0179577
37.02 	 0.0162392
37.03 	 0.0146183
37.04 	 0.0136347
37.05 	 0.0133867
37.06 	 0.0141204
37.07 	 0.0160817
37.08 	 0.0193197
37.09 	 0.0239808
37.1 	 0.0297691
37.11 	 0.0358507
37.12 	 0.041048
37.13 	 0.0442333
37.14 	 0.044574
37.15 	 0.0419724
37.16 	 0.0371649
37.17 	 0.0311328
37.18 	 0.0248075
37.19 	 0.0189737
37.2 	 0.0142683
37.21 	 0.0106912
37.22 	 0.00858493
37.23 	 0.00799732
37.24 	 0.00887989
37.25 	 0.0111834
37.26 	 0.0143218
37.27 	 0.017658
37.28 	 0.0204569
37.29 	 0.0219326
37.3 	 0.0212006
37.31 	 0.0178671
37.32 	 0.0119806
37.33 	 0.00427784
37.34 	 -0.0040631
37.35 	 -0.011914
37.36 	 -0.0184404
37.37 	 -0.0232002
37.38 	 -0.0255067
37.39 	 -0.0253095
37.4 	 -0.0225113
37.41 	 -0.0171608
37.42 	 -0.00940651
37.43 	 0.000750468
37.44 	 0.0130643
37.45 	 0.0269462
37.46 	 0.0410235
37.47 	 0.0538739
37.48 	 0.0641736
37.49 	 0.0710872
37.5 	 0.0743204
37.51 	 0.0740209
37.52 	 0.0704839
37.53 	 0.0644453
37.54 	 0.0570337
37.55 	 0.0495247
37.56 	 0.0434392
37.57 	 0.0401013
37.58 	 0.0403939
37.59 	 0.0446112
37.6 	 0.0521151
37.61 	 0.0618764
37.62 	 0.0724232
37.63 	 0.0822348
37.64 	 0.0900849
37.65 	 0.09514
37.66 	 0.0965664
37.67 	 0.0942655
37.68 	 0.0880399
37.69 	 0.0782821
37.7 	 0.0654815
37.71 	 0.0505217
37.72 	 0.034776
37.73 	 0.0199135
37.74 	 0.007258
37.75 	 -0.00230634
37.76 	 -0.00858339
37.77 	 -0.0117695
37.78 	 -0.0124044
37.79 	 -0.0113218
37.8 	 -0.00940604
37.81 	 -0.00758912
37.82 	 -0.00665637
37.83 	 -0.00709822
37.84 	 -0.00940404
37.85 	 -0.0136721
37.86 	 -0.0198031
37.87 	 -0.0274546
37.88 	 -0.0358421
37.89 	 -0.0439364
37.9 	 -0.0506573
37.91 	 -0.0551716
37.92 	 -0.056841
37.93 	 -0.0555189
37.94 	 -0.0516959
37.95 	 -0.0463043
37.96 	 -0.0403728
37.97 	 -0.0350292
37.98 	 -0.030812
37.99 	 -0.0279662
38 	 -0.0262469
38.01 	 -0.025115
38.02 	 -0.023885
38.03 	 -0.0221162
38.04 	 -0.0196127
38.05 	 -0.0162271
38.06 	 -0.0118128
38.07 	 -0.00622189
38.08 	 0.000643637
38.09 	 0.00848969
38.1 	 0.0164835
38.11 	 0.0237426
38.12 	 0.0294328
38.13 	 0.0333091
38.14 	 0.0356155
38.15 	 0.0369895
38.16 	 0.0382152
38.17 	 0.0400778
38.18 	 0.0431659
38.19 	 0.0474307
38.2 	 0.0523329
38.21 	 0.0572836
38.22 	 0.0615472
38.23 	 0.0644859
38.24 	 0.0657571
38.25 	 0.065215
38.26 	 0.0629087
38.27 	 0.0594764
38.28 	 0.0554565
38.29 	 0.0515352
38.3 	 0.048153
38.31 	 0.0452605
38.32 	 0.0428085
38.33 	 0.0406014
38.34 	 0.0388853
38.35 	 0.0376114
38.36 	 0.0364853
38.37 	 0.0350658
38.38 	 0.032813
38.39 	 0.0291386
38.4 	 0.0239437
38.41 	 0.0172272
38.42 	 0.0093816
38.43 	 0.00123976
38.44 	 -0.00655968
38.45 	 -0.0134282
38.46 	 -0.0192668
38.47 	 -0.0245168
38.48 	 -0.0296194
38.49 	 -0.0351145
38.5 	 -0.0409537
38.51 	 -0.0471365
38.52 	 -0.0534658
38.53 	 -0.0595491
38.54 	 -0.064846
38.55 	 -0.0686698
38.56 	 -0.070089
38.57 	 -0.0688587
38.58 	 -0.0649802
38.59 	 -0.0588953
38.6 	 -0.0513893
38.61 	 -0.0432966
38.62 	 -0.0356954
38.63 	 -0.0295668
38.64 	 -0.025744
38.65 	 -0.0247167
38.66 	 -0.0264357
38.67 	 -0.0307533
38.68 	 -0.036885
38.69 	 -0.0438013
38.7 	 -0.0502272
38.71 	 -0.0549375
38.72 	 -0.0567542
38.73 	 -0.0549907
38.74 	 -0.0496461
38.75 	 -0.0411616
38.76 	 -0.0306657
38.77 	 -0.0196296
38.78 	 -0.00972154
38.79 	 -0.00231434
38.8 	 0.00175821
38.81 	 0.00220102
38.82 	 -0.000740577
38.83 	 -0.00642904
38.84 	 -0.0137857
38.85 	 -0.0218297
38.86 	 -0.0295801
38.87 	 -0.0364477
38.88 	 -0.0418444
38.89 	 -0.0454261
38.9 	 -0.0471928
38.91 	 -0.0470462
38.92 	 -0.0453778
38.93 	 -0.0426779
38.94 	 -0.039535
38.95 	 -0.0364897
38.96 	 -0.0340335
38.97 	 -0.0325097
38.98 	 -0.0321644
38.99 	 -0.0331449
39 	 -0.0352056
39.01 	 -0.0382482
39.02 	 -0.0419776
39.03 	 -0.0460998
39.04 	 -0.0503199
39.05 	 -0.0542946
39.06 	 -0.0578276
39.07 	 -0.0604769
39.08 	 -0.0617524
39.09 	 -0.0612617
39.1 	 -0.0586622
39.11 	 -0.0540518
39.12 	 -0.0479698
39.13 	 -0.0411524
39.14 	 -0.034138
39.15 	 -0.0275647
39.16 	 -0.0216286
39.17 	 -0.0165752
39.18 	 -0.0125524
39.19 	 -0.00965827
39.2 	 -0.00804015
39.21 	 -0.0075999
39.22 	 -0.00833738
39.23 	 -0.0100078
39.24 	 -0.0121199
39.25 	 -0.0140357
39.26 	 -0.0152151
39.27 	 -0.0153139
39.28 	 -0.0140871
39.29 	 -0.0118294
39.3 	 -0.00859041
39.31 	 -0.00466498
39.32 	 -0.000298594
39.33 	 0.00436209
39.34 	 0.00912122
39.35 	 0.0139303
39.36 	 0.0186906
39.37 	 0.0231075
39.38 	 0.0269359
39.39 	 0.0297826
39.4 	 0.0313532
39.41 	 0.0316468
39.42 	 0.0305167
39.43 	 0.0282571
39.44 	 0.0252613
39.45 	 0.021775
39.46 	 0.0182896
39.47 	 0.0152472
39.48 	 0.0129419
39.49 	 0.0117165
39.5 	 0.0117175
39.51 	 0.0130421
39.52 	 0.0155924
39.53 	 0.0189272
39.54 	 0.0225559
39.55 	 0.0258906
39.56 	 0.0284901
39.57 	 0.0301097
39.58 	 0.0305046
39.59 	 0.0301159
39.6 	 0.0290899
39.61 	 0.0279171
39.62 	 0.0268899
39.63 	 0.0262534
39.64 	 0.0261054
39.65 	 0.0264466
39.66 	 0.0272288
39.67 	 0.0282564
39.68 	 0.0293338
39.69 	 0.030314
39.7 	 0.0309027
39.71 	 0.030854
39.72 	 0.0300697
39.73 	 0.0287456
39.74 	 0.0269297
39.75 	 0.0251616
39.76 	 0.023442
39.77 	 0.0221631
39.78 	 0.0211791
39.79 	 0.0204417
39.8 	 0.0197057
39.81 	 0.0188731
39.82 	 0.0180411
39.83 	 0.0172589
39.84 	 0.0168199
39.85 	 0.0169204
39.86 	 0.0176583
39.87 	 0.0191321
39.88 	 0.0212923
39.89 	 0.0242372
39.9 	 0.0275254
39.91 	 0.0309115
39.92 	 0.0336593
39.93 	 0.0354256
39.94 	 0.0356704
39.95 	 0.0343936
39.96 	 0.0315466
39.97 	 0.0275709
39.98 	 0.0229082
39.99 	 0.0180991
40 	 0.0138787
40.01 	 0.0105912
40.02 	 0.00862816
40.03 	 0.00803848
40.04 	 0.00862552
40.05 	 0.0101444
40.06 	 0.0121538
40.07 	 0.0143599
40.08 	 0.0165185
40.09 	 0.0184816
40.1 	 0.0199555
40.11 	 0.0208413
40.12 	 0.0208936
40.13 	 0.0202099
40.14 	 0.01879
40.15 	 0.0168783
40.16 	 0.0147202
40.17 	 0.0123649
40.18 	 0.0100087
40.19 	 0.00750562
40.2 	 0.00475768
40.21 	 0.00156903
40.22 	 -0.00201128
40.23 	 -0.00598368
40.24 	 -0.009809
40.25 	 -0.0130946
40.26 	 -0.0154974
40.27 	 -0.0166248
40.28 	 -0.0164278
40.29 	 -0.0149067
40.3 	 -0.0123559
40.31 	 -0.00926599
40.32 	 -0.00622532
40.33 	 -0.00387137
40.34 	 -0.00239991
40.35 	 -0.00205659
40.36 	 -0.00259589
40.37 	 -0.00401852
40.38 	 -0.0058332
40.39 	 -0.00779567
40.4 	 -0.00961116
40.41 	 -0.0109364
40.42 	 -0.0115753
40.43 	 -0.0113808
40.44 	 -0.0103033
40.45 	 -0.00849019
40.46 	 -0.00618578
40.47 	 -0.00373368
40.48 	 -0.00142762
40.49 	 0.000437235
40.5 	 0.00181165
40.51 	 0.00259733
40.52 	 0.00289202
40.53 	 0.002549
40.54 	 0.00176382
40.55 	 0.000684804
40.56 	 -0.000541436
40.57 	 -0.00162025
40.58 	 -0.00235548
40.59 	 -0.00279638
40.6 	 -0.00294299
40.61 	 -0.00294228
40.62 	 -0.0028928
40.63 	 -0.00289258
40.64 	 -0.00289257
40.65 	 -0.00294202
40.66 	 -0.00308913
40.67 	 -0.00323637
40.68 	 -0.00357955
40.69 	 -0.00416784
40.7 	 -0.00505038
40.71 	 -0.00627686
40.72 	 -0.00774855
40.73 	 -0.00922074
40.74 	 -0.0105457
40.75 	 -0.011478
40.76 	 -0.0120178
40.77 	 -0.0121159
40.78 	 -0.0117723
40.79 	 -0.0111343
40.8 	 -0.0102511
40.81 	 -0.00926948
40.82 	 -0.00833753
40.83 	 -0.00735631
40.84 	 -0.00652256
40.85 	 -0.00588516
40.86 	 -0.00554216
40.87 	 -0.00549279
40.88 	 -0.00573811
40.89 	 -0.00613005
40.9 	 -0.00652215
40.91 	 -0.00671844
40.92 	 -0.00671844
40.93 	 -0.00637522
40.94 	 -0.00568903
40.95 	 -0.00485573
40.96 	 -0.00387527
40.97 	 -0.00289495
40.98 	 -0.00201223
40.99 	 -0.0012279
41 	 -0.000639129
41.01 	 -0.000197403
41.02 	 -4.98089e-05
41.03 	 -5.05713e-07
41.04 	 4.90497e-05
41.05 	 0.000196255
41.06 	 0.000588621
41.07 	 0.00122637
41.08 	 0.00206017
41.09 	 0.00313911
41.1 	 0.00436545
41.11 	 0.00549368
41.12 	 0.00647461
41.13 	 0.0071616
41.14 	 0.00760299
41.15 	 0.00779944
41.16 	 0.00775023
41.17 	 0.00760301
41.18 	 0.00730846
41.19 	 0.00691573
41.2 	 0.00657206
41.21 	 0.00627731
41.22 	 0.00603191
41.23 	 0.00593339
41.24 	 0.0058351
41.25 	 0.00588405
41.26 	 0.00593295
41.27 	 0.00603137
41.28 	 0.00612977
41.29 	 0.00617912
41.3 	 0.00622853
41.31 	 0.00622874
41.32 	 0.00618003
41.33 	 0.00608205
41.34 	 0.00583701
41.35 	 0.00549402
41.36 	 0.00515076
41.37 	 0.00475878
41.38 	 0.00441547
41.39 	 0.0040722
41.4 	 0.00358169
41.41 	 0.00314015
41.42 	 0.00255138
41.43 	 0.00191345
41.44 	 0.00137379
41.45 	 0.000833992
41.46 	 0.000392484
41.47 	 4.91128e-05
41.48 	 -0.000245291
41.49 	 -0.000441386
41.5 	 -0.00068663
41.51 	 -0.000882962
41.52 	 -0.00103016
41.53 	 -0.0011284
41.54 	 -0.00107933
41.55 	 -0.000981158
41.56 	 -0.000981188
41.57 	 -0.000981169
41.58 	 -0.0011281
41.59 	 -0.00132416
41.6 	 -0.00156953
41.61 	 -0.00181441
41.62 	 -0.00201083
41.63 	 -0.00215781
41.64 	 -0.00225607
41.65 	 -0.00235417
41.66 	 -0.00240323
41.67 	 -0.00250134
41.68 	 -0.00255035
41.69 	 -0.00264857
41.7 	 -0.00269772
41.71 	 -0.00269772
41.72 	 -0.00274666
41.73 	 -0.00274658
41.74 	 -0.0028448
41.75 	 -0.0028938
41.76 	 -0.00299189
41.77 	 -0.00299185
41.78 	 -0.00299232
41.79 	 -0.00299131
41.8 	 -0.00205837
41.81 	 -0.00156955
41.82 	 -0.00152054
41.83 	 -0.00152065
41.84 	 -0.00147152
41.85 	 -0.00147152
41.86 	 -0.00147147
41.87 	 -0.00147153
41.88 	 -0.0014715
41.89 	 -0.00142258
41.9 	 -0.00142235
41.91 	 -0.00142255
41.92 	 -0.00142236
41.93 	 -0.00137367
41.94 	 -0.00137303
41.95 	 -0.00137428
41.96 	 -0.000492205
41.97 	 -1.54401e-07
41.98 	 -1.15414e-08
41.99 	 3.01642e-08
42 	 -3.03396e-08
42.01 	 2.73054e-08
42.02 	 -2.3979e-08
42.03 	 2.09919e-08
42.04 	 -1.84408e-08
42.05 	 1.62901e-08
42.06 	 -1.44773e-08
42.07 	 1.29424e-08
42.08 	 -1.16344e-08
42.09 	 1.05123e-08
42.1 	 -9.54321e-09
42.11 	 8.70076e-09
42.12 	 -7.96399e-09
42.13 	 7.31599e-09
42.14 	 -6.74308e-09
42.15 	 6.2341e-09
42.16 	 -5.77988e-09
42.17 	 5.37283e-09
42.18 	 -5.00664e-09
42.19 	 4.67602e-09
42.2 	 -4.3765e-09
42.21 	 4.10432e-09
42.22 	 -3.85623e-09
42.23 	 3.6295e-09
42.24 	 -3.42173e-09
42.25 	 3.23088e-09
42.26 	 -3.05517e-09
42.27 	 2.89304e-09
42.28 	 -2.74314e-09
42.29 	 2.60428e-09
42.3 	 -2.47539e-09
42.31 	 2.35557e-09
42.32 	 -2.24397e-09
42.33 	 2.13988e-09
42.34 	 -2.04263e-09
42.35 	 1.95165e-09
42.36 	 -1.86642e-09
42.37 	 1.78646e-09
42.38 	 -1.71135e-09
42.39 	 1.64072e-09
42.4 	 -1.57422e-09
42.41 	 1.51153e-09
42.42 	 -1.45238e-09
42.43 	 1.39651e-09
42.44 	 -1.34367e-09
42.45 	 1.29367e-09
42.46 	 -1.2463e-09
42.47 	 1.20138e-09
42.48 	 -1.15875e-09
42.49 	 1.11826e-09
42.5 	 -1.07977e-09
42.51 	 1.04316e-09
42.52 	 -1.0083e-09
42.53 	 9.75086e-10
42.54 	 -9.4342e-10
42.55 	 9.13207e-10
42.56 	 -8.84363e-10
42.57 	 8.56806e-10
42.58 	 -8.30463e-10
42.59 	 8.05264e-10
42.6 	 -7.81146e-10
42.61 	 7.58049e-10
42.62 	 -7.35918e-10
42.63 	 7.14699e-10
42.64 	 -6.94346e-10
42.65 	 6.74812e-10
42.66 	 -6.56055e-10
42.67 	 6.38035e-10
42.68 	 -6.20714e-10
42.69 	 6.04059e-10
42.7 	 -5.88035e-10
42.71 	 5.72614e-10
42.72 	 -5.57762e-10
42.73 	 5.43457e-10
42.74 	 -5.29671e-10
42.75 	 5.16379e-10
42.76 	 -5.03559e-10
42.77 	 4.91191e-10
42.78 	 -4.79251e-10
42.79 	 4.67723e-10
42.8 	 -4.56588e-10
42.81 	 4.45828e-10
42.82 	 -4.35427e-10
42.83 	 4.2537e-10
42.84 	 -4.15642e-10
42.85 	 4.0623e-10
42.86 	 -3.9712e-10
42.87 	 3.88299e-10
42.88 	 -3.79757e-10
42.89 	 3.71481e-10
42.9 	 -3.63461e-10
42.91 	 3.55687e-10
42.92 	 -3.48149e-10
42.93 	 3.40837e-10
42.94 	 -3.33745e-10
42.95 	 3.26862e-10
42.96 	 -3.2018e-10
42.97 	 3.13694e-10
42.98 	 -3.07394e-10
42.99 	 3.01274e-10
43 	 -2.95327e-10
43.01 	 2.89548e-10
43.02 	 -2.8393e-10
43.03 	 2.78468e-10
43.04 	 -2.73155e-10
43.05 	 2.67987e-10
43.06 	 -2.62958e-10
43.07 	 2.58064e-10
43.08 	 -2.533e-10
43.09 	 2.48662e-10
43.1 	 -2.44145e-10
43.11 	 2.39746e-10
43.12 	 -2.3546e-10
43.13 	 2.31283e-10
43.14 	 -2.27213e-10
43.15 	 2.23246e-10
43.16 	 -2.19378e-10
43.17 	 2.15605e-10
43.18 	 -2.11926e-10
43.19 	 2.08338e-10
43.2 	 -2.04836e-10
43.21 	 2.01419e-10
43.22 	 -1.98084e-10
43.23 	 1.94829e-10
43.24 	 -1.9165e-10
43.25 	 1.88546e-10
43.26 	 -1.85515e-10
43.27 	 1.82554e-10
43.28 	 -1.79662e-10
43.29 	 1.76835e-10
43.3 	 -1.74072e-10
43.31 	 1.71372e-10
43.32 	 -1.68733e-10
43.33 	 1.66152e-10
43.34 	 -1.63629e-10
43.35 	 1.61162e-10
43.36 	 -1.58748e-10
43.37 	 1.56386e-10
43.38 	 -1.54077e-10
43.39 	 1.51816e-10
43.4 	 -1.49603e-10
43.41 	 1.47438e-10
43.42 	 -1.45318e-10
43.43 	 1.43243e-10
43.44 	 -1.4121e-10
43.45 	 1.3922e-10
43.46 	 -1.37271e-10
43.47 	 1.35363e-10
43.48 	 -1.33492e-10
43.49 	 1.31659e-10
43.5 	 -1.29864e-10
43.51 	 1.28104e-10
43.52 	 -1.2638e-10
43.53 	 1.24689e-10
43.54 	 -1.23032e-10
43.55 	 1.21407e-10
43.56 	 -1.19814e-10
43.57 	 1.18252e-10
43.58 	 -1.16719e-10
43.59 	 1.15216e-10
43.6 	 -1.13742e-10
43.61 	 1.12296e-10
43.62 	 -1.10876e-10
43.63 	 1.09484e-10
43.64 	 -1.08117e-10
43.65 	 1.06776e-10
43.66 	 -1.0546e-10
43.67 	 1.04168e-10
43.68 	 -1.02899e-10
43.69 	 1.01654e-10
43.7 	 -1.0043e-10
43.71 	 9.9229e-11
43.72 	 -9.80498e-11
43.73 	 9.68912e-11
43.74 	 -9.57538e-11
43.75 	 9.46354e-11
43.76 	 -9.35374e-11
43.77 	 9.24582e-11
43.78 	 -9.13986e-11
43.79 	 9.03566e-11
43.8 	 -8.93329e-11
43.81 	 8.83264e-11
43.82 	 -8.7338e-11
43.83 	 8.63658e-11
43.84 	 -8.54102e-11
43.85 	 8.4471e-11
43.86 	 -8.35469e-11
43.87 	 8.26389e-11
43.88 	 -8.17462e-11
