0 -1.078732e-03
1.000000e-02 -5.001391e-03
2.000000e-02 -8.825985e-03
3.000000e-02 -7.060788e-03
4.000000e-02 -2.549729e-03
5.000000e-02 -1.765197e-03
6.000000e-02 -1.961330e-03
7.000000e-02 4.511059e-03
8.000000e-02 2.128043e-02
9.000000e-02 4.403186e-02
1.000000e-01 5.982056e-02
1.100000e-01 6.021283e-02
1.300000e-01 4.363959e-02
1.500000e-01 4.716999e-02
1.700000e-01 4.697385e-02
1.900000e-01 2.000557e-02
2.100000e-01 1.578871e-02
2.300000e-01 3.275421e-02
2.500000e-01 2.902768e-02
2.700000e-01 5.393658e-03
2.900000e-01 -3.863820e-02
