0 0
1.000000e-02 -1.000000e-07
2.000000e-02 -7.000000e-07
3.000000e-02 -2.100000e-06
4.000000e-02 -4.200000e-06
5.000000e-02 -6.600000e-06
6.000000e-02 -9.100000e-06
7.000000e-02 -1.180000e-05
8.000000e-02 -1.380000e-05
9.000000e-02 -1.360000e-05
1.000000e-01 -9.100000e-06
1.100000e-01 1.100000e-06
1.300000e-01 3.850000e-05
1.500000e-01 9.430000e-05
1.700000e-01 1.688000e-04
1.900000e-01 2.608000e-04
2.100000e-01 3.619000e-04
2.300000e-01 4.702000e-04
2.500000e-01 5.907000e-04
2.700000e-01 7.220000e-04
2.900000e-01 8.546000e-04