0 0
1.000000e-02 -3.050000e-05
2.000000e-02 -9.940000e-05
3.000000e-02 -1.784000e-04
4.000000e-02 -2.262000e-04
5.000000e-02 -2.475000e-04
6.000000e-02 -2.658000e-04
7.000000e-02 -2.528000e-04
8.000000e-02 -1.235000e-04
9.000000e-02 2.033000e-04
1.000000e-01 7.230000e-04
1.100000e-01 1.323500e-03
1.300000e-01 2.356300e-03
1.500000e-01 3.234500e-03
1.700000e-01 4.214400e-03
1.900000e-01 4.899200e-03
2.100000e-01 5.194800e-03
2.300000e-01 5.696100e-03
2.500000e-01 6.341400e-03
2.700000e-01 6.710200e-03
2.900000e-01 6.399500e-03