0.0 	 0.0 
0.01 	 0.0 
0.02 	 0.0 
0.03 	 0.0 
0.04 	 0.0 
0.05 	 0.0 
0.06 	 0.0 
0.07 	 0.0 
0.08 	 0.0 
0.09 	 0.0 
0.1 	 0.0 
0.11 	 0.0 
0.12 	 0.0 
0.13 	 0.0 
0.14 	 0.0 
0.15 	 0.0 
0.16 	 0.0 
0.17 	 0.0 
0.18 	 0.0 
0.19 	 0.0 
0.2 	 0.0 
0.21 	 0.0 
0.22 	 0.0 
0.23 	 0.0 
0.24 	 0.0 
0.25 	 0.0 
0.26 	 0.0 
0.27 	 0.0 
0.28 	 0.0 
0.29 	 0.0 
0.3 	 0.0 
0.31 	 0.0 
0.32 	 0.0 
0.33 	 0.0 
0.34 	 0.0 
0.35 	 0.0 
0.36 	 0.0 
0.37 	 0.0 
0.38 	 0.0 
0.39 	 0.0 
0.4 	 0.0 
0.41 	 0.0 
0.42 	 0.0 
0.43 	 0.0 
0.44 	 0.0 
0.45 	 0.0 
0.46 	 0.0 
0.47 	 0.0 
0.48 	 0.0 
0.49 	 0.0 
0.5 	 -9.81e-05 
0.51 	 -0.0003924 
0.52 	 -0.0012753 
0.53 	 -0.0026487 
0.54 	 -0.0040221 
0.55 	 -0.0051012 
0.56 	 -0.0053955 
0.57 	 -0.0045126 
0.58 	 -0.001962 
0.59 	 0.0035316 
0.6 	 0.012753 
0.61 	 0.0248193 
0.62 	 0.0377685 
0.63 	 0.0485595 
0.64 	 0.054936 
0.65 	 0.0567018 
0.66 	 0.054936 
0.67 	 0.0515025 
0.68 	 0.0474804 
0.69 	 0.0429678 
0.7 	 0.0374742 
0.71 	 0.0310977 
0.72 	 0.0251136 
0.73 	 0.0210915 
0.74 	 0.0199143 
0.75 	 0.0214839 
0.76 	 0.0241326 
0.77 	 0.0257022 
0.78 	 0.0236421 
0.79 	 0.0163827 
0.8 	 0.0030411 
0.81 	 -0.0154017 
0.82 	 -0.0367875 
0.83 	 -0.0581733 
0.84 	 -0.0763218 
0.85 	 -0.0889767 
0.86 	 -0.0942741 
0.87 	 -0.0913311 
0.88 	 -0.0798534 
0.89 	 -0.0609201 
0.9 	 -0.0365913 
0.91 	 -0.0102024 
0.92 	 0.0140283 
0.93 	 0.0321768 
0.94 	 0.041202 
0.95 	 0.0400248 
0.96 	 0.0302148 
0.97 	 0.0153036 
0.98 	 -0.0001962 
0.99 	 -0.0125568 
1.0 	 -0.0190314 
1.01 	 -0.0177561 
1.02 	 -0.0070632 
1.03 	 0.0133416 
1.04 	 0.0416925 
1.05 	 0.0731826 
1.06 	 0.1013373 
1.07 	 0.1204668 
1.08 	 0.1276281 
1.09 	 0.1234098 
1.1 	 0.1110492 
1.11 	 0.0934893 
1.12 	 0.0723978 
1.13 	 0.047088 
1.14 	 0.0159903 
1.15 	 -0.021582 
1.16 	 -0.0641574 
1.17 	 -0.1078119 
1.18 	 -0.1480329 
1.19 	 -0.180504 
1.2 	 -0.2023803 
1.21 	 -0.211896 
1.22 	 -0.2078739 
1.23 	 -0.1904121 
1.24 	 -0.1613745 
1.25 	 -0.1237041 
1.26 	 -0.0817173 
1.27 	 -0.0393381 
1.28 	 0.0001962 
1.29 	 0.0338445 
1.3 	 0.0595467 
1.31 	 0.0760275 
1.32 	 0.083385 
1.33 	 0.082404 
1.34 	 0.0747522 
1.35 	 0.0621954 
1.36 	 0.0464013 
1.37 	 0.0287433 
1.38 	 0.0097119 
1.39 	 -0.010791 
1.4 	 -0.0319806 
1.41 	 -0.0515025 
1.42 	 -0.0640593 
1.43 	 -0.0634707 
1.44 	 -0.0440469 
1.45 	 -0.0043164 
1.46 	 0.051012 
1.47 	 0.1109511 
1.48 	 0.1621593 
1.49 	 0.1940418 
1.5 	 0.2024784 
1.51 	 0.1894311 
1.52 	 0.1603935 
1.53 	 0.1210554 
1.54 	 0.0749484 
1.55 	 0.0241326 
1.56 	 -0.02943 
1.57 	 -0.0829926 
1.58 	 -0.1329255 
1.59 	 -0.1756971 
1.6 	 -0.2096397 
1.61 	 -0.2353419 
1.62 	 -0.25506 
1.63 	 -0.2699712 
1.64 	 -0.2790945 
1.65 	 -0.2789964 
1.66 	 -0.2650662 
1.67 	 -0.2326932 
1.68 	 -0.1788363 
1.69 	 -0.1036917 
1.7 	 -0.0120663 
1.71 	 0.0858375 
1.72 	 0.175599 
1.73 	 0.2426013 
1.74 	 0.2757591 
1.75 	 0.2705598 
1.76 	 0.2307312 
1.77 	 0.167751 
1.78 	 0.0983943 
1.79 	 0.040221 
1.8 	 0.006867 
1.81 	 0.0046107 
1.82 	 0.0319806 
1.83 	 0.0811287 
1.84 	 0.1403811 
1.85 	 0.1974753 
1.86 	 0.2412279 
1.87 	 0.2626137 
1.88 	 0.2562372 
1.89 	 0.2209212 
1.9 	 0.1613745 
1.91 	 0.0890748 
1.92 	 0.020601 
1.93 	 -0.0261927 
1.94 	 -0.03924 
1.95 	 -0.0174618 
1.96 	 0.0281547 
1.97 	 0.0782838 
1.98 	 0.1126188 
1.99 	 0.1161504 
2.0 	 0.0815211 
2.01 	 0.008829 
2.02 	 -0.0957456 
2.03 	 -0.2204307 
2.04 	 -0.3484512 
2.05 	 -0.46107 
2.06 	 -0.5399424 
2.07 	 -0.5704515 
2.08 	 -0.5449455 
2.09 	 -0.4652883 
2.1 	 -0.3418785 
2.11 	 -0.190314 
2.12 	 -0.026487 
2.13 	 0.1357704 
2.14 	 0.285471 
2.15 	 0.4127067 
2.16 	 0.5070789 
2.17 	 0.5576985 
2.18 	 0.5554422 
2.19 	 0.4967784 
2.2 	 0.3879855 
2.21 	 0.2464272 
2.22 	 0.0969228 
2.23 	 -0.0365913 
2.24 	 -0.1376343 
2.25 	 -0.1998297 
2.26 	 -0.226611 
2.27 	 -0.2274939 
2.28 	 -0.2126808 
2.29 	 -0.1871748 
2.3 	 -0.1489158 
2.31 	 -0.0908406 
2.32 	 -0.0086328 
2.33 	 0.0919197 
2.34 	 0.1931589 
2.35 	 0.2701674 
2.36 	 0.2993031 
2.37 	 0.2660472 
2.38 	 0.1695168 
2.39 	 0.0238383 
2.4 	 -0.1457766 
2.41 	 -0.3088188 
2.42 	 -0.4380165 
2.43 	 -0.5156136 
2.44 	 -0.5362146 
2.45 	 -0.5036454 
2.46 	 -0.4262445 
2.47 	 -0.3126447 
2.48 	 -0.1703016 
2.49 	 -0.0069651 
2.5 	 0.1665738 
2.51 	 0.3341286 
2.52 	 0.4750002 
2.53 	 0.5683914 
2.54 	 0.5997834 
2.55 	 0.5662332 
2.56 	 0.4763736 
2.57 	 0.3464892 
2.58 	 0.1937475 
2.59 	 0.0319806 
2.6 	 -0.1283148 
2.61 	 -0.2755629 
2.62 	 -0.395343 
2.63 	 -0.4711743 
2.64 	 -0.4897152 
2.65 	 -0.4462569 
2.66 	 -0.3471759 
2.67 	 -0.2081682 
2.68 	 -0.0499329 
2.69 	 0.1070271 
2.7 	 0.2445633 
2.71 	 0.3467835 
2.72 	 0.3997575 
2.73 	 0.3926943 
2.74 	 0.3232395 
2.75 	 0.203067 
2.76 	 0.0577809 
2.77 	 -0.0797553 
2.78 	 -0.1798173 
2.79 	 -0.2251395 
2.8 	 -0.2166048 
2.81 	 -0.170694 
2.82 	 -0.1125207 
2.83 	 -0.0652365 
2.84 	 -0.0423792 
2.85 	 -0.0450279 
2.86 	 -0.0634707 
2.87 	 -0.0829926 
2.88 	 -0.0908406 
2.89 	 -0.0825021 
2.9 	 -0.0651384 
2.91 	 -0.0547398 
2.92 	 -0.066708 
2.93 	 -0.1040841 
2.94 	 -0.1536246 
2.95 	 -0.1921779 
2.96 	 -0.201105 
2.97 	 -0.1783458 
2.98 	 -0.1415583 
2.99 	 -0.1182105 
3.0 	 -0.1296882 
3.01 	 -0.1778553 
3.02 	 -0.2433861 
3.03 	 -0.2957715 
3.04 	 -0.3057777 
3.05 	 -0.2556486 
3.06 	 -0.1416564 
3.07 	 0.0265851 
3.08 	 0.2287692 
3.09 	 0.4367412 
3.1 	 0.617049 
3.11 	 0.7364367 
3.12 	 0.7715565 
3.13 	 0.7189749 
3.14 	 0.5973309 
3.15 	 0.4405671 
3.16 	 0.2829204 
3.17 	 0.1456785 
3.18 	 0.0331578 
3.19 	 -0.0617049 
3.2 	 -0.1478367 
3.21 	 -0.2297502 
3.22 	 -0.3062682 
3.23 	 -0.3722895 
3.24 	 -0.4213395 
3.25 	 -0.4450797 
3.26 	 -0.4327191 
3.27 	 -0.3710142 
3.28 	 -0.2497626 
3.29 	 -0.0698472 
3.3 	 0.1486215 
3.31 	 0.3662073 
3.32 	 0.5330754 
3.33 	 0.6048846 
3.34 	 0.557208 
3.35 	 0.3936753 
3.36 	 0.1436184 
3.37 	 -0.1477386 
3.38 	 -0.4337001 
3.39 	 -0.6771843 
3.4 	 -0.8548434 
3.41 	 -0.9552978 
3.42 	 -0.9753102 
3.43 	 -0.9178236 
3.44 	 -0.792648 
3.45 	 -0.6161661 
3.46 	 -0.4099599 
3.47 	 -0.1960038 
3.48 	 0.0077499 
3.49 	 0.1900197 
3.5 	 0.346293 
3.51 	 0.4755888 
3.52 	 0.5755527 
3.53 	 0.6395139 
3.54 	 0.6569757 
3.55 	 0.6192072 
3.56 	 0.5245407 
3.57 	 0.3831786 
3.58 	 0.2167029 
3.59 	 0.0553284 
3.6 	 -0.0683757 
3.61 	 -0.1273338 
3.62 	 -0.1072233 
3.63 	 -0.0129492 
3.64 	 0.132435 
3.65 	 0.2945943 
3.66 	 0.4383108 
3.67 	 0.5373918 
3.68 	 0.579771 
3.69 	 0.5671161 
3.7 	 0.5100219 
3.71 	 0.4206528 
3.72 	 0.3067587 
3.73 	 0.169713 
3.74 	 0.0077499 
3.75 	 -0.1773648 
3.76 	 -0.3741534 
3.77 	 -0.5595624 
3.78 	 -0.7026903 
3.79 	 -0.7742052 
3.8 	 -0.7566453 
3.81 	 -0.6507954 
3.82 	 -0.4739211 
3.83 	 -0.2518227 
3.84 	 -0.0113796 
3.85 	 0.2220984 
3.86 	 0.4251654 
3.87 	 0.5754546 
3.88 	 0.6571719 
3.89 	 0.6671781 
3.9 	 0.6197958 
3.91 	 0.5431797 
3.92 	 0.4695066 
3.93 	 0.4223205 
3.94 	 0.4099599 
3.95 	 0.4249692 
3.96 	 0.4505733 
3.97 	 0.4690161 
3.98 	 0.4668579 
3.99 	 0.4367412 
4.0 	 0.3763116 
4.01 	 0.2858634 
4.02 	 0.1676529 
4.03 	 0.026487 
4.04 	 -0.1308654 
4.05 	 -0.2971449 
4.06 	 -0.4646016 
4.07 	 -0.6247989 
4.08 	 -0.7672401 
4.09 	 -0.8808399 
4.1 	 -0.9562788 
4.11 	 -0.9894366 
4.12 	 -0.9820791 
4.13 	 -0.9401904 
4.14 	 -0.8710299 
4.15 	 -0.7807779 
4.16 	 -0.6746337 
4.17 	 -0.5578947 
4.18 	 -0.4382127 
4.19 	 -0.3252015 
4.2 	 -0.2284749 
4.21 	 -0.1538208 
4.22 	 -0.0980019 
4.23 	 -0.0467937 
4.24 	 0.0210915 
4.25 	 0.1238022 
4.26 	 0.2657529 
4.27 	 0.4310514 
4.28 	 0.5869323 
4.29 	 0.6952347 
4.3 	 0.7250571 
4.31 	 0.6640389 
4.32 	 0.5219901 
4.33 	 0.3299103 
4.34 	 0.1299825 
4.35 	 -0.036297 
4.36 	 -0.1404792 
4.37 	 -0.1743237 
4.38 	 -0.1498968 
4.39 	 -0.0942741 
4.4 	 -0.03924 
4.41 	 -0.0101043 
4.42 	 -0.0170694 
4.43 	 -0.0523854 
4.44 	 -0.0934893 
4.45 	 -0.1125207 
4.46 	 -0.0877995 
4.47 	 -0.0141264 
4.48 	 0.0978057 
4.49 	 0.2284749 
4.5 	 0.3586536 
4.51 	 0.4737249 
4.52 	 0.561132 
4.53 	 0.6068466 
4.54 	 0.5968404 
4.55 	 0.5247369 
4.56 	 0.3995613 
4.57 	 0.2464272 
4.58 	 0.0991791 
4.59 	 -0.0116739 
4.6 	 -0.0680814 
4.61 	 -0.0682776 
4.62 	 -0.023544 
4.63 	 0.0466956 
4.64 	 0.1191915 
4.65 	 0.1694187 
4.66 	 0.1740294 
4.67 	 0.1150713 
4.68 	 -0.0146169 
4.69 	 -0.2061081 
4.7 	 -0.4348773 
4.71 	 -0.6664914 
4.72 	 -0.8656344 
4.73 	 -1.0046421 
4.74 	 -1.0685052 
4.75 	 -1.0551636 
4.76 	 -0.9723672 
4.77 	 -0.8337519 
4.78 	 -0.6552099 
4.79 	 -0.4548897 
4.8 	 -0.2525094 
4.81 	 -0.0687681 
4.82 	 0.07848 
4.83 	 0.1801116 
4.84 	 0.2387754 
4.85 	 0.2663415 
4.86 	 0.2780154 
4.87 	 0.2843919 
4.88 	 0.288414 
4.89 	 0.2867463 
4.9 	 0.2750724 
4.91 	 0.252117 
4.92 	 0.2204307 
4.93 	 0.184428 
4.94 	 0.1463652 
4.95 	 0.1048689 
4.96 	 0.0553284 
4.97 	 -0.0060822 
4.98 	 -0.0801477 
4.99 	 -0.1627479 
5.0 	 -0.2464272 
5.01 	 -0.3226509 
5.02 	 -0.3849444 
5.03 	 -0.4299723 
5.04 	 -0.4554783 
5.05 	 -0.4560669 
5.06 	 -0.4203585 
5.07 	 -0.3334419 
5.08 	 -0.1832508 
5.09 	 0.0308034 
5.1 	 0.2922399 
5.11 	 0.5682933 
5.12 	 0.8197236 
5.13 	 1.0129806 
5.14 	 1.1307006 
5.15 	 1.1733741 
5.16 	 1.1531655 
5.17 	 1.0829259 
5.18 	 0.9689337 
5.19 	 0.8111889 
5.2 	 0.6096915 
5.21 	 0.3725838 
5.22 	 0.1197801 
5.23 	 -0.120663 
5.24 	 -0.320787 
5.25 	 -0.4621491 
5.26 	 -0.5386671 
5.27 	 -0.5548536 
5.28 	 -0.5212053 
5.29 	 -0.4516524 
5.3 	 -0.3618909 
5.31 	 -0.2690883 
5.32 	 -0.1899216 
5.33 	 -0.1369476 
5.34 	 -0.1159542 
5.35 	 -0.1238022 
5.36 	 -0.1483272 
5.37 	 -0.1703997 
5.38 	 -0.1698111 
5.39 	 -0.1328274 
5.4 	 -0.0584676 
5.41 	 0.0405153 
5.42 	 0.1421469 
5.43 	 0.2240604 
5.44 	 0.2713446 
5.45 	 0.279585 
5.46 	 0.2544714 
5.47 	 0.2074815 
5.48 	 0.1509759 
5.49 	 0.0945684 
5.5 	 0.0442431 
5.51 	 0.0034335 
5.52 	 -0.0260946 
5.53 	 -0.0456165 
5.54 	 -0.0610182 
5.55 	 -0.0839736 
5.56 	 -0.1268433 
5.57 	 -0.1943361 
5.58 	 -0.2790945 
5.59 	 -0.3626757 
5.6 	 -0.4235958 
5.61 	 -0.4470417 
5.62 	 -0.4310514 
5.63 	 -0.3856311 
5.64 	 -0.3275559 
5.65 	 -0.2718351 
5.66 	 -0.224649 
5.67 	 -0.1813869 
5.68 	 -0.1300806 
5.69 	 -0.0587619 
5.7 	 0.0378666 
5.71 	 0.155979 
5.72 	 0.2858634 
5.73 	 0.4180041 
5.74 	 0.5486733 
5.75 	 0.6810102 
5.76 	 0.820116 
5.77 	 0.9648135 
5.78 	 1.1010744 
5.79 	 1.2005478 
5.8 	 1.2288006 
5.81 	 1.1583648 
5.82 	 0.9804114 
5.83 	 0.7088706 
5.84 	 0.3769983 
5.85 	 0.0256041 
5.86 	 -0.3079359 
5.87 	 -0.5976252 
5.88 	 -0.8306127 
5.89 	 -1.0044459 
5.9 	 -1.1220678 
5.91 	 -1.1892663 
5.92 	 -1.2110445 
5.93 	 -1.1916207 
5.94 	 -1.134036 
5.95 	 -1.0432935 
5.96 	 -0.928026 
5.97 	 -0.8008884 
5.98 	 -0.6763995 
5.99 	 -0.5668218 
6.0 	 -0.4798071 
6.01 	 -0.4184946 
6.02 	 -0.3843558 
6.03 	 -0.3797451 
6.04 	 -0.4075074 
6.05 	 -0.466956 
6.06 	 -0.5504391 
6.07 	 -0.6417702 
6.08 	 -0.7179939 
6.09 	 -0.753408 
6.1 	 -0.7270191 
6.11 	 -0.6287229 
6.12 	 -0.4612662 
6.13 	 -0.2389716 
6.14 	 0.0184428 
6.15 	 0.2905722 
6.16 	 0.5582871 
6.17 	 0.8032428 
6.18 	 1.0068984 
6.19 	 1.1521845 
6.2 	 1.2257595 
6.21 	 1.2215412 
6.22 	 1.1442384 
6.23 	 1.0110186 
6.24 	 0.8489574 
6.25 	 0.6873867 
6.26 	 0.5502429 
6.27 	 0.4507695 
6.28 	 0.3888684 
6.29 	 0.3539448 
6.3 	 0.3300084 
6.31 	 0.3024423 
6.32 	 0.2636928 
6.33 	 0.2154276 
6.34 	 0.16677 
6.35 	 0.1299825 
6.36 	 0.1153656 
6.37 	 0.1279224 
6.38 	 0.1646118 
6.39 	 0.2143485 
6.4 	 0.2587878 
6.41 	 0.2758572 
6.42 	 0.2444652 
6.43 	 0.1495044 
6.44 	 -0.0138321 
6.45 	 -0.2373039 
6.46 	 -0.5020758 
6.47 	 -0.7837209 
6.48 	 -1.0562427 
6.49 	 -1.2957048 
6.5 	 -1.4833701 
6.51 	 -1.6079571 
6.52 	 -1.6675038 
6.53 	 -1.6674057 
6.54 	 -1.6165899 
6.55 	 -1.5232968 
6.56 	 -1.392039 
6.57 	 -1.2238956 
6.58 	 -1.0174932 
6.59 	 -0.7701831 
6.6 	 -0.482652 
6.61 	 -0.1637289 
6.62 	 0.1636308 
6.63 	 0.46107 
6.64 	 0.6826779 
6.65 	 0.7890183 
6.66 	 0.7630218 
6.67 	 0.6198939 
6.68 	 0.4030929 
6.69 	 0.1696149 
6.7 	 -0.0291357 
6.71 	 -0.1607859 
6.72 	 -0.2169972 
6.73 	 -0.2093454 
6.74 	 -0.1601973 
6.75 	 -0.0932931 
6.76 	 -0.0269775 
6.77 	 0.0286452 
6.78 	 0.070632 
6.79 	 0.1002582 
6.8 	 0.1200744 
6.81 	 0.1339065 
6.82 	 0.1458747 
6.83 	 0.1594125 
6.84 	 0.1761876 
6.85 	 0.1960038 
6.86 	 0.2154276 
6.87 	 0.2277882 
6.88 	 0.2218041 
6.89 	 0.1823679 
6.9 	 0.0972171 
6.91 	 -0.0338445 
6.92 	 -0.1944342 
6.93 	 -0.3526695 
6.94 	 -0.4670541 
6.95 	 -0.493443 
6.96 	 -0.3952449 
6.97 	 -0.1527417 
6.98 	 0.2306331 
6.99 	 0.7292754 
7.0 	 1.3025718 
7.01 	 1.9037286 
7.02 	 2.4867369 
7.03 	 3.0086289 
7.04 	 3.4343829 
7.05 	 3.7416321 
7.06 	 3.9197817 
7.07 	 3.9621609 
7.08 	 3.8607255 
7.09 	 3.6049788 
7.1 	 3.1899177 
7.11 	 2.6276085 
7.12 	 1.9529748 
7.13 	 1.2195792 
7.14 	 0.4877532 
7.15 	 -0.1910007 
7.16 	 -0.7834266 
7.17 	 -1.277262 
7.18 	 -1.6783929 
7.19 	 -2.0058507 
7.2 	 -2.2824927 
7.21 	 -2.525094 
7.22 	 -2.737971 
7.23 	 -2.9098422 
7.24 	 -3.014613 
7.25 	 -3.0153978 
7.26 	 -2.8769787 
7.27 	 -2.5792452 
7.28 	 -2.1187638 
7.29 	 -1.4988699 
7.3 	 -0.7213293 
7.31 	 0.206991 
7.32 	 1.2425346 
7.33 	 2.2738599 
7.34 	 3.1316463 
7.35 	 3.6417663 
7.36 	 3.6916011 
7.37 	 3.2739894 
7.38 	 2.4895818 
7.39 	 1.5126039 
7.4 	 0.5359203 
7.41 	 -0.2800755 
7.42 	 -0.8390493 
7.43 	 -1.114416 
7.44 	 -1.1337417 
7.45 	 -0.9539244 
7.46 	 -0.6402987 
7.47 	 -0.2546676 
7.48 	 0.1476405 
7.49 	 0.5186547 
7.5 	 0.820116 
7.51 	 1.0283823 
7.52 	 1.135017 
7.53 	 1.1425707 
7.54 	 1.0576161 
7.55 	 0.8864316 
7.56 	 0.6352956 
7.57 	 0.3157839 
7.58 	 -0.0494424 
7.59 	 -0.4223205 
7.6 	 -0.754389 
7.61 	 -0.998658 
7.62 	 -1.1230488 
7.63 	 -1.1208906 
7.64 	 -1.0102338 
7.65 	 -0.8237457 
7.66 	 -0.5950746 
7.67 	 -0.3498246 
7.68 	 -0.1066347 
7.69 	 0.1149732 
7.7 	 0.2871387 
7.71 	 0.374742 
7.72 	 0.3471759 
7.73 	 0.1928646 
7.74 	 -0.0749484 
7.75 	 -0.4219281 
7.76 	 -0.8003979 
7.77 	 -1.1558142 
7.78 	 -1.4354973 
7.79 	 -1.5969699 
7.8 	 -1.6150203 
7.81 	 -1.4833701 
7.82 	 -1.2075129 
7.83 	 -0.7960815 
7.84 	 -0.258003 
7.85 	 0.3932829 
7.86 	 1.1298177 
7.87 	 1.9037286 
7.88 	 2.6489943 
7.89 	 3.2917455 
7.9 	 3.7580148 
7.91 	 3.9815847 
7.92 	 3.9215475 
7.93 	 3.5832006 
7.94 	 3.0271698 
7.95 	 2.3569506 
7.96 	 1.6869276 
7.97 	 1.105587 
7.98 	 0.6535422 
7.99 	 0.3250053 
8.0 	 0.0837774 
8.01 	 -0.115758 
8.02 	 -0.3098979 
8.03 	 -0.5158098 
8.04 	 -0.7313355 
8.05 	 -0.9414657 
8.06 	 -1.1277576 
8.07 	 -1.2761829 
8.08 	 -1.3815423 
8.09 	 -1.4474655 
8.1 	 -1.4848416 
8.11 	 -1.5090723 
8.12 	 -1.5364422 
8.13 	 -1.581372 
8.14 	 -1.6538679 
8.15 	 -1.7597178 
8.16 	 -1.8997065 
8.17 	 -2.0704005 
8.18 	 -2.264148 
8.19 	 -2.4704523 
8.2 	 -2.6786205 
8.21 	 -2.8803141 
8.22 	 -3.0678813 
8.23 	 -3.2316102 
8.24 	 -3.3596307 
8.25 	 -3.4406613 
8.26 	 -3.4645977 
8.27 	 -3.4193736 
8.28 	 -3.2923341 
8.29 	 -3.0750426 
8.3 	 -2.7691668 
8.31 	 -2.3875578 
8.32 	 -1.9500318 
8.33 	 -1.4740506 
8.34 	 -0.9636363 
8.35 	 -0.4083903 
8.36 	 0.1939437 
8.37 	 0.8038314 
8.38 	 1.330236 
8.39 	 1.6543584 
8.4 	 1.681434 
8.41 	 1.3880169 
8.42 	 0.8317899 
8.43 	 0.1239003 
8.44 	 -0.614106 
8.45 	 -1.2849138 
8.46 	 -1.8319194 
8.47 	 -2.238642 
8.48 	 -2.5153821 
8.49 	 -2.6836236 
8.5 	 -2.7635751 
8.51 	 -2.7685782 
8.52 	 -2.7058923 
8.53 	 -2.5789509 
8.54 	 -2.3891274 
8.55 	 -2.1351465 
8.56 	 -1.8153405 
8.57 	 -1.4261778 
8.58 	 -0.945684 
8.59 	 -0.3189231 
8.6 	 0.518949 
8.61 	 1.5893181 
8.62 	 2.8259667 
8.63 	 4.0742892 
8.64 	 5.1465222 
8.65 	 5.8988511 
8.66 	 6.2708463 
8.67 	 6.2761437 
8.68 	 5.977233 
8.69 	 5.4644643 
8.7 	 4.8368205 
8.71 	 4.182984 
8.72 	 3.5670141 
8.73 	 3.0199104 
8.74 	 2.5390242 
8.75 	 2.0965932 
8.76 	 1.6573014 
8.77 	 1.1981934 
8.78 	 0.7172091 
8.79 	 0.2303388 
8.8 	 -0.2377944 
8.81 	 -0.6634503 
8.82 	 -1.0291671 
8.83 	 -1.3255272 
8.84 	 -1.5488028 
8.85 	 -1.698111 
8.86 	 -1.771686 
8.87 	 -1.7659962 
8.88 	 -1.6781967 
8.89 	 -1.5104457 
8.9 	 -1.2714741 
8.91 	 -0.976095 
8.92 	 -0.6420645 
8.93 	 -0.2889045 
8.94 	 0.0636669 
8.95 	 0.3968145 
8.96 	 0.6951366 
8.97 	 0.9487251 
8.98 	 1.1541465 
8.99 	 1.3144419 
9.0 	 1.4346144 
9.01 	 1.5175089 
9.02 	 1.561752 
9.03 	 1.5639102 
9.04 	 1.5206481 
9.05 	 1.431279 
9.06 	 1.2989421 
9.07 	 1.1300139 
9.08 	 0.9312633 
9.09 	 0.7073991 
9.1 	 0.4598928 
9.11 	 0.1898235 
9.12 	 -0.0991791 
9.13 	 -0.3980898 
9.14 	 -0.6946461 
9.15 	 -0.9758988 
9.16 	 -1.2302721 
9.17 	 -1.446975 
9.18 	 -1.6161975 
9.19 	 -1.7313669 
9.2 	 -1.7914041 
9.21 	 -1.8006255 
9.22 	 -1.7668791 
9.23 	 -1.6972281 
9.24 	 -1.5946155 
9.25 	 -1.4576679 
9.26 	 -1.2856005 
9.27 	 -1.084005 
9.28 	 -0.8694603 
9.29 	 -0.6669819 
9.3 	 -0.5029587 
9.31 	 -0.3947544 
9.32 	 -0.3431538 
9.33 	 -0.3307932 
9.34 	 -0.3288312 
9.35 	 -0.3081321 
9.36 	 -0.2508417 
9.37 	 -0.1556847 
9.38 	 -0.0345312 
9.39 	 0.0963342 
9.4 	 0.2244528 
9.41 	 0.3445272 
9.42 	 0.4585194 
9.43 	 0.5733945 
9.44 	 0.6991587 
9.45 	 0.8449353 
9.46 	 1.0152369 
9.47 	 1.2058452 
9.48 	 1.4027319 
9.49 	 1.5855903 
9.5 	 1.7348004 
9.51 	 1.8386883 
9.52 	 1.8973521 
9.53 	 1.9202094 
9.54 	 1.9184436 
9.55 	 1.8978426 
9.56 	 1.8524223 
9.57 	 1.7661924 
9.58 	 1.6200234 
9.59 	 1.4029281 
9.6 	 1.1192229 
9.61 	 0.7893126 
9.62 	 0.4433139 
9.63 	 0.1122264 
9.64 	 -0.1802097 
9.65 	 -0.4232034 
9.66 	 -0.6203844 
9.67 	 -0.7872525 
9.68 	 -0.9452916 
9.69 	 -1.1128464 
9.7 	 -1.299825 
9.71 	 -1.5053445 
9.72 	 -1.720674 
9.73 	 -1.9322757 
9.74 	 -2.1267099 
9.75 	 -2.2926951 
9.76 	 -2.4235605 
9.77 	 -2.5180308 
9.78 	 -2.5795395 
9.79 	 -2.6152479 
9.8 	 -2.6328078 
9.81 	 -2.6384976 
9.82 	 -2.6356527 
9.83 	 -2.6247636 
9.84 	 -2.6047512 
9.85 	 -2.5735554 
9.86 	 -2.5292142 
9.87 	 -2.4700599 
9.88 	 -2.3940324 
9.89 	 -2.2962267 
9.9 	 -2.1675195 
9.91 	 -1.9947654 
9.92 	 -1.7646228 
9.93 	 -1.4673798 
9.94 	 -1.0990143 
9.95 	 -0.6608997 
9.96 	 -0.1671624 
9.97 	 0.3451158 
9.98 	 0.8144262 
9.99 	 1.1686653 
10.0 	 1.3509351 
10.01 	 1.3465206 
10.02 	 1.1887758 
10.03 	 0.944703 
10.04 	 0.692586 
10.05 	 0.5026644 
10.06 	 0.422811 
10.07 	 0.4724496 
10.08 	 0.6424569 
10.09 	 0.9019314 
10.1 	 1.2054528 
10.11 	 1.5014205 
10.12 	 1.7381358 
10.13 	 1.8713556 
10.14 	 1.8730233 
10.15 	 1.7411769 
10.16 	 1.5005376 
10.17 	 1.195839 
10.18 	 0.8807418 
10.19 	 0.6067485 
10.2 	 0.4156497 
10.21 	 0.3341286 
10.22 	 0.3703275 
10.23 	 0.5110029 
10.24 	 0.724959 
10.25 	 0.9695223 
10.26 	 1.2010383 
10.27 	 1.3845834 
10.28 	 1.5007338 
10.29 	 1.5468408 
10.3 	 1.5326163 
10.31 	 1.4722848 
10.32 	 1.3791879 
10.33 	 1.2631356 
10.34 	 1.1331531 
10.35 	 0.9999333 
10.36 	 0.8763273 
10.37 	 0.7739109 
10.38 	 0.6998454 
10.39 	 0.6545232 
10.4 	 0.6341184 
10.41 	 0.6339222 
10.42 	 0.650403 
10.43 	 0.6812064 
10.44 	 0.7228989 
10.45 	 0.768123 
10.46 	 0.8051067 
10.47 	 0.8180559 
10.48 	 0.7913727 
10.49 	 0.7137756 
10.5 	 0.5831064 
10.51 	 0.4067226 
10.52 	 0.1996335 
10.53 	 -0.0197181 
10.54 	 -0.2326932 
10.55 	 -0.4223205 
10.56 	 -0.5753565 
10.57 	 -0.6854247 
10.58 	 -0.7539966 
10.59 	 -0.7893126 
10.6 	 -0.8035371 
10.61 	 -0.8094231 
10.62 	 -0.8170749 
10.63 	 -0.8321823 
10.64 	 -0.8548434 
10.65 	 -0.8805456 
10.66 	 -0.9017352 
10.67 	 -0.9091908 
10.68 	 -0.89271 
10.69 	 -0.8406189 
10.7 	 -0.742617 
10.71 	 -0.593505 
10.72 	 -0.3964221 
10.73 	 -0.1637289 
10.74 	 0.085347 
10.75 	 0.3274578 
10.76 	 0.5392557 
10.77 	 0.7009245 
10.78 	 0.7978473 
10.79 	 0.822078 
10.8 	 0.7732242 
10.81 	 0.6573681 
10.82 	 0.4876551 
10.83 	 0.2828223 
10.84 	 0.0658251 
10.85 	 -0.1384191 
10.86 	 -0.3064644 
10.87 	 -0.4190832 
10.88 	 -0.4643073 
10.89 	 -0.4389975 
10.9 	 -0.3505113 
10.91 	 -0.2159181 
10.92 	 -0.05886 
10.93 	 0.0956475 
10.94 	 0.2271015 
10.95 	 0.3235338 
10.96 	 0.3832767 
10.97 	 0.4119219 
10.98 	 0.4189851 
10.99 	 0.4143744 
11.0 	 0.4055454 
11.01 	 0.3964221 
11.02 	 0.3879855 
11.03 	 0.3795489 
11.04 	 0.3701313 
11.05 	 0.360027 
11.06 	 0.3517866 
11.07 	 0.3497265 
11.08 	 0.3605175 
11.09 	 0.3911247 
11.1 	 0.4461588 
11.11 	 0.5245407 
11.12 	 0.6182262 
11.13 	 0.7127946 
11.14 	 0.7896069 
11.15 	 0.8277678 
11.16 	 0.8088345 
11.17 	 0.7219179 
11.18 	 0.5682933 
11.19 	 0.3614985 
11.2 	 0.123606 
11.21 	 -0.1210554 
11.22 	 -0.3512961 
11.23 	 -0.5521068 
11.24 	 -0.7159338 
11.25 	 -0.8422866 
11.26 	 -0.9356778 
11.27 	 -1.0022877 
11.28 	 -1.0465308 
11.29 	 -1.0687995 
11.3 	 -1.0635021 
11.31 	 -1.0199457 
11.32 	 -0.9266526 
11.33 	 -0.777933 
11.34 	 -0.5783976 
11.35 	 -0.3427614 
11.36 	 -0.0943722 
11.37 	 0.1372419 
11.38 	 0.3182364 
11.39 	 0.413982 
11.4 	 0.3978936 
11.41 	 0.2616327 
11.42 	 0.020601 
11.43 	 -0.2895912 
11.44 	 -0.6235236 
11.45 	 -0.9385227 
11.46 	 -1.2040794 
11.47 	 -1.4048901 
11.48 	 -1.5393852 
11.49 	 -1.6162956 
11.5 	 -1.6486686 
11.51 	 -1.6487667 
11.52 	 -1.6233588 
11.53 	 -1.5718563 
11.54 	 -1.4878827 
11.55 	 -1.3628052 
11.56 	 -1.1907378 
11.57 	 -0.9716805 
11.58 	 -0.7133832 
11.59 	 -0.429678 
11.6 	 -0.1384191 
11.61 	 0.1406754 
11.62 	 0.3877893 
11.63 	 0.5845779 
11.64 	 0.7163262 
11.65 	 0.7750881 
11.66 	 0.7624332 
11.67 	 0.6908202 
11.68 	 0.5814387 
11.69 	 0.4585194 
11.7 	 0.3426633 
11.71 	 0.2439747 
11.72 	 0.161865 
11.73 	 0.0881919 
11.74 	 0.0141264 
11.75 	 -0.0643536 
11.76 	 -0.1449918 
11.77 	 -0.2208231 
11.78 	 -0.2827242 
11.79 	 -0.3214737 
11.8 	 -0.3290274 
11.81 	 -0.2999898 
11.82 	 -0.2323008 
11.83 	 -0.1262547 
11.84 	 0.0149112 
11.85 	 0.1847223 
11.86 	 0.3715047 
11.87 	 0.5573061 
11.88 	 0.7188768 
11.89 	 0.8321823 
11.9 	 0.8768178 
11.91 	 0.8410113 
11.92 	 0.7251552 
11.93 	 0.5432778 
11.94 	 0.3214737 
11.95 	 0.0920178 
11.96 	 -0.1135998 
11.97 	 -0.2723256 
11.98 	 -0.3731724 
11.99 	 -0.4167288 
12.0 	 -0.4115295 
12.01 	 -0.3704256 
12.02 	 -0.3062682 
12.03 	 -0.2306331 
12.04 	 -0.1526436 
12.05 	 -0.0799515 
12.06 	 -0.0184428 
12.07 	 0.0276642 
12.08 	 0.0562113 
12.09 	 0.0671985 
12.1 	 0.0631764 
12.11 	 0.0483633 
12.12 	 0.0283509 
12.13 	 0.0087309 
12.14 	 -0.0047088 
12.15 	 -0.0064746 
12.16 	 0.0084366 
12.17 	 0.0443412 
12.18 	 0.1038879 
12.19 	 0.1875672 
12.2 	 0.2935152 
12.21 	 0.4193775 
12.22 	 0.5622111 
12.23 	 0.7176996 
12.24 	 0.8792703 
12.25 	 1.0368189 
12.26 	 1.178181 
12.27 	 1.2914865 
12.28 	 1.3690836 
12.29 	 1.4085198 
12.3 	 1.4130324 
12.31 	 1.3899789 
12.32 	 1.3475997 
12.33 	 1.2923694 
12.34 	 1.2266424 
12.35 	 1.1484567 
12.36 	 1.0537902 
12.37 	 0.940779 
12.38 	 0.8124642 
12.39 	 0.6777729 
12.4 	 0.5484771 
12.41 	 0.4340925 
12.42 	 0.3376602 
12.43 	 0.2545695 
12.44 	 0.1757952 
12.45 	 0.0930969 
12.46 	 0.0020601 
12.47 	 -0.0969228 
12.48 	 -0.2009088 
12.49 	 -0.3064644 
12.5 	 -0.4106466 
12.51 	 -0.5106105 
12.52 	 -0.6040998 
12.53 	 -0.6899373 
12.54 	 -0.7693983 
12.55 	 -0.8454258 
12.56 	 -0.9215514 
12.57 	 -0.999639 
12.58 	 -1.0795905 
12.59 	 -1.1591496 
12.6 	 -1.2347847 
12.61 	 -1.3034547 
12.62 	 -1.3624128 
12.63 	 -1.4104818 
12.64 	 -1.4465826 
12.65 	 -1.4698323 
12.66 	 -1.4780727 
12.67 	 -1.4684589 
12.68 	 -1.4377536 
12.69 	 -1.38321 
12.7 	 -1.3039452 
12.71 	 -1.2020193 
12.72 	 -1.0828278 
12.73 	 -0.9538263 
12.74 	 -0.8236476 
12.75 	 -0.7006302 
12.76 	 -0.5907582 
12.77 	 -0.4960917 
12.78 	 -0.4130991 
12.79 	 -0.3343248 
12.8 	 -0.251136 
12.81 	 -0.15696 
12.82 	 -0.0508158 
12.83 	 0.062784 
12.84 	 0.1758933 
12.85 	 0.2796831 
12.86 	 0.368856 
12.87 	 0.4435101 
12.88 	 0.5096295 
12.89 	 0.5774166 
12.9 	 0.6579567 
12.91 	 0.7591959 
12.92 	 0.883881 
12.93 	 1.0286766 
12.94 	 1.185048 
12.95 	 1.3402422 
12.96 	 1.4792499 
12.97 	 1.5866694 
12.98 	 1.6471971 
12.99 	 1.6469028 
13.0 	 1.5738183 
13.01 	 1.4205861 
13.02 	 1.1892663 
13.03 	 0.8940834 
13.04 	 0.5607396 
13.05 	 0.2205288 
13.06 	 -0.0963342 
13.07 	 -0.365913 
13.08 	 -0.5744736 
13.09 	 -0.7191711 
13.1 	 -0.8047143 
13.11 	 -0.8383626 
13.12 	 -0.8247267 
13.13 	 -0.7637085 
13.14 	 -0.6527574 
13.15 	 -0.4920696 
13.16 	 -0.2891007 
13.17 	 -0.0605277 
13.18 	 0.168732 
13.19 	 0.3697389 
13.2 	 0.515025 
13.21 	 0.5839893 
13.22 	 0.5667237 
13.23 	 0.4658769 
13.24 	 0.2959677 
13.25 	 0.0807363 
13.26 	 -0.1518588 
13.27 	 -0.3750363 
13.28 	 -0.5676066 
13.29 	 -0.7166205 
13.3 	 -0.8179578 
13.31 	 -0.8751501 
13.32 	 -0.8952606 
13.33 	 -0.8830962 
13.34 	 -0.8386569 
13.35 	 -0.7590978 
13.36 	 -0.6420645 
13.37 	 -0.489519 
13.38 	 -0.3091131 
13.39 	 -0.1139922 
13.4 	 0.079461 
13.41 	 0.2534904 
13.42 	 0.3918114 
13.43 	 0.4817691 
13.44 	 0.5164965 
13.45 	 0.4968765 
13.46 	 0.4322286 
13.47 	 0.3389355 
13.48 	 0.2362248 
13.49 	 0.1413621 
13.5 	 0.0653346 
13.51 	 0.0120663 
13.52 	 -0.020601 
13.53 	 -0.0387495 
13.54 	 -0.0498348 
13.55 	 -0.0604296 
13.56 	 -0.0744579 
13.57 	 -0.0934893 
13.58 	 -0.1165428 
13.59 	 -0.1408716 
13.6 	 -0.1625517 
13.61 	 -0.1768743 
13.62 	 -0.1797192 
13.63 	 -0.1688301 
13.64 	 -0.1450899 
13.65 	 -0.1122264 
13.66 	 -0.0758313 
13.67 	 -0.0413982 
13.68 	 -0.0128511 
13.69 	 0.0079461 
13.7 	 0.0208953 
13.71 	 0.0263889 
13.72 	 0.0243288 
13.73 	 0.0142245 
13.74 	 -0.0050031 
13.75 	 -0.0337464 
13.76 	 -0.0705339 
13.77 	 -0.1116378 
13.78 	 -0.151074 
13.79 	 -0.1820736 
13.8 	 -0.1973772 
13.81 	 -0.1901178 
13.82 	 -0.1548999 
13.83 	 -0.0888786 
13.84 	 0.0082404 
13.85 	 0.1331217 
13.86 	 0.2799774 
13.87 	 0.4399785 
13.88 	 0.6019416 
13.89 	 0.7525251 
13.9 	 0.8766216 
13.91 	 0.9592218 
13.92 	 0.986886 
13.93 	 0.9503928 
13.94 	 0.8469954 
13.95 	 0.6833646 
13.96 	 0.4751964 
13.97 	 0.2441709 
13.98 	 0.0136359 
13.99 	 -0.195219 
14.0 	 -0.3662073 
14.01 	 -0.4909905 
14.02 	 -0.5687838 
14.03 	 -0.606258 
14.04 	 -0.614106 
14.05 	 -0.6034131 
14.06 	 -0.5834007 
14.07 	 -0.560151 
14.08 	 -0.537588 
14.09 	 -0.5183604 
14.1 	 -0.5048226 
14.11 	 -0.4986423 
14.12 	 -0.5009967 
14.13 	 -0.511101 
14.14 	 -0.5260122 
14.15 	 -0.5406291 
14.16 	 -0.5486733 
14.17 	 -0.5435721 
14.18 	 -0.5198319 
14.19 	 -0.4742154 
14.2 	 -0.4060359 
14.21 	 -0.3176478 
14.22 	 -0.2137599 
14.23 	 -0.1004544 
14.24 	 0.0150093 
14.25 	 0.1251756 
14.26 	 0.2239623 
14.27 	 0.3077397 
14.28 	 0.3769002 
14.29 	 0.4352697 
14.3 	 0.488538 
14.31 	 0.5417082 
14.32 	 0.5980176 
14.33 	 0.6574662 
14.34 	 0.7182882 
14.35 	 0.7780311 
14.36 	 0.8345367 
14.37 	 0.8860392 
14.38 	 0.9304785 
14.39 	 0.9660888 
14.4 	 0.9899271 
14.41 	 0.9973827 
14.42 	 0.9821772 
14.43 	 0.9374436 
14.44 	 0.8600427 
14.45 	 0.7544871 
14.46 	 0.6334317 
14.47 	 0.5142402 
14.48 	 0.4134915 
14.49 	 0.3419766 
14.5 	 0.30411 
14.51 	 0.2979297 
14.52 	 0.317844 
14.53 	 0.3559068 
14.54 	 0.4025043 
14.55 	 0.4468455 
14.56 	 0.4773546 
14.57 	 0.4820634 
14.58 	 0.4513581 
14.59 	 0.3804318 
14.6 	 0.2715408 
14.61 	 0.1333179 
14.62 	 -0.0207972 
14.63 	 -0.1756971 
14.64 	 -0.3180402 
14.65 	 -0.4376241 
14.66 	 -0.5284647 
14.67 	 -0.5886981 
14.68 	 -0.6193053 
14.69 	 -0.6230331 
14.7 	 -0.6034131 
14.71 	 -0.5651541 
14.72 	 -0.5151231 
14.73 	 -0.462051 
14.74 	 -0.4158459 
14.75 	 -0.3858273 
14.76 	 -0.3789603 
14.77 	 -0.3990708 
14.78 	 -0.4452759 
14.79 	 -0.5117877 
14.8 	 -0.5889924 
14.81 	 -0.665118 
14.82 	 -0.7291773 
14.83 	 -0.7729299 
14.84 	 -0.7908822 
14.85 	 -0.7783254 
14.86 	 -0.7301583 
14.87 	 -0.6410835 
14.88 	 -0.5080599 
14.89 	 -0.3318723 
14.9 	 -0.118701 
14.91 	 0.1214478 
14.92 	 0.3764097 
14.93 	 0.6343146 
14.94 	 0.8833905 
14.95 	 1.1119635 
14.96 	 1.307673 
14.97 	 1.4588451 
14.98 	 1.555866 
14.99 	 1.5932421 
15.0 	 1.5707772 
15.01 	 1.4936706 
15.02 	 1.3716342 
15.03 	 1.2182058 
15.04 	 1.0482966 
15.05 	 0.8755425 
15.06 	 0.7098516 
15.07 	 0.5568156 
15.08 	 0.4181022 
15.09 	 0.292338 
15.1 	 0.1763838 
15.11 	 0.0664137 
15.12 	 -0.0406134 
15.13 	 -0.1454823 
15.14 	 -0.2454462 
15.15 	 -0.3354039 
15.16 	 -0.4087827 
15.17 	 -0.4599909 
15.18 	 -0.485595 
15.19 	 -0.4847121 
15.2 	 -0.459108 
15.21 	 -0.4133934 
15.22 	 -0.3543372 
15.23 	 -0.2906703 
15.24 	 -0.2312217 
15.25 	 -0.183447 
15.26 	 -0.1526436 
15.27 	 -0.1418526 
15.28 	 -0.1527417 
15.29 	 -0.1857033 
15.3 	 -0.2388735 
15.31 	 -0.3064644 
15.32 	 -0.3794508 
15.33 	 -0.4481208 
15.34 	 -0.5044302 
15.35 	 -0.5437683 
15.36 	 -0.5656446 
15.37 	 -0.572904 
15.38 	 -0.5704515 
15.39 	 -0.5637807 
15.4 	 -0.5568156 
15.41 	 -0.5516163 
15.42 	 -0.5475942 
15.43 	 -0.5422968 
15.44 	 -0.5318982 
15.45 	 -0.5131611 
15.46 	 -0.4840254 
15.47 	 -0.4449816 
15.48 	 -0.3993651 
15.49 	 -0.3525714 
15.5 	 -0.3108789 
15.51 	 -0.2803698 
15.52 	 -0.2653605 
15.53 	 -0.2671263 
15.54 	 -0.2841957 
15.55 	 -0.3123504 
15.56 	 -0.3457044 
15.57 	 -0.3777831 
15.58 	 -0.4029948 
15.59 	 -0.4163364 
15.6 	 -0.4145706 
15.61 	 -0.3955392 
15.62 	 -0.3592422 
15.63 	 -0.3075435 
15.64 	 -0.2447595 
15.65 	 -0.1768743 
15.66 	 -0.1109511 
15.67 	 -0.0535626 
15.68 	 -0.0100062 
15.69 	 0.0162846 
15.7 	 0.0240345 
15.71 	 0.0138321 
15.72 	 -0.0116739 
15.73 	 -0.0482652 
15.74 	 -0.0913311 
15.75 	 -0.1366533 
15.76 	 -0.1811907 
15.77 	 -0.2235699 
15.78 	 -0.2635947 
15.79 	 -0.3014613 
15.8 	 -0.3362868 
15.81 	 -0.3654225 
15.82 	 -0.3842577 
15.83 	 -0.3872988 
15.84 	 -0.3687579 
15.85 	 -0.3245148 
15.86 	 -0.2529999 
15.87 	 -0.1560771 
15.88 	 -0.03924 
15.89 	 0.0886824 
15.9 	 0.2163105 
15.91 	 0.3318723 
15.92 	 0.4245768 
15.93 	 0.4870665 
15.94 	 0.5162022 
15.95 	 0.5131611 
15.96 	 0.481671 
15.97 	 0.4276179 
15.98 	 0.3569859 
15.99 	 0.2751705 
16.0 	 0.1864881 
16.01 	 0.0943722 
16.02 	 0.0027468 
16.03 	 -0.0840717 
16.04 	 -0.1614726 
16.05 	 -0.2252376 
16.06 	 -0.2730123 
16.07 	 -0.3047967 
16.08 	 -0.3232395 
16.09 	 -0.3324609 
16.1 	 -0.3369735 
16.11 	 -0.3402108 
16.12 	 -0.3440367 
16.13 	 -0.3477645 
16.14 	 -0.3486474 
16.15 	 -0.341388 
16.16 	 -0.3194136 
16.17 	 -0.2774268 
16.18 	 -0.2135637 
16.19 	 -0.1316502 
16.2 	 -0.0404172 
16.21 	 0.0498348 
16.22 	 0.130473 
16.23 	 0.1965924 
16.24 	 0.2478987 
16.25 	 0.2872368 
16.26 	 0.3187269 
16.27 	 0.3459006 
16.28 	 0.3709161 
16.29 	 0.3937734 
16.3 	 0.4127067 
16.31 	 0.4244787 
16.32 	 0.4256559 
16.33 	 0.4132953 
16.34 	 0.3858273 
16.35 	 0.3436443 
16.36 	 0.2892969 
16.37 	 0.2277882 
16.38 	 0.1655928 
16.39 	 0.1097739 
16.4 	 0.0669042 
16.41 	 0.0410058 
16.42 	 0.0335502 
16.43 	 0.0423792 
16.44 	 0.0632745 
16.45 	 0.0907425 
16.46 	 0.1197801 
16.47 	 0.1460709 
16.48 	 0.1668681 
16.49 	 0.1806021 
16.5 	 0.1868805 
16.51 	 0.1859976 
16.52 	 0.1790325 
16.53 	 0.1681434 
16.54 	 0.1564695 
16.55 	 0.1479348 
16.56 	 0.1465614 
16.57 	 0.1553904 
16.58 	 0.1758933 
16.59 	 0.2068929 
16.6 	 0.24525 
16.61 	 0.2855691 
16.62 	 0.3216699 
16.63 	 0.3470778 
16.64 	 0.3565935 
16.65 	 0.3474702 
16.66 	 0.3193155 
16.67 	 0.2745819 
16.68 	 0.2180763 
16.69 	 0.1564695 
16.7 	 0.0969228 
16.71 	 0.045126 
16.72 	 0.0040221 
16.73 	 -0.0260946 
16.74 	 -0.0467937 
16.75 	 -0.059841 
16.76 	 -0.065727 
16.77 	 -0.0644517 
16.78 	 -0.0551322 
16.79 	 -0.0378666 
16.8 	 -0.0132435 
16.81 	 0.0165789 
16.82 	 0.0488538 
16.83 	 0.0805401 
16.84 	 0.109872 
16.85 	 0.1368495 
16.86 	 0.1633365 
16.87 	 0.1917855 
16.88 	 0.2243547 
16.89 	 0.2605536 
16.9 	 0.2969487 
16.91 	 0.3278502 
16.92 	 0.3470778 
16.93 	 0.3496284 
16.94 	 0.3332457 
16.95 	 0.2984202 
16.96 	 0.2479968 
16.97 	 0.1858995 
16.98 	 0.1169352 
16.99 	 0.0462051 
17.0 	 -0.0209934 
17.01 	 -0.0800496 
17.02 	 -0.126549 
17.03 	 -0.1578429 
17.04 	 -0.1725579 
17.05 	 -0.1709883 
17.06 	 -0.1541151 
17.07 	 -0.122625 
17.08 	 -0.0767142 
17.09 	 -0.0169713 
17.1 	 0.0541512 
17.11 	 0.1316502 
17.12 	 0.2086587 
17.13 	 0.2773287 
17.14 	 0.3310875 
17.15 	 0.3653244 
17.16 	 0.3779793 
17.17 	 0.3704256 
17.18 	 0.3463911 
17.19 	 0.3113694 
17.2 	 0.2709522 
17.21 	 0.2298483 
17.22 	 0.1913931 
17.23 	 0.15696 
17.24 	 0.1268433 
17.25 	 0.1004544 
17.26 	 0.0769104 
17.27 	 0.0550341 
17.28 	 0.0334521 
17.29 	 0.0111834 
17.3 	 -0.0120663 
17.31 	 -0.035316 
17.32 	 -0.0567999 
17.33 	 -0.0741636 
17.34 	 -0.0856413 
17.35 	 -0.0904482 
17.36 	 -0.0891729 
17.37 	 -0.0838755 
17.38 	 -0.0766161 
17.39 	 -0.0691605 
17.4 	 -0.0617049 
17.41 	 -0.0534645 
17.42 	 -0.0433602 
17.43 	 -0.0305091 
17.44 	 -0.0155979 
17.45 	 0.0001962 
17.46 	 0.014715 
17.47 	 0.025506 
17.48 	 0.0298224 
17.49 	 0.0254079 
17.5 	 0.0111834 
17.51 	 -0.012753 
17.52 	 -0.0454203 
17.53 	 -0.0852489 
17.54 	 -0.1306692 
17.55 	 -0.1796211 
17.56 	 -0.2299464 
17.57 	 -0.2793888 
17.58 	 -0.3259863 
17.59 	 -0.3679731 
17.6 	 -0.404172 
17.61 	 -0.4332096 
17.62 	 -0.4537125 
17.63 	 -0.4643073 
17.64 	 -0.4639149 
17.65 	 -0.4519467 
17.66 	 -0.4285989 
17.67 	 -0.3946563 
17.68 	 -0.3517866 
17.69 	 -0.3022461 
17.7 	 -0.2490759 
17.71 	 -0.1956114 
17.72 	 -0.1454823 
17.73 	 -0.1021221 
17.74 	 -0.0685719 
17.75 	 -0.0465975 
17.76 	 -0.0361989 
17.77 	 -0.0356103 
17.78 	 -0.0416925 
17.79 	 -0.0506196 
17.8 	 -0.0587619 
17.81 	 -0.0635688 
17.82 	 -0.0648441 
17.83 	 -0.0644517 
17.84 	 -0.0655308 
17.85 	 -0.0718092 
17.86 	 -0.0858375 
17.87 	 -0.108891 
17.88 	 -0.1406754 
17.89 	 -0.1792287 
17.9 	 -0.2220984 
17.91 	 -0.2663415 
17.92 	 -0.3093093 
17.93 	 -0.3491379 
17.94 	 -0.3846501 
17.95 	 -0.4157478 
17.96 	 -0.4426272 
17.97 	 -0.4653864 
17.98 	 -0.4838292 
17.99 	 -0.4965822 
18.0 	 -0.5016834 
18.01 	 -0.4970727 
18.02 	 -0.4812786 
18.03 	 -0.4544973 
18.04 	 -0.4182984 
18.05 	 -0.3754287 
18.06 	 -0.3288312 
18.07 	 -0.2808603 
18.08 	 -0.2326932 
18.09 	 -0.1845261 
18.1 	 -0.1361628 
18.11 	 -0.0874071 
18.12 	 -0.0390438 
18.13 	 0.0074556 
18.14 	 0.0503253 
18.15 	 0.0877014 
18.16 	 0.118701 
18.17 	 0.1426374 
18.18 	 0.1600011 
18.19 	 0.1717731 
18.2 	 0.1790325 
18.21 	 0.1835451 
18.22 	 0.1869786 
18.23 	 0.1914912 
18.24 	 0.1997316 
18.25 	 0.2149371 
18.26 	 0.2397564 
18.27 	 0.2761515 
18.28 	 0.3235338 
18.29 	 0.3788622 
18.3 	 0.4369374 
18.31 	 0.4916772 
18.32 	 0.5367051 
18.33 	 0.5665275 
18.34 	 0.5774166 
18.35 	 0.5677047 
18.36 	 0.5380785 
18.37 	 0.4918734 
18.38 	 0.4343868 
18.39 	 0.3722895 
18.4 	 0.3123504 
18.41 	 0.2597688 
18.42 	 0.2179782 
18.43 	 0.187371 
18.44 	 0.1661814 
18.45 	 0.1511721 
18.46 	 0.1387134 
18.47 	 0.1250775 
18.48 	 0.1075176 
18.49 	 0.0837774 
18.5 	 0.052974 
18.51 	 0.0153036 
18.52 	 -0.0279585 
18.53 	 -0.0750465 
18.54 	 -0.1241946 
18.55 	 -0.1741275 
18.56 	 -0.2237661 
18.57 	 -0.2715408 
18.58 	 -0.3149991 
18.59 	 -0.3507075 
18.6 	 -0.3746439 
18.61 	 -0.3826881 
18.62 	 -0.3719952 
18.63 	 -0.3416823 
18.64 	 -0.2937114 
18.65 	 -0.2326932 
18.66 	 -0.1647099 
18.67 	 -0.0964323 
18.68 	 -0.0345312 
18.69 	 0.0146169 
18.7 	 0.046107 
18.71 	 0.056898 
18.72 	 0.0468918 
18.73 	 0.0190314 
18.74 	 -0.0209934 
18.75 	 -0.0660213 
18.76 	 -0.1087929 
18.77 	 -0.1425393 
18.78 	 -0.1620612 
18.79 	 -0.1640232 
18.8 	 -0.14715 
18.81 	 -0.1123245 
18.82 	 -0.0626859 
18.83 	 -0.0035316 
18.84 	 0.0582714 
18.85 	 0.1155618 
18.86 	 0.1620612 
18.87 	 0.1939437 
18.88 	 0.2098359 
18.89 	 0.2110131 
18.9 	 0.2004183 
18.91 	 0.1821717 
18.92 	 0.1607859 
18.93 	 0.1403811 
18.94 	 0.1239984 
18.95 	 0.1136979 
18.96 	 0.1104606 
18.97 	 0.1143846 
18.98 	 0.124587 
18.99 	 0.139302 
19.0 	 0.1557828 
19.01 	 0.1711845 
19.02 	 0.1822698 
19.03 	 0.18639 
19.04 	 0.1810926 
19.05 	 0.1647099 
19.06 	 0.1364571 
19.07 	 0.0963342 
19.08 	 0.0456165 
19.09 	 -0.012753 
19.1 	 -0.0741636 
19.11 	 -0.1329255 
19.12 	 -0.183447 
19.13 	 -0.2211174 
19.14 	 -0.2437785 
19.15 	 -0.2522151 
19.16 	 -0.2490759 
19.17 	 -0.2376963 
19.18 	 -0.2213136 
19.19 	 -0.2018898 
19.2 	 -0.1807983 
19.21 	 -0.1582353 
19.22 	 -0.1341027 
19.23 	 -0.1084986 
19.24 	 -0.0816192 
19.25 	 -0.0544455 
19.26 	 -0.028449 
19.27 	 -0.0053955 
19.28 	 0.0124587 
19.29 	 0.0234459 
19.3 	 0.0261927 
19.31 	 0.0204048 
19.32 	 0.0067689 
19.33 	 -0.012753 
19.34 	 -0.0356103 
19.35 	 -0.0582714 
19.36 	 -0.0766161 
19.37 	 -0.0867204 
19.38 	 -0.0854451 
19.39 	 -0.0714168 
19.4 	 -0.0453222 
19.41 	 -0.0096138 
19.42 	 0.0321768 
19.43 	 0.0766161 
19.44 	 0.1203687 
19.45 	 0.1606878 
19.46 	 0.1947285 
19.47 	 0.219744 
19.48 	 0.2326932 
19.49 	 0.2310255 
19.5 	 0.2133675 
19.51 	 0.1794249 
19.52 	 0.1306692 
19.53 	 0.0695529 
19.54 	 -0.0005886 
19.55 	 -0.0764199 
19.56 	 -0.1539189 
19.57 	 -0.2289654 
19.58 	 -0.2969487 
19.59 	 -0.3535524 
19.6 	 -0.3947544 
19.61 	 -0.4174155 
19.62 	 -0.4197699 
19.63 	 -0.40221 
19.64 	 -0.3670902 
19.65 	 -0.3189231 
19.66 	 -0.2634966 
19.67 	 -0.2078739 
19.68 	 -0.1588239 
19.69 	 -0.1227231 
19.7 	 -0.1037898 
19.71 	 -0.1034955 
19.72 	 -0.119682 
19.73 	 -0.1467576 
19.74 	 -0.1779534 
19.75 	 -0.2059119 
19.76 	 -0.2254338 
19.77 	 -0.2338704 
19.78 	 -0.2314179 
19.79 	 -0.2208231 
19.8 	 -0.2063043 
19.81 	 -0.1917855 
19.82 	 -0.1800135 
19.83 	 -0.1710864 
19.84 	 -0.1626498 
19.85 	 -0.1503873 
19.86 	 -0.1290996 
19.87 	 -0.0943722 
19.88 	 -0.0438507 
19.89 	 0.0221706 
19.9 	 0.0998658 
19.91 	 0.183447 
19.92 	 0.2654586 
19.93 	 0.3391317 
19.94 	 0.3987765 
19.95 	 0.440469 
19.96 	 0.4619529 
19.97 	 0.4623453 
19.98 	 0.442431 
19.99 	 0.405153 
20.0 	 0.3547296 
20.01 	 0.2970468 
20.02 	 0.2381868 
20.03 	 0.1840356 
20.04 	 0.1394001 
20.05 	 0.1084005 
20.06 	 0.0934893 
20.07 	 0.0953532 
20.08 	 0.111834 
20.09 	 0.1386153 
20.1 	 0.1694187 
20.11 	 0.1978677 
20.12 	 0.2188611 
20.13 	 0.2286711 
20.14 	 0.2258262 
20.15 	 0.2108169 
20.16 	 0.1855071 
20.17 	 0.1529379 
20.18 	 0.1158561 
20.19 	 0.0767142 
20.2 	 0.0375723 
20.21 	 -0.0002943 
20.22 	 -0.0358065 
20.23 	 -0.0678852 
20.24 	 -0.095157 
20.25 	 -0.1162485 
20.26 	 -0.1300806 
20.27 	 -0.1356723 
20.28 	 -0.1326312 
20.29 	 -0.1210554 
20.3 	 -0.1015335 
20.31 	 -0.0757332 
20.32 	 -0.0463032 
20.33 	 -0.0169713 
20.34 	 0.0075537 
20.35 	 0.0217782 
20.36 	 0.0207972 
20.37 	 0.0012753 
20.38 	 -0.0384552 
20.39 	 -0.0970209 
20.4 	 -0.1708902 
20.41 	 -0.2537847 
20.42 	 -0.3382488 
20.43 	 -0.416925 
20.44 	 -0.4843197 
20.45 	 -0.5370975 
20.46 	 -0.5741793 
20.47 	 -0.5957613 
20.48 	 -0.6025302 
20.49 	 -0.594486 
20.5 	 -0.5703534 
20.51 	 -0.5285628 
20.52 	 -0.4685256 
20.53 	 -0.3926943 
20.54 	 -0.3071511 
20.55 	 -0.2205288 
20.56 	 -0.1414602 
20.57 	 -0.0769104 
20.58 	 -0.0301167 
20.59 	 -0.0005886 
20.6 	 0.0144207 
20.61 	 0.0191295 
20.62 	 0.0180504 
20.63 	 0.0151074 
20.64 	 0.0140283 
20.65 	 0.0185409 
20.66 	 0.0316863 
20.67 	 0.0550341 
20.68 	 0.0886824 
20.69 	 0.1302768 
20.7 	 0.1762857 
20.71 	 0.2222946 
20.72 	 0.2637909 
20.73 	 0.2969487 
20.74 	 0.3190212 
20.75 	 0.328635 
20.76 	 0.3259863 
20.77 	 0.3123504 
20.78 	 0.2900817 
20.79 	 0.2621232 
20.8 	 0.2322027 
20.81 	 0.2047347 
20.82 	 0.1841337 
20.83 	 0.1747161 
20.84 	 0.1799154 
20.85 	 0.2012031 
20.86 	 0.2375982 
20.87 	 0.2856672 
20.88 	 0.3400146 
20.89 	 0.3951468 
20.9 	 0.4465512 
20.91 	 0.491481 
20.92 	 0.5291514 
20.93 	 0.5602491 
20.94 	 0.5864418 
20.95 	 0.6094953 
20.96 	 0.6299982 
20.97 	 0.6475581 
20.98 	 0.660213 
20.99 	 0.6654123 
21.0 	 0.6603111 
21.01 	 0.6429474 
21.02 	 0.612144 
21.03 	 0.5675085 
21.04 	 0.5099238 
21.05 	 0.4408614 
21.06 	 0.3628719 
21.07 	 0.2793888 
21.08 	 0.1940418 
21.09 	 0.1102644 
21.1 	 0.0309015 
21.11 	 -0.0419868 
21.12 	 -0.106929 
21.13 	 -0.1630422 
21.14 	 -0.2102283 
21.15 	 -0.2489778 
21.16 	 -0.2802717 
21.17 	 -0.305091 
21.18 	 -0.3244167 
21.19 	 -0.3385431 
21.2 	 -0.3478626 
21.21 	 -0.3520809 
21.22 	 -0.3512961 
21.23 	 -0.3457044 
21.24 	 -0.3351096 
21.25 	 -0.3200022 
21.26 	 -0.3006765 
21.27 	 -0.2772306 
21.28 	 -0.2497626 
21.29 	 -0.217782 
21.3 	 -0.180504 
21.31 	 -0.1369476 
21.32 	 -0.0869166 
21.33 	 -0.0310977 
21.34 	 0.0278604 
21.35 	 0.0861318 
21.36 	 0.139302 
21.37 	 0.1829565 
21.38 	 0.2133675 
21.39 	 0.2282787 
21.4 	 0.2269053 
21.41 	 0.2104245 
21.42 	 0.1812888 
21.43 	 0.1433241 
21.44 	 0.1007487 
21.45 	 0.0571923 
21.46 	 0.0157941 
21.47 	 -0.0217782 
21.48 	 -0.0550341 
21.49 	 -0.084366 
21.5 	 -0.1109511 
21.51 	 -0.1360647 
21.52 	 -0.1602954 
21.53 	 -0.1830546 
21.54 	 -0.2027727 
21.55 	 -0.2168991 
21.56 	 -0.2222946 
21.57 	 -0.2164086 
21.58 	 -0.1978677 
21.59 	 -0.1672605 
21.6 	 -0.1270395 
21.61 	 -0.0812268 
21.62 	 -0.0341388 
21.63 	 0.0103005 
21.64 	 0.0489519 
21.65 	 0.0793629 
21.66 	 0.1002582 
21.67 	 0.1113435 
21.68 	 0.1129131 
21.69 	 0.1060461 
21.7 	 0.092214 
21.71 	 0.0729864 
21.72 	 0.0503253 
21.73 	 0.0263889 
21.74 	 0.003924 
21.75 	 -0.0152055 
21.76 	 -0.0297243 
21.77 	 -0.0401229 
21.78 	 -0.0478728 
21.79 	 -0.0550341 
21.8 	 -0.0636669 
21.81 	 -0.0747522 
21.82 	 -0.0881919 
21.83 	 -0.103005 
21.84 	 -0.1176219 
21.85 	 -0.1298844 
21.86 	 -0.1379286 
21.87 	 -0.1406754 
21.88 	 -0.138321 
21.89 	 -0.1321407 
21.9 	 -0.1243908 
21.91 	 -0.1176219 
21.92 	 -0.1141884 
21.93 	 -0.1161504 
21.94 	 -0.1248813 
21.95 	 -0.1404792 
21.96 	 -0.1619631 
21.97 	 -0.1875672 
21.98 	 -0.2150352 
21.99 	 -0.242307 
22.0 	 -0.2680092 
22.01 	 -0.2911608 
22.02 	 -0.3117618 
22.03 	 -0.3298122 
22.04 	 -0.3457044 
22.05 	 -0.3597327 
22.06 	 -0.3721914 
22.07 	 -0.3830805 
22.08 	 -0.3924981 
22.09 	 -0.4005423 
22.1 	 -0.4069188 
22.11 	 -0.4105485 
22.12 	 -0.4091751 
22.13 	 -0.4003461 
22.14 	 -0.3815109 
22.15 	 -0.3513942 
22.16 	 -0.3103884 
22.17 	 -0.2608479 
22.18 	 -0.20601 
22.19 	 -0.1498968 
22.2 	 -0.096138 
22.21 	 -0.0468918 
22.22 	 -0.0036297 
22.23 	 0.0332559 
22.24 	 0.0632745 
22.25 	 0.0861318 
22.26 	 0.1016316 
22.27 	 0.1092834 
22.28 	 0.1093815 
22.29 	 0.1028088 
22.3 	 0.0916254 
22.31 	 0.07848 
22.32 	 0.0664137 
22.33 	 0.057879 
22.34 	 0.0544455 
22.35 	 0.0567999 
22.36 	 0.0653346 
22.37 	 0.0800496 
22.38 	 0.1008468 
22.39 	 0.1270395 
22.4 	 0.1576467 
22.41 	 0.1913931 
22.42 	 0.2261205 
22.43 	 0.2593764 
22.44 	 0.2881197 
22.45 	 0.309015 
22.46 	 0.3192174 
22.47 	 0.3160782 
22.48 	 0.2987145 
22.49 	 0.2680092 
22.5 	 0.2270034 
22.51 	 0.1803078 
22.52 	 0.133416 
22.53 	 0.0913311 
22.54 	 0.0574866 
22.55 	 0.033354 
22.56 	 0.0181485 
22.57 	 0.0099081 
22.58 	 0.0059841 
22.59 	 0.0035316 
22.6 	 0.0001962 
22.61 	 -0.0057879 
22.62 	 -0.0153036 
22.63 	 -0.0287433 
22.64 	 -0.0454203 
22.65 	 -0.0635688 
22.66 	 -0.0808344 
22.67 	 -0.0946665 
22.68 	 -0.1023183 
22.69 	 -0.1017297 
22.7 	 -0.0910368 
22.71 	 -0.0690624 
22.72 	 -0.0354141 
22.73 	 0.0100062 
22.74 	 0.0659232 
22.75 	 0.1300806 
22.76 	 0.1983582 
22.77 	 0.2656548 
22.78 	 0.326673 
22.79 	 0.376704 
22.8 	 0.4121181 
22.81 	 0.4307571 
22.82 	 0.4317381 
22.83 	 0.4156497 
22.84 	 0.3846501 
22.85 	 0.3425652 
22.86 	 0.2954772 
22.87 	 0.2506455 
22.88 	 0.2155257 
22.89 	 0.1965924 
22.9 	 0.1973772 
22.91 	 0.2180763 
22.92 	 0.2547657 
22.93 	 0.3003822 
22.94 	 0.346293 
22.95 	 0.3841596 
22.96 	 0.4079979 
22.97 	 0.414963 
22.98 	 0.4055454 
22.99 	 0.3830805 
23.0 	 0.3528657 
23.01 	 0.3199041 
23.02 	 0.2882178 
23.03 	 0.2595726 
23.04 	 0.2337723 
23.05 	 0.2094435 
23.06 	 0.1851147 
23.07 	 0.1590201 
23.08 	 0.1303749 
23.09 	 0.0989829 
23.1 	 0.0653346 
23.11 	 0.0305091 
23.12 	 -0.0044145 
23.13 	 -0.0377685 
23.14 	 -0.067689 
23.15 	 -0.0923121 
23.16 	 -0.1104606 
23.17 	 -0.1219383 
23.18 	 -0.1276281 
23.19 	 -0.1297863 
23.2 	 -0.1310616 
23.21 	 -0.1342008 
23.22 	 -0.1411659 
23.23 	 -0.1527417 
23.24 	 -0.1683396 
23.25 	 -0.1861938 
23.26 	 -0.204048 
23.27 	 -0.2191554 
23.28 	 -0.2288673 
23.29 	 -0.2308293 
23.3 	 -0.2234718 
23.31 	 -0.2062062 
23.32 	 -0.1804059 
23.33 	 -0.1483272 
23.34 	 -0.1135998 
23.35 	 -0.0799515 
23.36 	 -0.0511101 
23.37 	 -0.0297243 
23.38 	 -0.0175599 
23.39 	 -0.0149112 
23.4 	 -0.0209934 
23.41 	 -0.0337464 
23.42 	 -0.0509139 
23.43 	 -0.0699453 
23.44 	 -0.0887805 
23.45 	 -0.1060461 
23.46 	 -0.1210554 
23.47 	 -0.1342008 
23.48 	 -0.1467576 
23.49 	 -0.1604916 
23.5 	 -0.1772667 
23.51 	 -0.1977696 
23.52 	 -0.2214117 
23.53 	 -0.2466234 
23.54 	 -0.2709522 
23.55 	 -0.2919456 
23.56 	 -0.3077397 
23.57 	 -0.3169611 
23.58 	 -0.3193155 
23.59 	 -0.3150972 
23.6 	 -0.3051891 
23.61 	 -0.2911608 
23.62 	 -0.2744838 
23.63 	 -0.2562372 
23.64 	 -0.2372058 
23.65 	 -0.2172915 
23.66 	 -0.1961019 
23.67 	 -0.1727541 
23.68 	 -0.1459728 
23.69 	 -0.1146789 
23.7 	 -0.0782838 
23.71 	 -0.0366894 
23.72 	 0.0095157 
23.73 	 0.0596448 
23.74 	 0.1127169 
23.75 	 0.1676529 
23.76 	 0.222687 
23.77 	 0.2755629 
23.78 	 0.3235338 
23.79 	 0.363951 
23.8 	 0.3949506 
23.81 	 0.4150611 
23.82 	 0.4234977 
23.83 	 0.4202604 
23.84 	 0.4062321 
23.85 	 0.3830805 
23.86 	 0.3525714 
23.87 	 0.3167649 
23.88 	 0.2772306 
23.89 	 0.2350476 
23.9 	 0.1909026 
23.91 	 0.1456785 
23.92 	 0.1003563 
23.93 	 0.0566037 
23.94 	 0.0168732 
23.95 	 -0.0160884 
23.96 	 -0.0394362 
23.97 	 -0.0507177 
23.98 	 -0.0488538 
23.99 	 -0.0352179 
24.0 	 -0.0128511 
24.01 	 0.0138321 
24.02 	 0.0399267 
24.03 	 0.0609201 
24.04 	 0.0732807 
24.05 	 0.0752427 
24.06 	 0.0668061 
24.07 	 0.0494424 
24.08 	 0.025506 
24.09 	 -0.0026487 
24.1 	 -0.0330597 
24.11 	 -0.0642555 
24.12 	 -0.0952551 
24.13 	 -0.1249794 
24.14 	 -0.1534284 
24.15 	 -0.1804059 
24.16 	 -0.2064024 
24.17 	 -0.2320065 
24.18 	 -0.2579049 
24.19 	 -0.2841957 
24.2 	 -0.3102903 
24.21 	 -0.3348153 
24.22 	 -0.3559068 
24.23 	 -0.3716028 
24.24 	 -0.3798432 
24.25 	 -0.3791565 
24.26 	 -0.3683655 
24.27 	 -0.3474702 
24.28 	 -0.3172554 
24.29 	 -0.2791926 
24.3 	 -0.2353419 
24.31 	 -0.1881558 
24.32 	 -0.1409697 
24.33 	 -0.097119 
24.34 	 -0.0603315 
24.35 	 -0.033354 
24.36 	 -0.0179523 
24.37 	 -0.0138321 
24.38 	 -0.0189333 
24.39 	 -0.0298224 
24.4 	 -0.0422811 
24.41 	 -0.0523854 
24.42 	 -0.0563094 
24.43 	 -0.0516987 
24.44 	 -0.0373761 
24.45 	 -0.0142245 
24.46 	 0.0151074 
24.47 	 0.0467937 
24.48 	 0.076518 
24.49 	 0.1001601 
24.5 	 0.1142865 
24.51 	 0.1172295 
24.52 	 0.1091853 
24.53 	 0.092214 
24.54 	 0.0699453 
24.55 	 0.0474804 
24.56 	 0.030411 
24.57 	 0.0243288 
24.58 	 0.033354 
24.59 	 0.05886 
24.6 	 0.0989829 
24.61 	 0.1487196 
24.62 	 0.201105 
24.63 	 0.2499588 
24.64 	 0.290376 
24.65 	 0.3199041 
24.66 	 0.3380526 
24.67 	 0.3455082 
24.68 	 0.3436443 
24.69 	 0.3341286 
24.7 	 0.3184326 
24.71 	 0.2989107 
24.72 	 0.2778192 
24.73 	 0.258003 
24.74 	 0.2415222 
24.75 	 0.2296521 
24.76 	 0.221706 
24.77 	 0.2155257 
24.78 	 0.2074815 
24.79 	 0.1939437 
24.8 	 0.1718712 
24.81 	 0.1400868 
24.82 	 0.0993753 
24.83 	 0.0522873 
24.84 	 0.0030411 
24.85 	 -0.0439488 
24.86 	 -0.0845622 
24.87 	 -0.1159542 
24.88 	 -0.1369476 
24.89 	 -0.1477386 
24.9 	 -0.1498968 
24.91 	 -0.1457766 
24.92 	 -0.1389096 
24.93 	 -0.132435 
24.94 	 -0.1293939 
24.95 	 -0.131454 
24.96 	 -0.1390077 
24.97 	 -0.1511721 
24.98 	 -0.1660833 
24.99 	 -0.1816812 
25.0 	 -0.1955133 
25.01 	 -0.2051271 
25.02 	 -0.2086587 
25.03 	 -0.2046366 
25.04 	 -0.1928646 
25.05 	 -0.1740294 
25.06 	 -0.1498968 
25.07 	 -0.1230174 
25.08 	 -0.0964323 
25.09 	 -0.0729864 
25.1 	 -0.0551322 
25.11 	 -0.0442431 
25.12 	 -0.0405153 
25.13 	 -0.0424773 
25.14 	 -0.0474804 
25.15 	 -0.0530721 
25.16 	 -0.0574866 
25.17 	 -0.0600372 
25.18 	 -0.0609201 
25.19 	 -0.0611163 
25.2 	 -0.0614106 
25.21 	 -0.0625878 
25.22 	 -0.0655308 
25.23 	 -0.0707301 
25.24 	 -0.0779895 
25.25 	 -0.0862299 
25.26 	 -0.0940779 
25.27 	 -0.0996696 
25.28 	 -0.1019259 
25.29 	 -0.100062 
25.3 	 -0.0938817 
25.31 	 -0.083385 
25.32 	 -0.0690624 
25.33 	 -0.0512082 
25.34 	 -0.0309015 
25.35 	 -0.0091233 
25.36 	 0.0124587 
25.37 	 0.0325692 
25.38 	 0.0496386 
25.39 	 0.0625878 
25.4 	 0.0705339 
25.41 	 0.0729864 
25.42 	 0.069651 
25.43 	 0.0610182 
25.44 	 0.0476766 
25.45 	 0.0309996 
25.46 	 0.012753 
25.47 	 -0.0047088 
25.48 	 -0.0189333 
25.49 	 -0.0280566 
25.5 	 -0.0309015 
25.51 	 -0.0268794 
25.52 	 -0.0159903 
25.53 	 0.0010791 
25.54 	 0.0233478 
25.55 	 0.0484614 
25.56 	 0.0739674 
25.57 	 0.0977076 
25.58 	 0.1182105 
25.59 	 0.1346913 
25.6 	 0.1468557 
25.61 	 0.1548018 
25.62 	 0.1585296 
25.63 	 0.1583334 
25.64 	 0.1547037 
25.65 	 0.1482291 
25.66 	 0.1398906 
25.67 	 0.1302768 
25.68 	 0.1200744 
25.69 	 0.1091853 
25.7 	 0.0976095 
25.71 	 0.0855432 
25.72 	 0.0731826 
25.73 	 0.0609201 
25.74 	 0.04905 
25.75 	 0.0376704 
25.76 	 0.0268794 
25.77 	 0.0171675 
25.78 	 0.0090252 
25.79 	 0.002943 
25.8 	 -0.0008829 
25.81 	 -0.0027468 
25.82 	 -0.0031392 
25.83 	 -0.0031392 
25.84 	 -0.0040221 
25.85 	 -0.0073575 
25.86 	 -0.014715 
25.87 	 -0.0267813 
25.88 	 -0.0437526 
25.89 	 -0.0646479 
25.9 	 -0.0875052 
25.91 	 -0.1096758 
25.92 	 -0.1286091 
25.93 	 -0.1424412 
25.94 	 -0.150093 
25.95 	 -0.1516626 
25.96 	 -0.1483272 
25.97 	 -0.1411659 
25.98 	 -0.1317483 
25.99 	 -0.1211535 
26.0 	 -0.1101663 
26.01 	 -0.0993753 
26.02 	 -0.0890748 
26.03 	 -0.0803439 
26.04 	 -0.0736731 
26.05 	 -0.0693567 
26.06 	 -0.066708 
26.07 	 -0.0645498 
26.08 	 -0.0616068 
26.09 	 -0.0571923 
26.1 	 -0.0511101 
26.11 	 -0.0438507 
26.12 	 -0.0357084 
26.13 	 -0.0273699 
26.14 	 -0.0199143 
26.15 	 -0.0148131 
26.16 	 -0.0141264 
26.17 	 -0.0193257 
26.18 	 -0.0312939 
26.19 	 -0.0495405 
26.2 	 -0.0728883 
26.21 	 -0.0988848 
26.22 	 -0.1251756 
26.23 	 -0.1492101 
26.24 	 -0.1690263 
26.25 	 -0.1830546 
26.26 	 -0.1904121 
26.27 	 -0.1907064 
26.28 	 -0.1842318 
26.29 	 -0.171675 
26.3 	 -0.1545075 
26.31 	 -0.1347894 
26.32 	 -0.1151694 
26.33 	 -0.0980019 
26.34 	 -0.0847584 
26.35 	 -0.0759294 
26.36 	 -0.0707301 
26.37 	 -0.0671985 
26.38 	 -0.0628821 
26.39 	 -0.0554265 
26.4 	 -0.0434583 
26.41 	 -0.0273699 
26.42 	 -0.0086328 
26.43 	 0.0101043 
26.44 	 0.0262908 
26.45 	 0.0376704 
26.46 	 0.0435564 
26.47 	 0.044145 
26.48 	 0.0411039 
26.49 	 0.0368856 
26.5 	 0.0347274 
26.51 	 0.0373761 
26.52 	 0.0469899 
26.53 	 0.0645498 
26.54 	 0.0897615 
26.55 	 0.1209573 
26.56 	 0.155979 
26.57 	 0.1919817 
26.58 	 0.2264148 
26.59 	 0.2568258 
26.6 	 0.2808603 
26.61 	 0.2957715 
26.62 	 0.2997936 
26.63 	 0.2919456 
26.64 	 0.2728161 
26.65 	 0.2447595 
26.66 	 0.2113074 
26.67 	 0.1760895 
26.68 	 0.1427355 
26.69 	 0.1135017 
26.7 	 0.0897615 
26.71 	 0.0714168 
26.72 	 0.0574866 
26.73 	 0.0458127 
26.74 	 0.0345312 
26.75 	 0.0216801 
26.76 	 0.0061803 
26.77 	 -0.0119682 
26.78 	 -0.0321768 
26.79 	 -0.0528759 
26.8 	 -0.0722997 
26.81 	 -0.0884862 
26.82 	 -0.0999639 
26.83 	 -0.1053594 
26.84 	 -0.1036917 
26.85 	 -0.0944703 
26.86 	 -0.0776952 
26.87 	 -0.0545436 
26.88 	 -0.0272718 
26.89 	 0.0012753 
26.9 	 0.0282528 
26.91 	 0.0513063 
26.92 	 0.0692586 
26.93 	 0.0819135 
26.94 	 0.0900558 
26.95 	 0.095157 
26.96 	 0.0985905 
26.97 	 0.1011411 
26.98 	 0.1027107 
26.99 	 0.1026126 
27.0 	 0.0999639 
27.01 	 0.0939798 
27.02 	 0.0840717 
27.03 	 0.0707301 
27.04 	 0.0551322 
27.05 	 0.0391419 
27.06 	 0.024525 
27.07 	 0.0124587 
27.08 	 0.0035316 
27.09 	 -0.0022563 
27.1 	 -0.0051012 
27.11 	 -0.005886 
27.12 	 -0.0053955 
27.13 	 -0.0051993 
27.14 	 -0.0069651 
27.15 	 -0.0121644 
27.16 	 -0.021582 
27.17 	 -0.0352179 
27.18 	 -0.051993 
27.19 	 -0.0701415 
27.2 	 -0.0877995 
27.21 	 -0.103005 
27.22 	 -0.1142865 
27.23 	 -0.1204668 
27.24 	 -0.1212516 
27.25 	 -0.1171314 
27.26 	 -0.1091853 
27.27 	 -0.0985905 
27.28 	 -0.0867204 
27.29 	 -0.0739674 
27.3 	 -0.0600372 
27.31 	 -0.044145 
27.32 	 -0.025506 
27.33 	 -0.0042183 
27.34 	 0.0191295 
27.35 	 0.0435564 
27.36 	 0.0678852 
27.37 	 0.0909387 
27.38 	 0.1117359 
27.39 	 0.1296882 
27.4 	 0.144207 
27.41 	 0.1553904 
27.42 	 0.1631403 
27.43 	 0.1676529 
27.44 	 0.1692225 
27.45 	 0.1686339 
27.46 	 0.1668681 
27.47 	 0.164808 
27.48 	 0.162846 
27.49 	 0.1609821 
27.5 	 0.1590201 
27.51 	 0.1567638 
27.52 	 0.1542132 
27.53 	 0.1512702 
27.54 	 0.1480329 
27.55 	 0.1445013 
27.56 	 0.1405773 
27.57 	 0.1360647 
27.58 	 0.1302768 
27.59 	 0.122625 
27.6 	 0.1126188 
27.61 	 0.1006506 
27.62 	 0.087309 
27.63 	 0.0740655 
27.64 	 0.0619011 
27.65 	 0.0523854 
27.66 	 0.0464013 
27.67 	 0.0439488 
27.68 	 0.0440469 
27.69 	 0.0443412 
27.7 	 0.0420849 
27.71 	 0.0348255 
27.72 	 0.0210915 
27.73 	 0.0012753 
27.74 	 -0.0228573 
27.75 	 -0.0487557 
27.76 	 -0.0729864 
27.77 	 -0.0926064 
27.78 	 -0.1052613 
27.79 	 -0.1097739 
27.8 	 -0.1064385 
27.81 	 -0.0972171 
27.82 	 -0.0852489 
27.83 	 -0.0743598 
27.84 	 -0.0677871 
27.85 	 -0.0674928 
27.86 	 -0.0737712 
27.87 	 -0.0857394 
27.88 	 -0.1015335 
27.89 	 -0.1190934 
27.9 	 -0.1365552 
27.91 	 -0.1525455 
27.92 	 -0.1662795 
27.93 	 -0.1778553 
27.94 	 -0.1880577 
27.95 	 -0.1976715 
27.96 	 -0.2067948 
27.97 	 -0.2149371 
27.98 	 -0.2213136 
27.99 	 -0.2245509 
28.0 	 -0.2234718 
28.01 	 -0.2176839 
28.02 	 -0.2081682 
28.03 	 -0.1966905 
28.04 	 -0.1859976 
28.05 	 -0.1783458 
28.06 	 -0.1748142 
28.07 	 -0.1753047 
28.08 	 -0.1784439 
28.09 	 -0.1821717 
28.1 	 -0.1846242 
28.11 	 -0.1838394 
28.12 	 -0.1786401 
28.13 	 -0.1685358 
28.14 	 -0.1537227 
28.15 	 -0.1349856 
28.16 	 -0.1135017 
28.17 	 -0.0904482 
28.18 	 -0.0665118 
28.19 	 -0.0423792 
28.2 	 -0.018639 
28.21 	 0.0042183 
28.22 	 0.0250155 
28.23 	 0.0429678 
28.24 	 0.0575847 
28.25 	 0.0688662 
28.26 	 0.077499 
28.27 	 0.084366 
28.28 	 0.0903501 
28.29 	 0.0959418 
28.3 	 0.1016316 
28.31 	 0.1075176 
28.32 	 0.1130112 
28.33 	 0.1178181 
28.34 	 0.1215459 
28.35 	 0.124587 
28.36 	 0.1278243 
28.37 	 0.1323369 
28.38 	 0.1386153 
28.39 	 0.1470519 
28.4 	 0.1575486 
28.41 	 0.1692225 
28.42 	 0.1811907 
28.43 	 0.1918836 
28.44 	 0.1996335 
28.45 	 0.2028708 
28.46 	 0.200124 
28.47 	 0.1907064 
28.48 	 0.1743237 
28.49 	 0.1512702 
28.5 	 0.1229193 
28.51 	 0.0915273 
28.52 	 0.0595467 
28.53 	 0.0291357 
28.54 	 0.0015696 
28.55 	 -0.0222687 
28.56 	 -0.0416925 
28.57 	 -0.0557208 
28.58 	 -0.0636669 
28.59 	 -0.0651384 
28.6 	 -0.0607239 
28.61 	 -0.0522873 
28.62 	 -0.0425754 
28.63 	 -0.0344331 
28.64 	 -0.0306072 
28.65 	 -0.0324711 
28.66 	 -0.0409077 
28.67 	 -0.0555246 
28.68 	 -0.0753408 
28.69 	 -0.0986886 
28.7 	 -0.123606 
28.71 	 -0.1482291 
28.72 	 -0.1707921 
28.73 	 -0.1898235 
28.74 	 -0.2038518 
28.75 	 -0.211896 
28.76 	 -0.2131713 
28.77 	 -0.2074815 
28.78 	 -0.1950228 
28.79 	 -0.1773648 
28.8 	 -0.1564695 
28.81 	 -0.1348875 
28.82 	 -0.1148751 
28.83 	 -0.0981981 
28.84 	 -0.085347 
28.85 	 -0.0760275 
28.86 	 -0.0691605 
28.87 	 -0.0631764 
28.88 	 -0.0571923 
28.89 	 -0.051012 
28.9 	 -0.0452241 
28.91 	 -0.0407115 
28.92 	 -0.0379647 
28.93 	 -0.0363951 
28.94 	 -0.0348255 
28.95 	 -0.031392 
28.96 	 -0.024525 
28.97 	 -0.012753 
28.98 	 0.0048069 
28.99 	 0.0285471 
29.0 	 0.0577809 
29.01 	 0.0914292 
29.02 	 0.12753 
29.03 	 0.163827 
29.04 	 0.1977696 
29.05 	 0.2270034 
29.06 	 0.2498607 
29.07 	 0.2656548 
29.08 	 0.2745819 
29.09 	 0.2771325 
29.1 	 0.2738952 
29.11 	 0.2655567 
29.12 	 0.2526075 
29.13 	 0.2355381 
29.14 	 0.2143485 
29.15 	 0.1890387 
29.16 	 0.1593144 
29.17 	 0.1256661 
29.18 	 0.0893691 
29.19 	 0.0520911 
29.2 	 0.0157941 
29.21 	 -0.017658 
29.22 	 -0.0468918 
29.23 	 -0.0707301 
29.24 	 -0.08829 
29.25 	 -0.0982962 
29.26 	 -0.0998658 
29.27 	 -0.0920178 
29.28 	 -0.0747522 
29.29 	 -0.0487557 
29.3 	 -0.0161865 
29.31 	 0.020601 
29.32 	 0.0587619 
29.33 	 0.0957456 
29.34 	 0.1292958 
29.35 	 0.1575486 
29.36 	 0.1784439 
29.37 	 0.1906083 
29.38 	 0.1930608 
29.39 	 0.1857033 
29.4 	 0.169713 
29.41 	 0.1470519 
29.42 	 0.120663 
29.43 	 0.093195 
29.44 	 0.0673947 
29.45 	 0.0449298 
29.46 	 0.0267813 
29.47 	 0.0130473 
29.48 	 0.0032373 
29.49 	 -0.003924 
29.5 	 -0.0099081 
29.51 	 -0.0158922 
29.52 	 -0.0227592 
29.53 	 -0.0309996 
29.54 	 -0.041202 
29.55 	 -0.0535626 
29.56 	 -0.0678852 
29.57 	 -0.0832869 
29.58 	 -0.0980019 
29.59 	 -0.1095777 
29.6 	 -0.1159542 
29.61 	 -0.1159542 
29.62 	 -0.1101663 
29.63 	 -0.1003563 
29.64 	 -0.089271 
29.65 	 -0.079461 
29.66 	 -0.072594 
29.67 	 -0.0691605 
29.68 	 -0.0693567 
29.69 	 -0.0727902 
29.7 	 -0.0791667 
29.71 	 -0.0877995 
29.72 	 -0.0982962 
29.73 	 -0.1102644 
29.74 	 -0.1235079 
29.75 	 -0.1374381 
29.76 	 -0.1513683 
29.77 	 -0.1639251 
29.78 	 -0.173637 
29.79 	 -0.1791306 
29.8 	 -0.1797192 
29.81 	 -0.1755009 
29.82 	 -0.1671624 
29.83 	 -0.1564695 
29.84 	 -0.1452861 
29.85 	 -0.1352799 
29.86 	 -0.1271376 
29.87 	 -0.1207611 
29.88 	 -0.1155618 
29.89 	 -0.1105587 
29.9 	 -0.1050651 
29.91 	 -0.0983943 
29.92 	 -0.0900558 
29.93 	 -0.0797553 
29.94 	 -0.0675909 
29.95 	 -0.0544455 
29.96 	 -0.0414963 
29.97 	 -0.030411 
29.98 	 -0.0220725 
29.99 	 -0.0170694 
30.0 	 -0.0148131 
30.01 	 -0.0142245 
30.02 	 -0.0140283 
30.03 	 -0.0134397 
30.04 	 -0.0122625 
30.05 	 -0.0103986 
30.06 	 -0.0077499 
30.07 	 -0.003924 
30.08 	 0.0012753 
30.09 	 0.0076518 
30.1 	 0.0149112 
30.11 	 0.0226611 
30.12 	 0.0299205 
30.13 	 0.0357084 
30.14 	 0.0394362 
30.15 	 0.0407115 
30.16 	 0.040221 
30.17 	 0.0384552 
30.18 	 0.0360027 
30.19 	 0.0330597 
30.2 	 0.0295281 
30.21 	 0.0253098 
30.22 	 0.0208953 
30.23 	 0.0167751 
30.24 	 0.0141264 
30.25 	 0.0143226 
30.26 	 0.0193257 
30.27 	 0.0298224 
30.28 	 0.0456165 
30.29 	 0.064746 
30.3 	 0.0847584 
30.31 	 0.1029069 
30.32 	 0.1168371 
30.33 	 0.1247832 
30.34 	 0.1258623 
30.35 	 0.1197801 
30.36 	 0.1064385 
30.37 	 0.0869166 
30.38 	 0.0630783 
30.39 	 0.0373761 
30.4 	 0.0130473 
30.41 	 -0.0075537 
30.42 	 -0.0226611 
30.43 	 -0.0317844 
30.44 	 -0.0349236 
30.45 	 -0.0327654 
30.46 	 -0.0261927 
30.47 	 -0.0163827 
30.48 	 -0.004905 
30.49 	 0.0063765 
30.5 	 0.015696 
30.51 	 0.0218763 
30.52 	 0.0246231 
30.53 	 0.0239364 
30.54 	 0.0201105 
30.55 	 0.0135378 
30.56 	 0.0050031 
30.57 	 -0.0046107 
30.58 	 -0.0140283 
30.59 	 -0.0226611 
30.6 	 -0.0303129 
30.61 	 -0.037278 
30.62 	 -0.0439488 
30.63 	 -0.0507177 
30.64 	 -0.056898 
30.65 	 -0.0610182 
30.66 	 -0.0612144 
30.67 	 -0.0564075 
30.68 	 -0.0467937 
30.69 	 -0.0337464 
30.7 	 -0.0189333 
30.71 	 -0.0037278 
30.72 	 0.0104967 
30.73 	 0.0227592 
30.74 	 0.0318825 
30.75 	 0.0368856 
30.76 	 0.0368856 
30.77 	 0.0314901 
30.78 	 0.0209934 
30.79 	 0.0065727 
30.8 	 -0.0094176 
30.81 	 -0.0247212 
30.82 	 -0.0373761 
30.83 	 -0.046107 
30.84 	 -0.050031 
30.85 	 -0.0486576 
30.86 	 -0.042183 
30.87 	 -0.031392 
30.88 	 -0.0172656 
30.89 	 -0.0010791 
30.9 	 0.0154998 
30.91 	 0.0311958 
30.92 	 0.0448317 
30.93 	 0.0555246 
30.94 	 0.0628821 
30.95 	 0.0665118 
30.96 	 0.0661194 
30.97 	 0.0620973 
30.98 	 0.0545436 
30.99 	 0.0442431 
31.0 	 0.0315882 
31.01 	 0.0171675 
31.02 	 0.0015696 
31.03 	 -0.0144207 
31.04 	 -0.030411 
31.05 	 -0.046107 
31.06 	 -0.060822 
31.07 	 -0.0741636 
31.08 	 -0.085347 
31.09 	 -0.094176 
31.1 	 -0.1008468 
31.11 	 -0.1052613 
31.12 	 -0.1070271 
31.13 	 -0.1056537 
31.14 	 -0.1006506 
31.15 	 -0.0925083 
31.16 	 -0.081423 
31.17 	 -0.0679833 
31.18 	 -0.0526797 
31.19 	 -0.0359046 
31.2 	 -0.0181485 
31.21 	 -9.81e-05 
31.22 	 0.0179523 
31.23 	 0.0354141 
31.24 	 0.0523854 
31.25 	 0.0688662 
31.26 	 0.0854451 
31.27 	 0.1023183 
31.28 	 0.1193877 
31.29 	 0.1357704 
31.3 	 0.1501911 
31.31 	 0.1612764 
31.32 	 0.1683396 
31.33 	 0.1711845 
31.34 	 0.1700073 
31.35 	 0.1654947 
31.36 	 0.1588239 
31.37 	 0.1513683 
31.38 	 0.1446975 
31.39 	 0.1401849 
31.4 	 0.1386153 
31.41 	 0.1401849 
31.42 	 0.1445013 
31.43 	 0.1501911 
31.44 	 0.1554885 
31.45 	 0.1584315 
31.46 	 0.1576467 
31.47 	 0.1525455 
31.48 	 0.1435203 
31.49 	 0.131454 
31.5 	 0.1173276 
31.51 	 0.1026126 
31.52 	 0.0885843 
31.53 	 0.0764199 
31.54 	 0.0663156 
31.55 	 0.0583695 
31.56 	 0.0520911 
31.57 	 0.0472842 
31.58 	 0.0436545 
31.59 	 0.0407115 
31.6 	 0.0377685 
31.61 	 0.0338445 
31.62 	 0.0279585 
31.63 	 0.0194238 
31.64 	 0.0083385 
31.65 	 -0.0043164 
31.66 	 -0.0171675 
31.67 	 -0.0286452 
31.68 	 -0.0376704 
31.69 	 -0.0434583 
31.7 	 -0.0459108 
31.71 	 -0.0455184 
31.72 	 -0.0433602 
31.73 	 -0.040221 
31.74 	 -0.0369837 
31.75 	 -0.0342369 
31.76 	 -0.0321768 
31.77 	 -0.0314901 
31.78 	 -0.0324711 
31.79 	 -0.0351198 
31.8 	 -0.0391419 
31.81 	 -0.0440469 
31.82 	 -0.0491481 
31.83 	 -0.0541512 
31.84 	 -0.0587619 
31.85 	 -0.0628821 
31.86 	 -0.0664137 
31.87 	 -0.0691605 
31.88 	 -0.0712206 
31.89 	 -0.0727902 
31.9 	 -0.0739674 
31.91 	 -0.074556 
31.92 	 -0.0742617 
31.93 	 -0.0724959 
31.94 	 -0.06867 
31.95 	 -0.0619992 
31.96 	 -0.0521892 
31.97 	 -0.0398286 
31.98 	 -0.025506 
31.99 	 -0.0103986 
32.0 	 0.0050031 
32.01 	 0.0200124 
32.02 	 0.0338445 
32.03 	 0.0453222 
32.04 	 0.0530721 
32.05 	 0.0561132 
32.06 	 0.0540531 
32.07 	 0.0468918 
32.08 	 0.0358065 
32.09 	 0.0224649 
32.1 	 0.0090252 
32.11 	 -0.0022563 
32.12 	 -0.0093195 
32.13 	 -0.0110853 
32.14 	 -0.0071613 
32.15 	 0.0020601 
32.16 	 0.0151074 
32.17 	 0.0300186 
32.18 	 0.0444393 
32.19 	 0.0562113 
32.2 	 0.0635688 
32.21 	 0.0661194 
32.22 	 0.0642555 
32.23 	 0.0594486 
32.24 	 0.053955 
32.25 	 0.0496386 
32.26 	 0.0479709 
32.27 	 0.0487557 
32.28 	 0.0507177 
32.29 	 0.0520911 
32.3 	 0.051012 
32.31 	 0.0468918 
32.32 	 0.0394362 
32.33 	 0.0288414 
32.34 	 0.0161865 
32.35 	 0.0025506 
32.36 	 -0.0105948 
32.37 	 -0.0221706 
32.38 	 -0.0316863 
32.39 	 -0.0390438 
32.4 	 -0.0443412 
32.41 	 -0.0481671 
32.42 	 -0.0514044 
32.43 	 -0.0552303 
32.44 	 -0.0599391 
32.45 	 -0.0653346 
32.46 	 -0.0704358 
32.47 	 -0.0736731 
32.48 	 -0.0738693 
32.49 	 -0.0704358 
32.5 	 -0.0633726 
32.51 	 -0.0533664 
32.52 	 -0.041202 
32.53 	 -0.028449 
32.54 	 -0.016677 
32.55 	 -0.0073575 
32.56 	 -0.0015696 
32.57 	 0.0004905 
32.58 	 -0.0010791 
32.59 	 -0.0056898 
32.6 	 -0.0123606 
32.61 	 -0.0198162 
32.62 	 -0.0271737 
32.63 	 -0.0335502 
32.64 	 -0.0387495 
32.65 	 -0.0424773 
32.66 	 -0.0445374 
32.67 	 -0.0449298 
32.68 	 -0.0436545 
32.69 	 -0.0413001 
32.7 	 -0.0385533 
32.71 	 -0.036297 
32.72 	 -0.0352179 
32.73 	 -0.0360027 
32.74 	 -0.0391419 
32.75 	 -0.0452241 
32.76 	 -0.0538569 
32.77 	 -0.0632745 
32.78 	 -0.0709263 
32.79 	 -0.0747522 
32.8 	 -0.0742617 
32.81 	 -0.0698472 
32.82 	 -0.0629802 
32.83 	 -0.0555246 
32.84 	 -0.0488538 
32.85 	 -0.0437526 
32.86 	 -0.0403191 
32.87 	 -0.0384552 
32.88 	 -0.0381609 
32.89 	 -0.0397305 
32.9 	 -0.0437526 
32.91 	 -0.0503253 
32.92 	 -0.0594486 
32.93 	 -0.0709263 
32.94 	 -0.084366 
32.95 	 -0.0992772 
32.96 	 -0.1148751 
32.97 	 -0.1300806 
32.98 	 -0.144207 
32.99 	 -0.1560771 
33.0 	 -0.1644156 
33.01 	 -0.1684377 
33.02 	 -0.1676529 
33.03 	 -0.1623555 
33.04 	 -0.1532322 
33.05 	 -0.1418526 
33.06 	 -0.1299825 
33.07 	 -0.1197801 
33.08 	 -0.1132074 
33.09 	 -0.1115397 
33.1 	 -0.1148751 
33.11 	 -0.1221345 
33.12 	 -0.1313559 
33.13 	 -0.1405773 
33.14 	 -0.1482291 
33.15 	 -0.1526436 
33.16 	 -0.1523493 
33.17 	 -0.1460709 
33.18 	 -0.1331217 
33.19 	 -0.1140903 
33.2 	 -0.0904482 
33.21 	 -0.0640593 
33.22 	 -0.0370818 
33.23 	 -0.0109872 
33.24 	 0.0133416 
33.25 	 0.0359046 
33.26 	 0.0569961 
33.27 	 0.0769104 
33.28 	 0.0953532 
33.29 	 0.1119321 
33.3 	 0.1264509 
33.31 	 0.139302 
33.32 	 0.1509759 
33.33 	 0.1620612 
33.34 	 0.1727541 
33.35 	 0.1830546 
33.36 	 0.1925703 
33.37 	 0.2012031 
33.38 	 0.2088549 
33.39 	 0.2153295 
33.4 	 0.2204307 
33.41 	 0.2239623 
33.42 	 0.2254338 
33.43 	 0.2248452 
33.44 	 0.2220003 
33.45 	 0.2172915 
33.46 	 0.2113074 
33.47 	 0.2041461 
33.48 	 0.1964943 
33.49 	 0.1886463 
33.5 	 0.1810926 
33.51 	 0.1740294 
33.52 	 0.1670643 
33.53 	 0.1596087 
33.54 	 0.1505835 
33.55 	 0.1397925 
33.56 	 0.1270395 
33.57 	 0.1127169 
33.58 	 0.0976095 
33.59 	 0.0826002 
33.6 	 0.0685719 
33.61 	 0.0558189 
33.62 	 0.0445374 
33.63 	 0.0345312 
33.64 	 0.0253098 
33.65 	 0.0169713 
33.66 	 0.0095157 
33.67 	 0.0028449 
33.68 	 -0.0033354 
33.69 	 -0.0094176 
33.7 	 -0.0158922 
33.71 	 -0.0226611 
33.72 	 -0.0293319 
33.73 	 -0.0354141 
33.74 	 -0.0408096 
33.75 	 -0.0453222 
33.76 	 -0.0491481 
33.77 	 -0.0527778 
33.78 	 -0.0567999 
33.79 	 -0.0613125 
33.8 	 -0.0662175 
33.81 	 -0.0708282 
33.82 	 -0.0740655 
33.83 	 -0.0752427 
33.84 	 -0.0736731 
33.85 	 -0.0692586 
33.86 	 -0.0620973 
33.87 	 -0.0528759 
33.88 	 -0.0426735 
33.89 	 -0.0327654 
33.9 	 -0.0243288 
33.91 	 -0.0184428 
33.92 	 -0.0152055 
33.93 	 -0.0144207 
33.94 	 -0.0153036 
33.95 	 -0.0168732 
33.96 	 -0.0184428 
33.97 	 -0.0194238 
33.98 	 -0.0193257 
33.99 	 -0.0181485 
34.0 	 -0.015696 
34.01 	 -0.0118701 
34.02 	 -0.0066708 
34.03 	 -0.0002943 
34.04 	 0.0066708 
34.05 	 0.0134397 
34.06 	 0.0189333 
34.07 	 0.0223668 
34.08 	 0.0231516 
34.09 	 0.0214839 
34.1 	 0.017658 
34.11 	 0.0121644 
34.12 	 0.0054936 
34.13 	 -0.0022563 
34.14 	 -0.0104967 
34.15 	 -0.0191295 
34.16 	 -0.0276642 
34.17 	 -0.0359046 
34.18 	 -0.0429678 
34.19 	 -0.0481671 
34.2 	 -0.0505215 
34.21 	 -0.0497367 
34.22 	 -0.0457146 
34.23 	 -0.0386514 
34.24 	 -0.0291357 
34.25 	 -0.0179523 
34.26 	 -0.0059841 
34.27 	 0.0054936 
34.28 	 0.0154017 
34.29 	 0.0222687 
34.3 	 0.0254079 
34.31 	 0.0242307 
34.32 	 0.0193257 
34.33 	 0.0115758 
34.34 	 0.0021582 
34.35 	 -0.0076518 
34.36 	 -0.0167751 
34.37 	 -0.0244269 
34.38 	 -0.0299205 
34.39 	 -0.033354 
34.4 	 -0.0349236 
34.41 	 -0.0352179 
34.42 	 -0.0346293 
34.43 	 -0.0338445 
34.44 	 -0.0328635 
34.45 	 -0.031392 
34.46 	 -0.0289395 
34.47 	 -0.0253098 
34.48 	 -0.0205029 
34.49 	 -0.0150093 
34.5 	 -0.0100062 
34.51 	 -0.0060822 
34.52 	 -0.0035316 
34.53 	 -0.0022563 
34.54 	 -0.001962 
34.55 	 -0.001962 
34.56 	 -0.0014715 
34.57 	 0.0002943 
34.58 	 0.0037278 
34.59 	 0.008829 
34.6 	 0.0150093 
34.61 	 0.0212877 
34.62 	 0.0268794 
34.63 	 0.0308034 
34.64 	 0.0321768 
34.65 	 0.0309996 
34.66 	 0.0282528 
34.67 	 0.0258003 
34.68 	 0.0252117 
34.69 	 0.0271737 
34.7 	 0.0314901 
34.71 	 0.0376704 
34.72 	 0.0452241 
34.73 	 0.0540531 
34.74 	 0.0634707 
34.75 	 0.0728883 
34.76 	 0.0816192 
34.77 	 0.0894672 
34.78 	 0.0962361 
34.79 	 0.1015335 
34.8 	 0.104967 
34.81 	 0.105948 
34.82 	 0.1040841 
34.83 	 0.0991791 
34.84 	 0.0913311 
34.85 	 0.0810306 
34.86 	 0.0689643 
34.87 	 0.0557208 
34.88 	 0.042183 
34.89 	 0.0288414 
34.9 	 0.0163827 
34.91 	 0.0052974 
34.92 	 -0.0042183 
34.93 	 -0.0122625 
34.94 	 -0.0192276 
34.95 	 -0.025506 
34.96 	 -0.0314901 
34.97 	 -0.037278 
34.98 	 -0.0426735 
34.99 	 -0.0473823 
35.0 	 -0.0505215 
35.01 	 -0.0514044 
35.02 	 -0.0498348 
35.03 	 -0.0459108 
35.04 	 -0.0400248 
35.05 	 -0.0334521 
35.06 	 -0.027468 
35.07 	 -0.0232497 
35.08 	 -0.0218763 
35.09 	 -0.0237402 
35.1 	 -0.0292338 
35.11 	 -0.0385533 
35.12 	 -0.0509139 
35.13 	 -0.0651384 
35.14 	 -0.0797553 
35.15 	 -0.0935874 
35.16 	 -0.1055556 
35.17 	 -0.1148751 
35.18 	 -0.1209573 
35.19 	 -0.1235079 
35.2 	 -0.1228212 
35.21 	 -0.1198782 
35.22 	 -0.1158561 
35.23 	 -0.1116378 
35.24 	 -0.10791 
35.25 	 -0.1048689 
35.26 	 -0.1023183 
35.27 	 -0.0995715 
35.28 	 -0.096138 
35.29 	 -0.0916254 
35.3 	 -0.0861318 
35.31 	 -0.0793629 
35.32 	 -0.0711225 
35.33 	 -0.0613125 
35.34 	 -0.050031 
35.35 	 -0.0376704 
35.36 	 -0.0256041 
35.37 	 -0.0150093 
35.38 	 -0.0073575 
35.39 	 -0.0033354 
35.4 	 -0.0031392 
35.41 	 -0.0057879 
35.42 	 -0.0101043 
35.43 	 -0.0148131 
35.44 	 -0.0190314 
35.45 	 -0.0220725 
35.46 	 -0.0231516 
35.47 	 -0.0219744 
35.48 	 -0.0184428 
35.49 	 -0.0129492 
35.5 	 -0.0061803 
35.51 	 0.0013734 
35.52 	 0.0095157 
35.53 	 0.0180504 
35.54 	 0.0263889 
35.55 	 0.0341388 
35.56 	 0.0406134 
35.57 	 0.0454203 
35.58 	 0.0487557 
35.59 	 0.0507177 
35.6 	 0.0515025 
35.61 	 0.0513063 
35.62 	 0.0504234 
35.63 	 0.0487557 
35.64 	 0.0466956 
35.65 	 0.045126 
35.66 	 0.0448317 
35.67 	 0.0465975 
35.68 	 0.050031 
35.69 	 0.0536607 
35.7 	 0.0557208 
35.71 	 0.0543474 
35.72 	 0.0485595 
35.73 	 0.0385533 
35.74 	 0.0256041 
35.75 	 0.0115758 
35.76 	 -0.0018639 
35.77 	 -0.0133416 
35.78 	 -0.0218763 
35.79 	 -0.0273699 
35.8 	 -0.0295281 
35.81 	 -0.0291357 
35.82 	 -0.0270756 
35.83 	 -0.0242307 
35.84 	 -0.0213858 
35.85 	 -0.0183447 
35.86 	 -0.0148131 
35.87 	 -0.0104967 
35.88 	 -0.0061803 
35.89 	 -0.0028449 
35.9 	 -0.0016677 
35.91 	 -0.0030411 
35.92 	 -0.0062784 
35.93 	 -0.0104967 
35.94 	 -0.0150093 
35.95 	 -0.0190314 
35.96 	 -0.0214839 
35.97 	 -0.0214839 
35.98 	 -0.0179523 
35.99 	 -0.0101043 
36.0 	 0.0025506 
36.01 	 0.0198162 
36.02 	 0.0409077 
36.03 	 0.0643536 
36.04 	 0.0881919 
36.05 	 0.1105587 
36.06 	 0.1299825 
36.07 	 0.145188 
36.08 	 0.1548999 
36.09 	 0.1585296 
36.1 	 0.155979 
36.11 	 0.1479348 
36.12 	 0.1355742 
36.13 	 0.1205649 
36.14 	 0.1048689 
36.15 	 0.0903501 
36.16 	 0.0782838 
36.17 	 0.0694548 
36.18 	 0.0633726 
36.19 	 0.0594486 
36.2 	 0.0567018 
36.21 	 0.053955 
36.22 	 0.0502272 
36.23 	 0.045126 
36.24 	 0.038259 
36.25 	 0.0300186 
36.26 	 0.0201105 
36.27 	 0.0086328 
36.28 	 -0.0046107 
36.29 	 -0.0195219 
36.3 	 -0.035316 
36.31 	 -0.0505215 
36.32 	 -0.063765 
36.33 	 -0.0740655 
36.34 	 -0.0805401 
36.35 	 -0.0829926 
36.36 	 -0.0815211 
36.37 	 -0.0766161 
36.38 	 -0.0690624 
36.39 	 -0.0603315 
36.4 	 -0.0516006 
36.41 	 -0.0442431 
36.42 	 -0.0389457 
36.43 	 -0.0360027 
36.44 	 -0.0350217 
36.45 	 -0.0354141 
36.46 	 -0.0363951 
36.47 	 -0.0373761 
36.48 	 -0.0375723 
36.49 	 -0.036297 
36.5 	 -0.0331578 
36.51 	 -0.0280566 
36.52 	 -0.0218763 
36.53 	 -0.0159903 
36.54 	 -0.0116739 
36.55 	 -0.0097119 
36.56 	 -0.0100062 
36.57 	 -0.0116739 
36.58 	 -0.0135378 
36.59 	 -0.0142245 
36.6 	 -0.012753 
36.61 	 -0.008829 
36.62 	 -0.0028449 
36.63 	 0.004905 
36.64 	 0.0139302 
36.65 	 0.0238383 
36.66 	 0.0344331 
36.67 	 0.0450279 
36.68 	 0.0548379 
36.69 	 0.0634707 
36.7 	 0.0705339 
36.71 	 0.0763218 
36.72 	 0.0812268 
36.73 	 0.0856413 
36.74 	 0.0899577 
36.75 	 0.0943722 
36.76 	 0.099081 
36.77 	 0.1036917 
36.78 	 0.1075176 
36.79 	 0.1096758 
36.8 	 0.1091853 
36.81 	 0.1051632 
36.82 	 0.097119 
36.83 	 0.0854451 
36.84 	 0.0710244 
36.85 	 0.0555246 
36.86 	 0.0404172 
36.87 	 0.0267813 
36.88 	 0.0151074 
36.89 	 0.004905 
36.9 	 -0.0043164 
36.91 	 -0.0131454 
36.92 	 -0.0212877 
36.93 	 -0.028449 
36.94 	 -0.0345312 
36.95 	 -0.0395343 
36.96 	 -0.0435564 
36.97 	 -0.0468918 
36.98 	 -0.0492462 
36.99 	 -0.051012 
37.0 	 -0.0522873 
37.01 	 -0.0530721 
37.02 	 -0.0535626 
37.03 	 -0.0536607 
37.04 	 -0.0536607 
37.05 	 -0.053955 
37.06 	 -0.054936 
37.07 	 -0.0570942 
37.08 	 -0.0606258 
37.09 	 -0.0658251 
37.1 	 -0.0723978 
37.11 	 -0.0795591 
37.12 	 -0.0861318 
37.13 	 -0.0904482 
37.14 	 -0.0909387 
37.15 	 -0.0867204 
37.16 	 -0.0776952 
37.17 	 -0.064746 
37.18 	 -0.0492462 
37.19 	 -0.0329616 
37.2 	 -0.0177561 
37.21 	 -0.0051993 
37.22 	 0.0034335 
37.23 	 0.0076518 
37.24 	 0.0077499 
37.25 	 0.0043164 
37.26 	 -0.0013734 
37.27 	 -0.0080442 
37.28 	 -0.0143226 
37.29 	 -0.0194238 
37.3 	 -0.022563 
37.31 	 -0.0232497 
37.32 	 -0.021582 
37.33 	 -0.0175599 
37.34 	 -0.0120663 
37.35 	 -0.0062784 
37.36 	 -0.0016677 
37.37 	 0.0005886 
37.38 	 9.81e-05 
37.39 	 -0.0032373 
37.4 	 -0.0092214 
37.41 	 -0.0171675 
37.42 	 -0.0261927 
37.43 	 -0.0356103 
37.44 	 -0.0448317 
37.45 	 -0.0534645 
37.46 	 -0.0611163 
37.47 	 -0.0675909 
37.48 	 -0.0727902 
37.49 	 -0.076518 
37.5 	 -0.0786762 
37.51 	 -0.0790686 
37.52 	 -0.0774009 
37.53 	 -0.073575 
37.54 	 -0.0681795 
37.55 	 -0.061803 
37.56 	 -0.0551322 
37.57 	 -0.0491481 
37.58 	 -0.0442431 
37.59 	 -0.0409077 
37.6 	 -0.0391419 
37.61 	 -0.0387495 
37.62 	 -0.0395343 
37.63 	 -0.0410058 
37.64 	 -0.0428697 
37.65 	 -0.0444393 
37.66 	 -0.0448317 
37.67 	 -0.0434583 
37.68 	 -0.0399267 
37.69 	 -0.0345312 
37.7 	 -0.0277623 
37.71 	 -0.0205029 
37.72 	 -0.0131454 
37.73 	 -0.0059841 
37.74 	 0.000981 
37.75 	 0.0077499 
37.76 	 0.0140283 
37.77 	 0.0194238 
37.78 	 0.0234459 
37.79 	 0.0258003 
37.8 	 0.0261927 
37.81 	 0.0244269 
37.82 	 0.020601 
37.83 	 0.0154017 
37.84 	 0.0095157 
37.85 	 0.003924 
37.86 	 -0.0003924 
37.87 	 -0.0031392 
37.88 	 -0.0040221 
37.89 	 -0.0033354 
37.9 	 -0.0015696 
37.91 	 0.000981 
37.92 	 0.0042183 
37.93 	 0.0084366 
37.94 	 0.0139302 
37.95 	 0.0204048 
37.96 	 0.0276642 
37.97 	 0.0351198 
37.98 	 0.0420849 
37.99 	 0.0478728 
38.0 	 0.0515025 
38.01 	 0.0525816 
38.02 	 0.0509139 
38.03 	 0.0466956 
38.04 	 0.0406134 
38.05 	 0.0338445 
38.06 	 0.027468 
38.07 	 0.0224649 
38.08 	 0.0192276 
38.09 	 0.017658 
38.1 	 0.0172656 
38.11 	 0.0174618 
38.12 	 0.0174618 
38.13 	 0.016677 
38.14 	 0.0149112 
38.15 	 0.0123606 
38.16 	 0.0095157 
38.17 	 0.0076518 
38.18 	 0.0072594 
38.19 	 0.0091233 
38.2 	 0.0131454 
38.21 	 0.018639 
38.22 	 0.0247212 
38.23 	 0.030411 
38.24 	 0.0352179 
38.25 	 0.0388476 
38.26 	 0.0413982 
38.27 	 0.043164 
38.28 	 0.0443412 
38.29 	 0.0450279 
38.3 	 0.0452241 
38.31 	 0.045126 
38.32 	 0.0443412 
38.33 	 0.0426735 
38.34 	 0.0396324 
38.35 	 0.0352179 
38.36 	 0.0292338 
38.37 	 0.0222687 
38.38 	 0.014715 
38.39 	 0.0073575 
38.4 	 0.0008829 
38.41 	 -0.0043164 
38.42 	 -0.0077499 
38.43 	 -0.0093195 
38.44 	 -0.0090252 
38.45 	 -0.0067689 
38.46 	 -0.0026487 
38.47 	 0.0033354 
38.48 	 0.0106929 
38.49 	 0.0191295 
38.5 	 0.0276642 
38.51 	 0.0356103 
38.52 	 0.0420849 
38.53 	 0.0464994 
38.54 	 0.0483633 
38.55 	 0.0477747 
38.56 	 0.0449298 
38.57 	 0.0405153 
38.58 	 0.0355122 
38.59 	 0.0305091 
38.6 	 0.0262908 
38.61 	 0.0228573 
38.62 	 0.0199143 
38.63 	 0.0169713 
38.64 	 0.0136359 
38.65 	 0.0096138 
38.66 	 0.0053955 
38.67 	 0.0013734 
38.68 	 -0.0021582 
38.69 	 -0.0048069 
38.7 	 -0.0065727 
38.71 	 -0.0073575 
38.72 	 -0.0073575 
38.73 	 -0.0067689 
38.74 	 -0.0060822 
38.75 	 -0.0057879 
38.76 	 -0.0062784 
38.77 	 -0.007848 
38.78 	 -0.0103986 
38.79 	 -0.0138321 
38.8 	 -0.017658 
38.81 	 -0.021582 
38.82 	 -0.0250155 
38.83 	 -0.0275661 
38.84 	 -0.0288414 
38.85 	 -0.028449 
38.86 	 -0.0262908 
38.87 	 -0.0224649 
38.88 	 -0.0173637 
38.89 	 -0.011772 
38.9 	 -0.0063765 
38.91 	 -0.001962 
38.92 	 0.0014715 
38.93 	 0.0037278 
38.94 	 0.0051993 
38.95 	 0.0057879 
38.96 	 0.0059841 
38.97 	 0.0059841 
38.98 	 0.0057879 
38.99 	 0.0056898 
39.0 	 0.0056898 
39.01 	 0.0056898 
39.02 	 0.0056898 
39.03 	 0.0054936 
39.04 	 0.0050031 
39.05 	 0.0043164 
39.06 	 0.0035316 
39.07 	 0.0028449 
39.08 	 0.0021582 
39.09 	 0.0014715 
39.1 	 0.0005886 
39.11 	 -0.0006867 
39.12 	 -0.0024525 
39.13 	 -0.0046107 
39.14 	 -0.006867 
39.15 	 -0.0089271 
39.16 	 -0.0103986 
39.17 	 -0.0112815 
39.18 	 -0.0115758 
39.19 	 -0.0113796 
39.2 	 -0.010791 
39.21 	 -0.0101043 
39.22 	 -0.0093195 
39.23 	 -0.0087309 
39.24 	 -0.0083385 
39.25 	 -0.0079461 
39.26 	 -0.0077499 
39.27 	 -0.0076518 
39.28 	 -0.0076518 
39.29 	 -0.0079461 
39.3 	 -0.0086328 
39.31 	 -0.0095157 
39.32 	 -0.0106929 
39.33 	 -0.0116739 
39.34 	 -0.0124587 
39.35 	 -0.0128511 
39.36 	 -0.012753 
39.37 	 -0.0121644 
39.38 	 -0.0111834 
39.39 	 -0.00981 
39.4 	 -0.0083385 
39.41 	 -0.0067689 
39.42 	 -0.0052974 
39.43 	 -0.0041202 
39.44 	 -0.0034335 
39.45 	 -0.0030411 
39.46 	 -0.0028449 
39.47 	 -0.0027468 
39.48 	 -0.0023544 
39.49 	 -0.0017658 
39.5 	 -0.000981 
39.51 	 9.81e-05 
39.52 	 0.0013734 
39.53 	 0.0024525 
39.54 	 0.0034335 
39.55 	 0.0040221 
39.56 	 0.0043164 
39.57 	 0.0043164 
39.58 	 0.0040221 
39.59 	 0.0037278 
39.6 	 0.0033354 
39.61 	 0.0030411 
39.62 	 0.002943 
39.63 	 0.0031392 
39.64 	 0.0035316 
39.65 	 0.0042183 
39.66 	 0.0051012 
39.67 	 0.0061803 
39.68 	 0.0073575 
39.69 	 0.0085347 
39.7 	 0.0095157 
39.71 	 0.0103005 
39.72 	 0.0108891 
39.73 	 0.0112815 
39.74 	 0.0114777 
39.75 	 0.0114777 
39.76 	 0.0112815 
39.77 	 0.010791 
39.78 	 0.0102024 
39.79 	 0.0094176 
39.8 	 0.0085347 
39.81 	 0.0076518 
39.82 	 0.0065727 
39.83 	 0.0055917 
39.84 	 0.0045126 
39.85 	 0.0035316 
39.86 	 0.0027468 
39.87 	 0.0020601 
39.88 	 0.0015696 
39.89 	 0.0011772 
39.9 	 0.0008829 
39.91 	 0.0006867 
39.92 	 0.0003924 
39.93 	 0.0001962 
39.94 	 9.81e-05 
39.95 	 9.81e-05 
39.96 	 0.0002943 
39.97 	 0.0004905 
39.98 	 0.0005886 
39.99 	 0.0006867 
40.0 	 0.0005886 
40.01 	 0.0002943 
40.02 	 -0.0 
40.03 	 -0.0003924 
40.04 	 -0.0007848 
40.05 	 -0.0010791 
40.06 	 -0.0013734 
40.07 	 -0.0015696 
40.08 	 -0.0017658 
40.09 	 -0.001962 
40.1 	 -0.0021582 
40.11 	 -0.0023544 
40.12 	 -0.0024525 
40.13 	 -0.0024525 
40.14 	 -0.0025506 
40.15 	 -0.0026487 
40.16 	 -0.0028449 
40.17 	 -0.002943 
40.18 	 -0.0031392 
40.19 	 -0.0032373 
40.2 	 -0.0032373 
40.21 	 -0.0032373 
40.22 	 -0.0031392 
40.23 	 -0.0031392 
40.24 	 -0.0030411 
40.25 	 -0.0030411 
40.26 	 -0.002943 
40.27 	 -0.002943 
40.28 	 -0.002943 
40.29 	 -0.002943 
40.3 	 -0.002943 
40.31 	 -0.0028449 
40.32 	 -0.0028449 
40.33 	 -0.0028449 
40.34 	 -0.0028449 
40.35 	 -0.0027468 
40.36 	 -0.0027468 
40.37 	 -0.0027468 
40.38 	 -0.000981 
40.39 	 0.0 
40.4 	 0.0 
40.41 	 0.0 
40.42 	 0.0 
40.43 	 0.0 
40.44 	 0.0 
40.45 	 0.0 
40.46 	 0.0 
40.47 	 0.0 
40.48 	 0.0 
40.49 	 0.0 
40.5 	 0.0 
40.51 	 0.0 
40.52 	 0.0 
40.53 	 0.0 
40.54 	 0.0 
40.55 	 0.0 
40.56 	 0.0 
40.57 	 0.0 
40.58 	 0.0 
40.59 	 0.0 
40.6 	 0.0 
40.61 	 0.0 
40.62 	 0.0 
40.63 	 0.0 
40.64 	 0.0 
40.65 	 0.0 
40.66 	 0.0 
40.67 	 0.0 
40.68 	 0.0 
40.69 	 0.0 
40.7 	 0.0 
40.71 	 0.0 
40.72 	 0.0 
40.73 	 0.0 
40.74 	 0.0 
40.75 	 0.0 
40.76 	 0.0 
40.77 	 0.0 
40.78 	 0.0 
40.79 	 0.0 
40.8 	 0.0 
40.81 	 0.0 
40.82 	 0.0 
40.83 	 0.0 
40.84 	 0.0 
40.85 	 0.0 
40.86 	 0.0 
40.87 	 0.0 
40.88 	 0.0 
