0 	 -6.8178e-16
0.01 	 1.52774e-16
0.02 	 4.23973e-16
0.03 	 -3.74201e-16
0.04 	 2.07797e-15
0.05 	 -1.3637e-15
0.06 	 3.67414e-15
0.07 	 -1.57085e-15
0.08 	 3.12237e-15
0.09 	 -1.77591e-15
0.1 	 3.51641e-15
0.11 	 -1.08975e-15
0.12 	 1.66856e-15
0.13 	 -1.13509e-16
0.14 	 6.21818e-17
0.15 	 1.58106e-16
0.16 	 -1.30507e-15
0.17 	 9.8048e-16
0.18 	 -1.75662e-15
0.19 	 2.92369e-17
0.2 	 -2.03104e-15
0.21 	 -2.09719e-16
0.22 	 -1.66502e-15
0.23 	 -1.09395e-15
0.24 	 -1.00534e-15
0.25 	 -1.12187e-15
0.26 	 -4.55441e-16
0.27 	 -3.28152e-16
0.28 	 3.08038e-16
0.29 	 7.62319e-16
0.3 	 -1.29456e-15
0.31 	 1.2803e-15
0.32 	 -1.63794e-15
0.33 	 1.88882e-15
0.34 	 -2.47138e-15
0.35 	 2.39356e-15
0.36 	 -2.5829e-15
0.37 	 3.18064e-15
0.38 	 -2.57961e-15
0.39 	 2.05759e-15
0.4 	 -1.3818e-15
0.41 	 1.02543e-15
0.42 	 -3.09575e-16
0.43 	 7.6432e-16
0.44 	 1.7564e-15
0.45 	 -5.35375e-16
0.46 	 1.81442e-15
0.47 	 -4.60214e-16
0.48 	 1.59746e-15
0.49 	 1.13649e-16
0.5 	 4.53763e-16
0.51 	 2.93565e-16
0.52 	 4.6189e-16
0.53 	 -1.52724e-16
0.54 	 5.98479e-17
0.55 	 4.56357e-16
0.56 	 -6.78453e-16
0.57 	 -2.49693e-16
0.58 	 3.6925e-17
0.59 	 -1.18454e-15
0.6 	 5.68941e-17
0.61 	 -1.42522e-15
0.62 	 4.88861e-16
0.63 	 -5.93329e-17
0.64 	 7.54388e-16
0.65 	 2.58596e-16
0.66 	 -7.24812e-16
0.67 	 6.70805e-16
0.68 	 -1.88213e-15
0.69 	 2.11274e-15
0.7 	 -7.40164e-16
0.71 	 1.00771e-15
0.72 	 8.59399e-17
0.73 	 -6.77447e-16
0.74 	 1.54578e-15
0.75 	 -8.26642e-17
0.76 	 5.74188e-18
0.77 	 -2.57656e-16
0.78 	 3.64847e-16
0.79 	 9.19182e-16
0.8 	 -8.85916e-16
0.81 	 5.75364e-16
0.82 	 -1.02567e-15
0.83 	 -5.31031e-16
0.84 	 -4.85105e-16
0.85 	 -8.53875e-16
0.86 	 8.1401e-16
0.87 	 -1.97096e-15
0.88 	 1.14603e-15
0.89 	 -2.13718e-15
0.9 	 1.50546e-15
0.91 	 -5.60569e-16
0.92 	 -1.08853e-16
0.93 	 8.75174e-16
0.94 	 -2.52895e-16
0.95 	 9.85407e-16
0.96 	 -3.61281e-16
0.97 	 2.54733e-16
0.98 	 1.32348e-15
0.99 	 -5.98216e-16
1 	 1.21252e-15
1.01 	 -9.0582e-16
1.02 	 1.41096e-15
1.03 	 -4.62501e-16
1.04 	 4.00282e-16
1.05 	 9.81858e-16
1.06 	 -1.52082e-15
1.07 	 9.82637e-17
1.08 	 -3.40917e-17
1.09 	 -2.6322e-16
1.1 	 -7.71096e-17
1.11 	 -1.11351e-15
1.12 	 7.51538e-16
1.13 	 -1.59569e-16
1.14 	 -5.6058e-16
1.15 	 4.41898e-16
1.16 	 -1.30767e-15
1.17 	 4.00251e-16
1.18 	 -1.4832e-15
1.19 	 4.21293e-16
1.2 	 7.79249e-16
1.21 	 -1.59198e-16
1.22 	 1.5228e-15
1.23 	 -3.78948e-17
1.24 	 6.62345e-16
1.25 	 -1.04106e-17
1.26 	 6.8886e-16
1.27 	 1.18868e-15
1.28 	 7.51093e-17
1.29 	 4.05362e-16
1.3 	 1.25459e-15
1.31 	 1.24885e-16
1.32 	 8.12687e-16
1.33 	 -8.72037e-16
1.34 	 7.64417e-16
1.35 	 -6.23802e-16
1.36 	 -5.96499e-16
1.37 	 -6.94732e-16
1.38 	 -9.44296e-16
1.39 	 -4.66052e-16
1.4 	 -6.9551e-16
1.41 	 -2.15612e-15
1.42 	 6.63675e-16
1.43 	 -2.4464e-15
1.44 	 -4.42668e-16
1.45 	 -3.57639e-16
1.46 	 -1.16429e-15
1.47 	 4.96537e-16
1.48 	 -3.52874e-16
1.49 	 -7.97607e-16
1.5 	 9.25803e-16
1.51 	 -8.60792e-16
1.52 	 1.11866e-15
1.53 	 9.32073e-16
1.54 	 -8.70508e-16
1.55 	 1.74446e-15
1.56 	 -7.18503e-17
1.57 	 1.74105e-15
1.58 	 5.26808e-16
1.59 	 1.43409e-16
1.6 	 8.81289e-16
1.61 	 -4.55441e-16
1.62 	 -2.60199e-16
1.63 	 -3.17483e-16
1.64 	 2.41464e-16
1.65 	 3.52029e-16
1.66 	 5.38944e-16
1.67 	 2.90605e-16
1.68 	 -1.70978e-16
1.69 	 1.88501e-16
1.7 	 -5.19904e-16
1.71 	 1.70412e-15
1.72 	 -1.28586e-15
1.73 	 5.10214e-16
1.74 	 -3.65679e-16
1.75 	 -1.55909e-16
1.76 	 6.77084e-16
1.77 	 -3.61586e-16
1.78 	 -7.88811e-16
1.79 	 4.84629e-16
1.8 	 -3.83818e-16
1.81 	 -1.49076e-16
1.82 	 8.17894e-16
1.83 	 -7.42575e-16
1.84 	 1.95858e-15
1.85 	 2.19337e-16
1.86 	 -1.78441e-16
1.87 	 4.53415e-16
1.88 	 1.20439e-16
1.89 	 -5.61944e-16
1.9 	 1.11082e-16
1.91 	 -8.36423e-16
1.92 	 -4.95308e-17
1.93 	 5.57105e-16
1.94 	 -1.50406e-15
1.95 	 6.22878e-16
1.96 	 1.10922e-17
1.97 	 -4.30838e-16
1.98 	 6.28445e-16
1.99 	 -2.19899e-16
2 	 2.28323e-16
2.01 	 -1.45906e-16
2.02 	 -6.65868e-17
2.03 	 -7.18202e-16
2.04 	 9.21227e-16
2.05 	 -1.03462e-15
2.06 	 1.22263e-15
2.07 	 3.95788e-16
2.08 	 5.85246e-16
2.09 	 9.59822e-16
2.1 	 -1.46237e-15
2.11 	 9.85908e-16
2.12 	 -3.24112e-18
2.13 	 7.17335e-16
2.14 	 -9.59659e-16
2.15 	 2.76083e-16
2.16 	 -3.92861e-16
2.17 	 -1.1888e-15
2.18 	 2.91287e-15
2.19 	 -2.74817e-15
2.2 	 1.52513e-15
2.21 	 6.16823e-17
2.22 	 -9.89084e-16
2.23 	 5.32528e-16
2.24 	 -5.93e-16
2.25 	 5.54888e-17
2.26 	 2.5939e-17
2.27 	 8.07864e-16
2.28 	 -9.28231e-16
2.29 	 1.43684e-15
2.3 	 7.35678e-16
2.31 	 5.85282e-17
2.32 	 4.76051e-16
2.33 	 -1.08854e-15
2.34 	 -2.42171e-16
2.35 	 1.80283e-15
2.36 	 -1.53659e-15
2.37 	 2.74964e-16
2.38 	 4.24781e-16
2.39 	 -1.04119e-15
2.4 	 -2.74473e-16
2.41 	 1.53518e-16
2.42 	 -1.1218e-15
2.43 	 6.52202e-16
2.44 	 4.05883e-16
2.45 	 -8.96879e-16
2.46 	 7.82225e-16
2.47 	 1.49381e-15
2.48 	 -1.44543e-15
2.49 	 2.18568e-15
2.5 	 4.50839e-16
2.51 	 -1.19559e-15
2.52 	 1.89299e-15
2.53 	 4.21412e-16
2.54 	 1.94453e-16
2.55 	 1.79635e-15
2.56 	 2.00027e-16
2.57 	 7.24291e-16
2.58 	 1.20186e-15
2.59 	 -2.87905e-16
2.6 	 4.29487e-17
2.61 	 -4.94458e-16
2.62 	 4.97695e-16
2.63 	 -1.23122e-15
2.64 	 -1.31867e-17
2.65 	 -4.46119e-16
2.66 	 -8.66622e-16
2.67 	 1.21447e-15
2.68 	 -1.44935e-15
2.69 	 -5.9175e-16
2.7 	 5.12456e-18
2.71 	 -9.71039e-16
2.72 	 1.01932e-16
2.73 	 -8.86575e-16
2.74 	 -4.75291e-16
2.75 	 -1.73144e-16
2.76 	 -2.01997e-16
2.77 	 -2.64713e-16
2.78 	 3.89927e-16
2.79 	 -4.16635e-16
2.8 	 -5.01279e-16
2.81 	 -2.77009e-17
2.82 	 4.46314e-16
2.83 	 7.01655e-16
2.84 	 6.51127e-16
2.85 	 -3.30874e-18
2.86 	 -1.16937e-15
2.87 	 8.23692e-16
2.88 	 -1.93694e-16
2.89 	 -9.59923e-16
2.9 	 1.36347e-15
2.91 	 -8.28153e-16
2.92 	 -1.25709e-15
2.93 	 1.47441e-15
2.94 	 -1.25606e-15
2.95 	 -2.01056e-16
2.96 	 5.73185e-16
2.97 	 8.39125e-18
2.98 	 1.66666e-16
2.99 	 1.80425e-16
3 	 9.7162e-16
3.01 	 -1.35739e-15
3.02 	 -3.96776e-16
3.03 	 1.13006e-15
3.04 	 -1.8376e-16
3.05 	 6.05154e-16
3.06 	 -8.32268e-16
3.07 	 6.10879e-16
3.08 	 2.07295e-16
3.09 	 5.67758e-16
3.1 	 -9.59423e-16
3.11 	 -2.03698e-16
3.12 	 1.57403e-18
3.13 	 -7.67479e-16
3.14 	 -3.9846e-16
3.15 	 -2.72005e-16
3.16 	 -1.14654e-15
3.17 	 -8.78325e-16
3.18 	 -5.35852e-17
3.19 	 1.64073e-17
3.2 	 -3.0258e-16
3.21 	 -8.02374e-16
3.22 	 1.9526e-16
3.23 	 8.02793e-17
3.24 	 -8.72305e-16
3.25 	 5.27239e-16
3.26 	 -2.0515e-16
3.27 	 -1.02566e-15
3.28 	 7.89948e-16
3.29 	 -6.17581e-16
3.3 	 1.93682e-16
3.31 	 9.10482e-16
3.32 	 -2.88541e-16
3.33 	 2.0938e-16
3.34 	 -2.06129e-16
3.35 	 -7.78935e-16
3.36 	 5.89873e-16
3.37 	 -5.84373e-16
3.38 	 -7.78737e-17
3.39 	 8.30653e-16
3.4 	 -6.00506e-16
3.41 	 5.0226e-16
3.42 	 1.36604e-16
3.43 	 4.97687e-16
3.44 	 6.69112e-16
3.45 	 -3.42027e-17
3.46 	 -5.65015e-16
3.47 	 1.37491e-15
3.48 	 -2.79989e-16
3.49 	 1.58691e-15
3.5 	 9.03858e-16
3.51 	 -3.11536e-16
3.52 	 6.3471e-16
3.53 	 9.37736e-16
3.54 	 -6.94282e-16
3.55 	 2.86666e-18
3.56 	 1.56309e-16
3.57 	 2.39107e-16
3.58 	 -8.65938e-16
3.59 	 -2.77698e-16
3.6 	 -6.79404e-16
3.61 	 -2.37381e-17
3.62 	 -2.38017e-16
3.63 	 -6.82323e-16
3.64 	 -1.73352e-16
3.65 	 -7.94182e-16
3.66 	 -1.14468e-15
3.67 	 -1.92436e-16
3.68 	 -3.23678e-16
3.69 	 1.76196e-16
3.7 	 4.49135e-17
3.71 	 -1.48184e-15
3.72 	 5.76827e-16
3.73 	 1.05401e-15
3.74 	 5.93947e-16
3.75 	 -5.9822e-16
3.76 	 8.24796e-16
3.77 	 1.8424e-16
3.78 	 6.34014e-16
3.79 	 4.00046e-16
3.8 	 5.78053e-16
3.81 	 1.44215e-15
3.82 	 -2.26084e-16
3.83 	 -3.86063e-16
3.84 	 -4.65815e-17
3.85 	 1.04292e-16
3.86 	 2.22052e-16
3.87 	 5.23076e-16
3.88 	 -4.28757e-16
3.89 	 -9.04143e-17
3.9 	 -4.29403e-16
3.91 	 6.83015e-16
3.92 	 1.36367e-16
3.93 	 6.6499e-16
3.94 	 -2.01421e-15
3.95 	 -1.60524e-16
3.96 	 5.42008e-16
3.97 	 -1.29456e-15
3.98 	 -1.48104e-16
3.99 	 2.09281e-15
4 	 4.3663e-16
4.01 	 -3.7248e-16
4.02 	 -2.83194e-16
4.03 	 6.96136e-16
4.04 	 7.25517e-16
4.05 	 2.90206e-16
4.06 	 -1.99048e-15
4.07 	 6.06717e-16
4.08 	 9.90332e-16
4.09 	 -1.07175e-15
4.1 	 -1.23564e-16
4.11 	 1.25116e-15
4.12 	 -7.1348e-16
4.13 	 -1.16884e-15
4.14 	 2.26487e-16
4.15 	 -1.12431e-15
4.16 	 8.06395e-16
4.17 	 3.55092e-16
4.18 	 -8.88924e-16
4.19 	 5.52662e-16
4.2 	 8.50152e-16
4.21 	 -3.28832e-16
4.22 	 1.81513e-17
4.23 	 6.51427e-16
4.24 	 8.30488e-17
4.25 	 4.66564e-16
4.26 	 4.9838e-16
4.27 	 -6.63791e-16
4.28 	 1.47101e-16
4.29 	 1.04866e-15
4.3 	 -1.89055e-16
4.31 	 1.38246e-16
4.32 	 6.9427e-16
4.33 	 6.19964e-16
4.34 	 -1.04016e-15
4.35 	 -6.5788e-16
4.36 	 4.70787e-16
4.37 	 -2.54031e-16
4.38 	 -1.08834e-15
4.39 	 -4.9112e-16
4.4 	 6.87851e-16
4.41 	 4.3959e-16
4.42 	 -3.04864e-16
4.43 	 -5.50494e-16
4.44 	 -8.3037e-16
4.45 	 1.29182e-15
4.46 	 6.05755e-16
4.47 	 -2.06831e-15
4.48 	 -5.10063e-16
4.49 	 1.75013e-15
4.5 	 1.23153e-16
4.51 	 -1.04136e-15
4.52 	 3.52021e-16
4.53 	 1.09489e-15
4.54 	 -3.35178e-16
4.55 	 6.96415e-16
4.56 	 4.40256e-17
4.57 	 2.11228e-16
4.58 	 8.9116e-16
4.59 	 1.23315e-16
4.6 	 3.89339e-16
4.61 	 7.05238e-16
4.62 	 6.70449e-16
4.63 	 4.80711e-16
4.64 	 2.71529e-16
4.65 	 3.19563e-16
4.66 	 -5.82059e-16
4.67 	 6.82092e-16
4.68 	 7.63209e-16
4.69 	 -7.20493e-16
4.7 	 -3.01332e-16
4.71 	 -1.16622e-15
4.72 	 -4.98725e-16
4.73 	 9.7401e-16
4.74 	 -3.7776e-16
4.75 	 -1.95677e-15
4.76 	 7.30808e-16
4.77 	 9.43355e-16
4.78 	 -8.96077e-16
4.79 	 -1.33549e-15
4.8 	 5.07425e-16
4.81 	 7.26021e-16
4.82 	 -3.53184e-16
4.83 	 6.81898e-17
4.84 	 -8.28758e-16
4.85 	 -4.50315e-16
4.86 	 1.71327e-15
4.87 	 1.85615e-15
4.88 	 -1.16555e-15
4.89 	 -4.67287e-16
4.9 	 3.06401e-15
4.91 	 2.27563e-15
4.92 	 -1.83593e-15
4.93 	 -1.3806e-15
4.94 	 1.88047e-15
4.95 	 6.67626e-16
4.96 	 -1.22118e-15
4.97 	 2.21736e-16
4.98 	 -1.53481e-16
4.99 	 -3.75235e-16
5 	 0.0013234
5.01 	 0.00174315
5.02 	 0.00154353
5.03 	 8.07341e-05
5.04 	 -0.00172317
5.05 	 -0.00363461
5.06 	 -0.0053949
5.07 	 -0.00674941
5.08 	 -0.00747707
5.09 	 -0.00741707
5.1 	 -0.00648971
5.11 	 -0.00470917
5.12 	 -0.00218655
5.13 	 0.000877477
5.14 	 0.0042098
5.15 	 0.00749039
5.16 	 0.0103838
5.17 	 0.0125736
5.18 	 0.013796
5.19 	 0.0138697
5.2 	 0.0127187
5.21 	 0.0103844
5.22 	 0.00702737
5.23 	 0.00291684
5.24 	 -0.00159134
5.25 	 -0.00608587
5.26 	 -0.0101379
5.27 	 -0.013342
5.28 	 -0.0153566
5.29 	 -0.0159393
5.3 	 -0.0149741
5.31 	 -0.0124873
5.32 	 -0.00864986
5.33 	 -0.00376708
5.34 	 0.00174608
5.35 	 0.00739995
5.36 	 0.0126736
5.37 	 0.0170621
5.38 	 0.0201242
5.39 	 0.0215246
5.4 	 0.0210678
5.41 	 0.01872
5.42 	 0.014616
5.43 	 0.0090512
5.44 	 0.00245842
5.45 	 -0.00462819
5.46 	 -0.0116192
5.47 	 -0.017922
5.48 	 -0.0229933
5.49 	 -0.0263889
5.5 	 -0.027804
5.51 	 -0.0271022
5.52 	 -0.0243291
5.53 	 -0.0197093
5.54 	 -0.0136281
5.55 	 -0.00659709
5.56 	 0.000790097
5.57 	 0.00791104
5.58 	 0.0141697
5.59 	 0.0190494
5.6 	 0.0221588
5.61 	 0.0232658
5.62 	 0.0223175
5.63 	 0.0194435
5.64 	 0.0149425
5.65 	 0.0092535
5.66 	 0.00291446
5.67 	 -0.00348771
5.68 	 -0.00937125
5.69 	 -0.0142126
5.7 	 -0.0175934
5.71 	 -0.0192372
5.72 	 -0.0190324
5.73 	 -0.0170395
5.74 	 -0.013482
5.75 	 -0.00872276
5.76 	 -0.00322644
5.77 	 0.00248589
5.78 	 0.00788729
5.79 	 0.012495
5.8 	 0.0159151
5.81 	 0.0178779
5.82 	 0.0182605
5.83 	 0.0170944
5.84 	 0.0145579
5.85 	 0.0109545
5.86 	 0.00667853
5.87 	 0.00217332
5.88 	 -0.00211523
5.89 	 -0.00578412
5.9 	 -0.00851344
5.91 	 -0.0100971
5.92 	 -0.0104614
5.93 	 -0.00966867
5.94 	 -0.0079073
5.95 	 -0.00546784
5.96 	 -0.00270853
5.97 	 -1.38211e-05
5.98 	 0.0022498
5.99 	 0.00377579
6 	 0.00435303
6.01 	 0.00389078
6.02 	 0.00243044
6.03 	 0.000142682
6.04 	 -0.00268988
6.05 	 -0.00570293
6.06 	 -0.00849037
6.07 	 -0.0106501
6.08 	 -0.0118303
6.09 	 -0.0117721
6.1 	 -0.0103434
6.11 	 -0.00755924
6.12 	 -0.00358854
6.13 	 0.00125696
6.14 	 0.00654862
6.15 	 0.0117806
6.16 	 0.0164192
6.17 	 0.0199577
6.18 	 0.0219699
6.19 	 0.0221586
6.2 	 0.0203922
6.21 	 0.0167264
6.22 	 0.0114078
6.23 	 0.00485858
6.24 	 -0.00235744
6.25 	 -0.00958351
6.26 	 -0.0161303
6.27 	 -0.0213418
6.28 	 -0.02466
6.29 	 -0.0256833
6.3 	 -0.0242113
6.31 	 -0.0202721
6.32 	 -0.0141287
6.33 	 -0.0062626
6.34 	 0.00266277
6.35 	 0.0118583
6.36 	 0.0204785
6.37 	 0.027698
6.38 	 0.0327893
6.39 	 0.0351924
6.4 	 0.034572
6.41 	 0.0308545
6.42 	 0.0242421
6.43 	 0.0152016
6.44 	 0.00442895
6.45 	 -0.00720847
6.46 	 -0.0187459
6.47 	 -0.0292058
6.48 	 -0.0376854
6.49 	 -0.0434383
6.5 	 -0.0459433
6.51 	 -0.0449541
6.52 	 -0.0405239
6.53 	 -0.0330042
6.54 	 -0.0230154
6.55 	 -0.0113939
6.56 	 0.000881502
6.57 	 0.012776
6.58 	 0.0232908
6.59 	 0.0315522
6.6 	 0.0368894
6.61 	 0.0388936
6.62 	 0.0374538
6.63 	 0.0327651
6.64 	 0.025309
6.65 	 0.0158074
6.66 	 0.00515572
6.67 	 -0.00566096
6.68 	 -0.015658
6.69 	 -0.0239413
6.7 	 -0.0297882
6.71 	 -0.0327113
6.72 	 -0.0324998
6.73 	 -0.0292349
6.74 	 -0.0232773
6.75 	 -0.0152283
6.76 	 -0.00586966
6.77 	 0.00391377
6.78 	 0.0132193
6.79 	 0.0212124
6.8 	 0.0272043
6.81 	 0.0307147
6.82 	 0.0315128
6.83 	 0.0296329
6.84 	 0.0253644
6.85 	 0.0192165
6.86 	 0.0118612
6.87 	 0.00406183
6.88 	 -0.00340681
6.89 	 -0.00983775
6.9 	 -0.0146629
6.91 	 -0.0175086
6.92 	 -0.0182297
6.93 	 -0.0169195
6.94 	 -0.013894
6.95 	 -0.00965231
6.96 	 -0.0048182
6.97 	 -6.76914e-05
6.98 	 0.00394839
6.99 	 0.00667944
7 	 0.00773917
7.01 	 0.00695204
7.02 	 0.00437667
7.03 	 0.000303463
7.04 	 -0.00477376
7.05 	 -0.0102095
7.06 	 -0.0152766
7.07 	 -0.0192475
7.08 	 -0.0214781
7.09 	 -0.0214853
7.1 	 -0.01901
7.11 	 -0.0140583
7.12 	 -0.00691457
7.13 	 0.00187302
7.14 	 0.0115376
7.15 	 0.021163
7.16 	 0.0297722
7.17 	 0.0364265
7.18 	 0.0403254
7.19 	 0.0408961
7.2 	 0.0378652
7.21 	 0.0313017
7.22 	 0.021629
7.23 	 0.0096003
7.24 	 -0.0037592
7.25 	 -0.0172397
7.26 	 -0.0295568
7.27 	 -0.039473
7.28 	 -0.0459201
7.29 	 -0.0481105
7.3 	 -0.0456252
7.31 	 -0.0384707
7.32 	 -0.0270962
7.33 	 -0.0123704
7.34 	 0.0044837
7.35 	 0.0219891
7.36 	 0.0385433
7.37 	 0.0525624
7.38 	 0.0626295
7.39 	 0.0676307
7.4 	 0.0668689
7.41 	 0.0601411
7.42 	 0.0477732
7.43 	 0.0306061
7.44 	 0.00993499
7.45 	 -0.0125955
7.46 	 -0.0351298
7.47 	 -0.0557632
7.48 	 -0.072711
7.49 	 -0.0844708
7.5 	 -0.0899616
7.51 	 -0.0886276
7.52 	 -0.0804961
7.53 	 -0.0661831
7.54 	 -0.0468457
7.55 	 -0.0240856
7.56 	 0.000189685
7.57 	 0.0239341
7.58 	 0.0451446
7.59 	 0.0620395
7.6 	 0.073219
7.61 	 0.0777905
7.62 	 0.0754492
7.63 	 0.0665048
7.64 	 0.0518525
7.65 	 0.0328902
7.66 	 0.0113897
7.67 	 -0.0106664
7.68 	 -0.0312663
7.69 	 -0.0485534
7.7 	 -0.0609951
7.71 	 -0.067521
7.72 	 -0.0676165
7.73 	 -0.0613654
7.74 	 -0.0494342
7.75 	 -0.033003
7.76 	 -0.0136484
7.77 	 0.00681056
7.78 	 0.0264877
7.79 	 0.0436091
7.8 	 0.0566802
7.81 	 0.0646239
7.82 	 0.0668755
7.83 	 0.0634275
7.84 	 0.0548185
7.85 	 0.0420681
7.86 	 0.0265648
7.87 	 0.00991888
7.88 	 -0.00620603
7.89 	 -0.0202641
7.9 	 -0.0309846
7.91 	 -0.0374989
7.92 	 -0.0394243
7.93 	 -0.0368958
7.94 	 -0.030543
7.95 	 -0.0214132
7.96 	 -0.0108502
7.97 	 -0.000340457
7.98 	 0.0086575
7.99 	 0.0148818
8 	 0.017416
8.01 	 0.0158021
8.02 	 0.0101038
8.03 	 0.000913971
8.04 	 -0.010698
8.05 	 -0.0232929
8.06 	 -0.0352141
8.07 	 -0.044769
8.08 	 -0.0504225
8.09 	 -0.0509812
8.1 	 -0.0457484
8.11 	 -0.0346326
8.12 	 -0.0181952
8.13 	 0.00236878
8.14 	 0.0253195
8.15 	 0.0485231
8.16 	 0.0696522
8.17 	 0.0864179
8.18 	 0.0968098
8.19 	 0.0993207
8.2 	 0.0931324
8.21 	 0.0782407
8.22 	 0.0555056
8.23 	 0.0266172
8.24 	 -0.00602364
8.25 	 -0.0395008
8.26 	 -0.0706401
8.27 	 -0.0963045
8.28 	 -0.113701
8.29 	 -0.120672
8.3 	 -0.115932
8.31 	 -0.0992421
8.32 	 -0.071486
8.33 	 -0.0346422
8.34 	 0.008346
8.35 	 0.0538
8.36 	 0.0976146
8.37 	 0.13562
8.38 	 0.163967
8.39 	 0.179493
8.4 	 0.180049
8.41 	 0.164735
8.42 	 0.134035
8.43 	 0.0898302
8.44 	 0.0352792
8.45 	 -0.025416
8.46 	 -0.0873534
8.47 	 -0.145346
8.48 	 -0.194377
8.49 	 -0.230053
8.5 	 -0.249013
8.51 	 -0.249257
8.52 	 -0.230358
8.53 	 -0.193539
8.54 	 -0.141599
8.55 	 -0.0787006
8.56 	 -0.0100249
8.57 	 0.0586714
8.58 	 0.121558
8.59 	 0.173251
8.6 	 0.209297
8.61 	 0.22659
8.62 	 0.223657
8.63 	 0.200816
8.64 	 0.160156
8.65 	 0.105373
8.66 	 0.0414397
8.67 	 -0.025834
8.68 	 -0.0903242
8.69 	 -0.146151
8.7 	 -0.18822
8.71 	 -0.212688
8.72 	 -0.217325
8.73 	 -0.201721
8.74 	 -0.167327
8.75 	 -0.11732
8.76 	 -0.0563062
8.77 	 0.0101129
8.78 	 0.0758687
8.79 	 0.135002
8.8 	 0.182226
8.81 	 0.213433
8.82 	 0.226076
8.83 	 0.219413
8.84 	 0.194559
8.85 	 0.154369
8.86 	 0.103135
8.87 	 0.0461489
8.88 	 -0.0108434
8.89 	 -0.062235
8.9 	 -0.103138
8.91 	 -0.129896
8.92 	 -0.140464
8.93 	 -0.134636
8.94 	 -0.114064
8.95 	 -0.0820893
8.96 	 -0.043385
8.97 	 -0.00344222
8.98 	 0.0320424
8.99 	 0.0578221
9 	 0.0697269
9.01 	 0.0651956
9.02 	 0.0436508
9.03 	 0.00667048
9.04 	 -0.0420706
9.05 	 -0.0970963
9.06 	 -0.15164
9.07 	 -0.198331
9.08 	 -0.229988
9.09 	 -0.240446
9.1 	 -0.225337
9.11 	 -0.182721
9.12 	 -0.113515
9.13 	 -0.0216446
9.14 	 0.086109
9.15 	 0.200571
9.16 	 0.31092
9.17 	 0.405671
9.18 	 0.473791
9.19 	 0.505872
9.2 	 0.495229
9.21 	 0.438815
9.22 	 0.337845
9.23 	 0.198055
9.24 	 0.0295331
9.25 	 -0.153882
9.26 	 -0.335623
9.27 	 -0.497753
9.28 	 -0.622573
9.29 	 -0.694329
9.3 	 -0.700877
9.31 	 -0.635139
9.32 	 -0.496203
9.33 	 -0.28993
9.34 	 -0.0289929
9.35 	 0.267718
9.36 	 0.576299
9.37 	 0.869589
9.38 	 1.11935
9.39 	 1.29873
9.4 	 1.38474
9.41 	 1.36065
9.42 	 1.21792
9.43 	 0.95763
9.44 	 0.591105
9.45 	 0.139733
9.46 	 -0.36613
9.47 	 -0.889105
9.48 	 -1.38748
9.49 	 -1.81847
9.5 	 -2.14178
9.51 	 -2.32323
9.52 	 -2.33805
9.53 	 -2.17374
9.54 	 -1.83187
9.55 	 -1.32908
9.56 	 -0.696633
9.57 	 0.0210793
9.58 	 0.769353
9.59 	 1.48697
9.6 	 2.11078
9.61 	 2.5808
9.62 	 2.84533
9.63 	 2.86573
9.64 	 2.62052
9.65 	 2.10831
9.66 	 1.34933
9.67 	 0.385344
9.68 	 -0.722151
9.69 	 -1.89534
9.7 	 -3.04503
9.71 	 -4.07676
9.72 	 -4.89766
9.73 	 -5.4236
9.74 	 -5.58611
9.75 	 -5.33846
9.76 	 -4.66054
9.77 	 -3.56193
9.78 	 -2.08304
9.79 	 -0.293979
9.8 	 1.70872
9.81 	 3.80746
9.82 	 5.87074
9.83 	 7.76149
9.84 	 9.34631
9.85 	 10.5047
9.86 	 11.1377
9.87 	 11.1756
9.88 	 10.5838
9.89 	 9.36587
9.9 	 7.56529
9.91 	 5.26342
9.92 	 2.57543
9.93 	 -0.356259
9.94 	 -3.37056
9.95 	 -6.29762
9.96 	 -8.96948
9.97 	 -11.2308
9.98 	 -12.949
9.99 	 -14.0224
10 	 -14.3874
10.01 	 -14.0224
10.02 	 -12.949
10.03 	 -11.2308
10.04 	 -8.96948
10.05 	 -6.29762
10.06 	 -3.37056
10.07 	 -0.356259
10.08 	 2.57543
10.09 	 5.26342
10.1 	 7.56529
10.11 	 9.36587
10.12 	 10.5838
10.13 	 11.1756
10.14 	 11.1377
10.15 	 10.5047
10.16 	 9.34631
10.17 	 7.76149
10.18 	 5.87074
10.19 	 3.80746
10.2 	 1.70872
10.21 	 -0.293979
10.22 	 -2.08304
10.23 	 -3.56193
10.24 	 -4.66054
10.25 	 -5.33846
10.26 	 -5.58611
10.27 	 -5.4236
10.28 	 -4.89766
10.29 	 -4.07676
10.3 	 -3.04503
10.31 	 -1.89534
10.32 	 -0.722151
10.33 	 0.385344
10.34 	 1.34933
10.35 	 2.10831
10.36 	 2.62052
10.37 	 2.86573
10.38 	 2.84533
10.39 	 2.5808
10.4 	 2.11078
10.41 	 1.48697
10.42 	 0.769353
10.43 	 0.0210793
10.44 	 -0.696633
10.45 	 -1.32908
10.46 	 -1.83187
10.47 	 -2.17374
10.48 	 -2.33805
10.49 	 -2.32323
10.5 	 -2.14178
10.51 	 -1.81847
10.52 	 -1.38748
10.53 	 -0.889105
10.54 	 -0.36613
10.55 	 0.139733
10.56 	 0.591105
10.57 	 0.95763
10.58 	 1.21792
10.59 	 1.36065
10.6 	 1.38474
10.61 	 1.29873
10.62 	 1.11935
10.63 	 0.869589
10.64 	 0.576299
10.65 	 0.267718
10.66 	 -0.0289929
10.67 	 -0.28993
10.68 	 -0.496203
10.69 	 -0.635139
10.7 	 -0.700877
10.71 	 -0.694329
10.72 	 -0.622573
10.73 	 -0.497753
10.74 	 -0.335623
10.75 	 -0.153882
10.76 	 0.0295331
10.77 	 0.198055
10.78 	 0.337845
10.79 	 0.438815
10.8 	 0.495229
10.81 	 0.505872
10.82 	 0.473791
10.83 	 0.405671
10.84 	 0.31092
10.85 	 0.200571
10.86 	 0.086109
10.87 	 -0.0216446
10.88 	 -0.113515
10.89 	 -0.182721
10.9 	 -0.225337
10.91 	 -0.240446
10.92 	 -0.229988
10.93 	 -0.198331
10.94 	 -0.15164
10.95 	 -0.0970963
10.96 	 -0.0420706
10.97 	 0.00667048
10.98 	 0.0436508
10.99 	 0.0651956
11 	 0.0697269
11.01 	 0.0578221
11.02 	 0.0320424
11.03 	 -0.00344222
11.04 	 -0.043385
11.05 	 -0.0820893
11.06 	 -0.114064
11.07 	 -0.134636
11.08 	 -0.140464
11.09 	 -0.129896
11.1 	 -0.103138
11.11 	 -0.062235
11.12 	 -0.0108434
11.13 	 0.0461489
11.14 	 0.103135
11.15 	 0.154369
11.16 	 0.194559
11.17 	 0.219413
11.18 	 0.226076
11.19 	 0.213433
11.2 	 0.182226
11.21 	 0.135002
11.22 	 0.0758687
11.23 	 0.0101129
11.24 	 -0.0563062
11.25 	 -0.11732
11.26 	 -0.167327
11.27 	 -0.201721
11.28 	 -0.217325
11.29 	 -0.212688
11.3 	 -0.18822
11.31 	 -0.146151
11.32 	 -0.0903242
11.33 	 -0.025834
11.34 	 0.0414397
11.35 	 0.105373
11.36 	 0.160157
11.37 	 0.200816
11.38 	 0.223657
11.39 	 0.22659
11.4 	 0.209297
11.41 	 0.173251
11.42 	 0.121558
11.43 	 0.0586714
11.44 	 -0.0100249
11.45 	 -0.0787006
11.46 	 -0.141599
11.47 	 -0.193539
11.48 	 -0.230358
11.49 	 -0.249257
11.5 	 -0.249013
11.51 	 -0.230053
11.52 	 -0.194377
11.53 	 -0.145346
11.54 	 -0.0873534
11.55 	 -0.025416
11.56 	 0.0352792
11.57 	 0.0898302
11.58 	 0.134035
11.59 	 0.164735
11.6 	 0.180049
11.61 	 0.179493
11.62 	 0.163967
11.63 	 0.13562
11.64 	 0.0976146
11.65 	 0.0538
11.66 	 0.008346
11.67 	 -0.0346422
11.68 	 -0.071486
11.69 	 -0.0992421
11.7 	 -0.115932
11.71 	 -0.120672
11.72 	 -0.113701
11.73 	 -0.0963045
11.74 	 -0.0706401
11.75 	 -0.0395008
11.76 	 -0.00602364
11.77 	 0.0266172
11.78 	 0.0555056
11.79 	 0.0782407
11.8 	 0.0931324
11.81 	 0.0993207
11.82 	 0.0968098
11.83 	 0.0864179
11.84 	 0.0696522
11.85 	 0.0485231
11.86 	 0.0253195
11.87 	 0.00236878
11.88 	 -0.0181952
11.89 	 -0.0346326
11.9 	 -0.0457484
11.91 	 -0.0509812
11.92 	 -0.0504225
11.93 	 -0.044769
11.94 	 -0.0352141
11.95 	 -0.0232929
11.96 	 -0.010698
11.97 	 0.000913971
11.98 	 0.0101038
11.99 	 0.0158021
12 	 0.017416
12.01 	 0.0148818
12.02 	 0.0086575
12.03 	 -0.000340457
12.04 	 -0.0108502
12.05 	 -0.0214132
12.06 	 -0.030543
12.07 	 -0.0368958
12.08 	 -0.0394243
12.09 	 -0.0374989
12.1 	 -0.0309846
12.11 	 -0.0202641
12.12 	 -0.00620603
12.13 	 0.00991888
12.14 	 0.0265648
12.15 	 0.0420681
12.16 	 0.0548185
12.17 	 0.0634275
12.18 	 0.0668755
12.19 	 0.0646239
12.2 	 0.0566802
12.21 	 0.0436091
12.22 	 0.0264877
12.23 	 0.00681056
12.24 	 -0.0136484
12.25 	 -0.033003
12.26 	 -0.0494342
12.27 	 -0.0613654
12.28 	 -0.0676165
12.29 	 -0.067521
12.3 	 -0.0609951
12.31 	 -0.0485534
12.32 	 -0.0312663
12.33 	 -0.0106664
12.34 	 0.0113897
12.35 	 0.0328902
12.36 	 0.0518525
12.37 	 0.0665048
12.38 	 0.0754492
12.39 	 0.0777905
12.4 	 0.073219
12.41 	 0.0620395
12.42 	 0.0451446
12.43 	 0.0239341
12.44 	 0.000189685
12.45 	 -0.0240856
12.46 	 -0.0468457
12.47 	 -0.0661831
12.48 	 -0.0804961
12.49 	 -0.0886276
12.5 	 -0.0899616
12.51 	 -0.0844708
12.52 	 -0.072711
12.53 	 -0.0557632
12.54 	 -0.0351298
12.55 	 -0.0125955
12.56 	 0.00993499
12.57 	 0.0306061
12.58 	 0.0477732
12.59 	 0.0601411
12.6 	 0.0668689
12.61 	 0.0676307
12.62 	 0.0626295
12.63 	 0.0525624
12.64 	 0.0385433
12.65 	 0.0219891
12.66 	 0.0044837
12.67 	 -0.0123704
12.68 	 -0.0270962
12.69 	 -0.0384707
12.7 	 -0.0456252
12.71 	 -0.0481105
12.72 	 -0.0459201
12.73 	 -0.039473
12.74 	 -0.0295568
12.75 	 -0.0172397
12.76 	 -0.0037592
12.77 	 0.0096003
12.78 	 0.021629
12.79 	 0.0313017
12.8 	 0.0378652
12.81 	 0.0408961
12.82 	 0.0403254
12.83 	 0.0364265
12.84 	 0.0297722
12.85 	 0.021163
12.86 	 0.0115376
12.87 	 0.00187302
12.88 	 -0.00691457
12.89 	 -0.0140583
12.9 	 -0.01901
12.91 	 -0.0214853
12.92 	 -0.0214781
12.93 	 -0.0192475
12.94 	 -0.0152766
12.95 	 -0.0102095
12.96 	 -0.00477376
12.97 	 0.000303463
12.98 	 0.00437667
12.99 	 0.00695204
13 	 0.00773917
13.01 	 0.00667944
13.02 	 0.00394839
13.03 	 -6.76914e-05
13.04 	 -0.0048182
13.05 	 -0.00965231
13.06 	 -0.013894
13.07 	 -0.0169195
13.08 	 -0.0182297
13.09 	 -0.0175086
13.1 	 -0.0146629
13.11 	 -0.00983775
13.12 	 -0.00340681
13.13 	 0.00406183
13.14 	 0.0118612
13.15 	 0.0192165
13.16 	 0.0253644
13.17 	 0.0296329
13.18 	 0.0315128
13.19 	 0.0307147
13.2 	 0.0272043
13.21 	 0.0212124
13.22 	 0.0132193
13.23 	 0.00391377
13.24 	 -0.00586966
13.25 	 -0.0152283
13.26 	 -0.0232773
13.27 	 -0.0292349
13.28 	 -0.0324998
13.29 	 -0.0327113
13.3 	 -0.0297882
13.31 	 -0.0239413
13.32 	 -0.015658
13.33 	 -0.00566096
13.34 	 0.00515572
13.35 	 0.0158074
13.36 	 0.025309
13.37 	 0.0327651
13.38 	 0.0374538
13.39 	 0.0388936
13.4 	 0.0368894
13.41 	 0.0315522
13.42 	 0.0232908
13.43 	 0.012776
13.44 	 0.000881502
13.45 	 -0.0113939
13.46 	 -0.0230154
13.47 	 -0.0330042
13.48 	 -0.0405239
13.49 	 -0.0449541
13.5 	 -0.0459433
13.51 	 -0.0434383
13.52 	 -0.0376854
13.53 	 -0.0292058
13.54 	 -0.0187459
13.55 	 -0.00720847
13.56 	 0.00442895
13.57 	 0.0152016
13.58 	 0.0242421
13.59 	 0.0308545
13.6 	 0.034572
13.61 	 0.0351924
13.62 	 0.0327892
13.63 	 0.027698
13.64 	 0.0204785
13.65 	 0.0118583
13.66 	 0.00266277
13.67 	 -0.0062626
13.68 	 -0.0141287
13.69 	 -0.0202721
13.7 	 -0.0242113
13.71 	 -0.0256833
13.72 	 -0.02466
13.73 	 -0.0213418
13.74 	 -0.0161303
13.75 	 -0.00958351
13.76 	 -0.00235744
13.77 	 0.00485858
13.78 	 0.0114078
13.79 	 0.0167264
13.8 	 0.0203922
13.81 	 0.0221586
13.82 	 0.0219699
13.83 	 0.0199577
13.84 	 0.0164192
13.85 	 0.0117806
13.86 	 0.00654862
13.87 	 0.00125696
13.88 	 -0.00358854
13.89 	 -0.00755924
13.9 	 -0.0103434
13.91 	 -0.0117721
13.92 	 -0.0118303
13.93 	 -0.0106501
13.94 	 -0.00849037
13.95 	 -0.00570293
13.96 	 -0.00268988
13.97 	 0.000142682
13.98 	 0.00243044
13.99 	 0.00389078
14 	 0.00435303
14.01 	 0.00377579
14.02 	 0.0022498
14.03 	 -1.38211e-05
14.04 	 -0.00270853
14.05 	 -0.00546784
14.06 	 -0.0079073
14.07 	 -0.00966867
14.08 	 -0.0104614
14.09 	 -0.0100971
14.1 	 -0.00851344
14.11 	 -0.00578412
14.12 	 -0.00211523
14.13 	 0.00217332
14.14 	 0.00667853
14.15 	 0.0109545
14.16 	 0.0145579
14.17 	 0.0170944
14.18 	 0.0182605
14.19 	 0.0178779
14.2 	 0.0159151
14.21 	 0.012495
14.22 	 0.00788729
14.23 	 0.00248589
14.24 	 -0.00322644
14.25 	 -0.00872276
14.26 	 -0.013482
14.27 	 -0.0170395
14.28 	 -0.0190324
14.29 	 -0.0192372
14.3 	 -0.0175934
14.31 	 -0.0142126
14.32 	 -0.00937125
14.33 	 -0.00348771
14.34 	 0.00291446
14.35 	 0.0092535
14.36 	 0.0149425
14.37 	 0.0194435
14.38 	 0.0223175
14.39 	 0.0232658
14.4 	 0.0221588
14.41 	 0.0190494
14.42 	 0.0141697
14.43 	 0.00791104
14.44 	 0.000790097
14.45 	 -0.00659709
14.46 	 -0.0136281
14.47 	 -0.0197093
14.48 	 -0.0243291
14.49 	 -0.0271022
14.5 	 -0.027804
14.51 	 -0.0263889
14.52 	 -0.0229933
14.53 	 -0.017922
14.54 	 -0.0116192
14.55 	 -0.00462819
14.56 	 0.00245842
14.57 	 0.0090512
14.58 	 0.014616
14.59 	 0.01872
14.6 	 0.0210678
14.61 	 0.0215246
14.62 	 0.0201242
14.63 	 0.0170621
14.64 	 0.0126736
14.65 	 0.00739995
14.66 	 0.00174608
14.67 	 -0.00376708
14.68 	 -0.00864987
14.69 	 -0.0124873
14.7 	 -0.0149741
14.71 	 -0.0159393
14.72 	 -0.0153566
14.73 	 -0.013342
14.74 	 -0.0101379
14.75 	 -0.00608587
14.76 	 -0.00159134
14.77 	 0.00291684
14.78 	 0.00702737
14.79 	 0.0103844
14.8 	 0.0127187
14.81 	 0.0138697
14.82 	 0.013796
14.83 	 0.0125736
14.84 	 0.0103838
14.85 	 0.00749039
14.86 	 0.0042098
14.87 	 0.000877477
14.88 	 -0.00218655
14.89 	 -0.00470917
14.9 	 -0.00648971
14.91 	 -0.00741707
14.92 	 -0.00747707
14.93 	 -0.00674941
14.94 	 -0.0053949
14.95 	 -0.00363461
14.96 	 -0.00172317
14.97 	 8.07341e-05
14.98 	 0.00154353
14.99 	 0.00174315
15 	 0.0013234
15.01 	 -5.52149e-16
15.02 	 9.96315e-17
15.03 	 1.09887e-15
15.04 	 -3.1597e-16
15.05 	 -1.67799e-16
15.06 	 7.05352e-16
15.07 	 -2.50897e-16
15.08 	 -1.94858e-15
15.09 	 2.15569e-16
15.1 	 2.27146e-16
15.11 	 -1.50372e-15
15.12 	 4.60785e-16
15.13 	 -4.30043e-16
15.14 	 -6.2689e-18
15.15 	 -1.56659e-15
15.16 	 4.28458e-16
15.17 	 -2.86758e-16
15.18 	 -2.25668e-17
15.19 	 3.43384e-16
15.2 	 5.06536e-16
15.21 	 -1.28532e-15
15.22 	 -3.50457e-16
15.23 	 2.30214e-15
15.24 	 -1.02898e-15
15.25 	 8.18085e-16
15.26 	 3.49322e-15
15.27 	 4.40695e-16
15.28 	 -1.92559e-15
15.29 	 1.38868e-15
15.3 	 1.13292e-15
15.31 	 -1.84937e-15
15.32 	 8.76626e-16
15.33 	 1.90572e-15
15.34 	 -1.64616e-15
15.35 	 -9.72245e-16
15.36 	 1.7485e-15
15.37 	 -7.43726e-16
15.38 	 -5.7228e-16
15.39 	 1.44338e-15
15.4 	 -3.8051e-16
15.41 	 -2.51825e-15
15.42 	 6.67578e-16
15.43 	 2.74169e-15
15.44 	 -1.76664e-15
15.45 	 -8.75046e-16
15.46 	 1.23636e-15
15.47 	 7.96688e-16
15.48 	 -2.47835e-16
15.49 	 1.39818e-16
15.5 	 -1.08238e-15
15.51 	 7.35536e-16
15.52 	 1.23522e-15
15.53 	 -7.07124e-16
15.54 	 -8.65212e-16
15.55 	 7.40032e-16
15.56 	 6.54369e-16
15.57 	 -1.35524e-15
15.58 	 -3.16618e-16
15.59 	 1.99241e-16
15.6 	 7.08172e-16
15.61 	 5.35673e-16
15.62 	 1.45639e-16
15.63 	 3.59411e-16
15.64 	 2.52461e-16
15.65 	 1.61076e-16
15.66 	 3.84278e-17
15.67 	 -4.26247e-16
15.68 	 -7.70559e-16
15.69 	 1.23089e-15
15.7 	 3.91557e-16
15.71 	 -1.06367e-15
15.72 	 2.97353e-16
15.73 	 1.9238e-15
15.74 	 -6.08356e-16
15.75 	 -9.60146e-16
15.76 	 2.77196e-16
15.77 	 8.98993e-16
15.78 	 -5.87606e-16
15.79 	 -4.53186e-16
15.8 	 6.25129e-18
15.81 	 5.39791e-16
15.82 	 -6.18339e-16
15.83 	 -6.41608e-16
15.84 	 -1.03966e-16
15.85 	 6.64828e-16
15.86 	 2.01927e-16
15.87 	 -7.08942e-16
15.88 	 -1.46868e-16
15.89 	 5.825e-16
15.9 	 1.46569e-16
15.91 	 -2.22244e-16
15.92 	 6.90579e-17
15.93 	 9.94454e-16
15.94 	 -4.41973e-16
15.95 	 -1.09627e-15
15.96 	 1.74627e-15
15.97 	 8.49867e-16
15.98 	 -7.49325e-16
15.99 	 5.65847e-16
16 	 6.96285e-16
16.01 	 -2.85806e-16
16.02 	 9.39253e-16
16.03 	 5.03094e-17
16.04 	 2.05733e-16
16.05 	 6.20013e-16
16.06 	 3.14473e-18
16.07 	 5.12046e-16
16.08 	 1.56685e-15
16.09 	 -6.43055e-16
16.1 	 6.52257e-16
16.11 	 7.36334e-16
16.12 	 -1.82434e-15
16.13 	 1.83329e-16
16.14 	 1.18836e-15
16.15 	 -1.58107e-15
16.16 	 -6.67823e-16
16.17 	 1.13972e-15
16.18 	 -1.03193e-15
16.19 	 3.40605e-16
16.2 	 -3.20546e-16
16.21 	 5.80413e-16
16.22 	 -3.89461e-16
16.23 	 -1.37181e-15
16.24 	 6.40189e-16
16.25 	 1.01396e-15
16.26 	 -5.88066e-16
16.27 	 4.34386e-16
16.28 	 1.04257e-15
16.29 	 -8.72163e-16
16.3 	 -7.883e-17
16.31 	 5.81178e-16
16.32 	 -4.35378e-16
16.33 	 -9.2723e-16
16.34 	 3.26382e-16
16.35 	 -1.67553e-16
16.36 	 -1.84468e-15
16.37 	 -6.66743e-16
16.38 	 2.42256e-16
16.39 	 -9.10284e-16
16.4 	 -1.73497e-16
16.41 	 1.42416e-15
16.42 	 -7.29701e-16
16.43 	 -6.59179e-16
16.44 	 7.24084e-16
16.45 	 1.3301e-15
16.46 	 -1.85983e-16
16.47 	 -6.74062e-16
16.48 	 6.80807e-16
16.49 	 6.54844e-16
16.5 	 -1.55059e-15
16.51 	 1.4396e-15
16.52 	 2.14762e-15
16.53 	 4.40548e-16
16.54 	 2.63504e-16
16.55 	 1.49981e-15
16.56 	 -4.09544e-16
16.57 	 -1.24777e-15
16.58 	 3.3286e-16
16.59 	 5.03977e-16
16.6 	 -7.55017e-16
16.61 	 -5.86006e-16
16.62 	 1.41105e-15
16.63 	 -3.81559e-16
16.64 	 -1.18089e-15
16.65 	 -1.62411e-16
16.66 	 9.9467e-18
16.67 	 -1.49518e-15
16.68 	 -2.85921e-16
16.69 	 7.71468e-16
16.7 	 -1.235e-15
16.71 	 -5.20679e-17
16.72 	 1.19896e-15
16.73 	 -4.70836e-16
16.74 	 -7.08475e-16
16.75 	 2.80686e-16
16.76 	 1.81164e-16
16.77 	 1.06222e-15
16.78 	 -3.27947e-16
16.79 	 9.44849e-16
16.8 	 1.22437e-16
16.81 	 -7.54703e-16
16.82 	 2.54497e-16
16.83 	 4.88326e-16
16.84 	 -5.52677e-16
16.85 	 2.63142e-16
16.86 	 2.06564e-16
16.87 	 -1.63424e-16
16.88 	 4.45576e-16
16.89 	 7.74558e-17
16.9 	 -6.60314e-16
16.91 	 -4.66191e-16
16.92 	 -1.80212e-16
16.93 	 -9.26378e-17
16.94 	 -6.38841e-16
16.95 	 9.999e-17
16.96 	 -5.1277e-16
16.97 	 -8.71855e-16
16.98 	 1.83379e-16
16.99 	 3.07321e-16
17 	 -8.03351e-16
17.01 	 5.48584e-16
17.02 	 1.30713e-16
17.03 	 7.6886e-16
17.04 	 8.38863e-16
17.05 	 1.8938e-16
17.06 	 1.29619e-15
17.07 	 -2.23467e-16
17.08 	 1.34081e-15
17.09 	 5.09416e-16
17.1 	 -2.57306e-16
17.11 	 4.42259e-16
17.12 	 -3.37807e-16
17.13 	 -8.42183e-16
17.14 	 3.82905e-16
17.15 	 -2.47396e-16
17.16 	 -7.08776e-16
17.17 	 3.64968e-16
17.18 	 -1.42231e-16
17.19 	 -1.08611e-15
17.2 	 -1.27827e-16
17.21 	 7.24711e-16
17.22 	 -9.03886e-16
17.23 	 -2.89164e-16
17.24 	 8.0106e-16
17.25 	 6.06836e-16
17.26 	 5.828e-16
17.27 	 -7.28816e-17
17.28 	 1.6467e-15
17.29 	 7.72024e-16
17.3 	 6.54058e-16
17.31 	 1.60445e-15
17.32 	 -4.75606e-17
17.33 	 -4.32982e-16
17.34 	 8.94821e-16
17.35 	 5.55582e-16
17.36 	 -5.03645e-16
17.37 	 2.6381e-16
17.38 	 -7.98335e-17
17.39 	 -2.06611e-16
17.4 	 9.61515e-16
17.41 	 -6.07763e-16
17.42 	 -1.07563e-15
17.43 	 5.77173e-16
17.44 	 -3.68207e-16
17.45 	 8.5399e-17
17.46 	 -8.83433e-16
17.47 	 -4.52637e-16
17.48 	 -1.57819e-15
17.49 	 -4.19691e-16
17.5 	 -5.08615e-16
17.51 	 -1.65368e-15
17.52 	 3.59695e-16
17.53 	 -5.64699e-16
17.54 	 -4.39803e-16
17.55 	 -1.09487e-15
17.56 	 2.29053e-16
17.57 	 -3.26236e-16
17.58 	 -1.34604e-17
17.59 	 -7.25435e-17
17.6 	 -6.45012e-17
17.61 	 9.52696e-16
17.62 	 -2.88659e-16
17.63 	 5.70253e-16
17.64 	 6.45433e-16
17.65 	 5.5539e-16
17.66 	 2.19344e-15
17.67 	 4.17613e-16
17.68 	 9.96477e-16
17.69 	 -5.53847e-16
17.7 	 -7.0158e-16
17.71 	 5.37928e-16
17.72 	 3.72008e-16
17.73 	 1.17591e-15
17.74 	 -8.33314e-18
17.75 	 -9.8348e-18
17.76 	 1.26949e-16
17.77 	 6.50139e-16
17.78 	 2.66066e-16
17.79 	 6.88879e-16
17.8 	 -8.89966e-17
17.81 	 -7.59566e-16
17.82 	 8.83088e-16
17.83 	 -1.65216e-15
17.84 	 -2.60598e-16
17.85 	 2.09637e-16
17.86 	 -1.24971e-15
17.87 	 1.07867e-15
17.88 	 -2.84235e-16
17.89 	 1.23246e-15
17.9 	 4.27474e-16
17.91 	 6.12599e-16
17.92 	 -2.1788e-16
17.93 	 3.04398e-16
17.94 	 3.33587e-16
17.95 	 2.90973e-16
17.96 	 -8.12241e-16
17.97 	 7.09849e-17
17.98 	 3.62152e-16
17.99 	 -4.31363e-16
18 	 -3.99899e-16
18.01 	 3.66477e-16
18.02 	 -1.92174e-16
18.03 	 5.6318e-16
18.04 	 4.31595e-17
18.05 	 6.25159e-16
18.06 	 -4.54695e-16
18.07 	 2.20841e-16
18.08 	 -5.72795e-16
18.09 	 1.44069e-16
18.1 	 -3.64164e-16
18.11 	 -5.06492e-16
18.12 	 -2.51685e-16
18.13 	 -1.01415e-15
18.14 	 7.55404e-16
18.15 	 -1.57333e-15
18.16 	 1.38312e-15
18.17 	 -2.8001e-16
18.18 	 1.73349e-16
18.19 	 4.07735e-16
18.2 	 -1.59911e-16
18.21 	 5.26153e-16
18.22 	 5.99842e-16
18.23 	 3.30147e-16
18.24 	 -6.25609e-17
18.25 	 1.32911e-15
18.26 	 -1.87752e-15
18.27 	 1.22888e-15
18.28 	 -1.01001e-15
18.29 	 -3.56718e-16
18.3 	 1.78441e-16
18.31 	 -2.2868e-16
18.32 	 7.43773e-17
18.33 	 2.79052e-16
18.34 	 -2.83157e-16
18.35 	 -2.51695e-16
18.36 	 4.38226e-17
18.37 	 -1.17966e-15
18.38 	 1.55027e-15
18.39 	 -7.82181e-16
18.4 	 3.40444e-16
18.41 	 4.30281e-16
18.42 	 -2.67871e-16
18.43 	 8.59735e-16
18.44 	 8.37018e-17
18.45 	 1.06361e-15
18.46 	 2.5666e-16
18.47 	 -8.10836e-16
18.48 	 -4.03039e-16
18.49 	 2.97588e-16
18.5 	 -7.22219e-16
18.51 	 9.79651e-17
18.52 	 -1.33198e-16
18.53 	 5.38534e-17
18.54 	 7.48303e-16
18.55 	 -8.76397e-16
18.56 	 9.59808e-16
18.57 	 -2.8984e-16
18.58 	 4.44306e-17
18.59 	 1.76954e-16
18.6 	 -1.78515e-15
18.61 	 5.99296e-16
18.62 	 -6.45443e-16
18.63 	 5.09859e-17
18.64 	 2.70904e-17
18.65 	 -1.49271e-15
18.66 	 8.35094e-16
18.67 	 -9.19436e-16
18.68 	 6.09743e-16
18.69 	 4.16142e-16
18.7 	 -6.14468e-16
18.71 	 1.06416e-15
18.72 	 5.52692e-16
18.73 	 3.68799e-16
18.74 	 4.198e-16
18.75 	 -5.17927e-16
18.76 	 1.69821e-15
18.77 	 -2.75846e-16
18.78 	 -7.36956e-16
18.79 	 5.55881e-16
18.8 	 -7.50088e-16
18.81 	 9.37616e-16
18.82 	 -3.61839e-16
18.83 	 -1.90456e-16
18.84 	 -5.80719e-18
18.85 	 -1.09253e-15
18.86 	 -3.77873e-16
18.87 	 -4.0327e-16
18.88 	 -8.20216e-16
18.89 	 4.82372e-16
18.9 	 -4.26532e-16
18.91 	 1.95511e-16
18.92 	 1.19598e-16
18.93 	 -2.04965e-16
18.94 	 1.06897e-15
18.95 	 7.5297e-17
18.96 	 -4.12449e-17
18.97 	 -3.34312e-16
18.98 	 1.04213e-15
18.99 	 -3.62252e-17
19 	 7.87659e-17
19.01 	 1.45404e-15
19.02 	 -4.67458e-16
19.03 	 1.17899e-15
19.04 	 -7.82127e-16
19.05 	 9.4481e-16
19.06 	 9.99795e-17
19.07 	 2.79021e-16
19.08 	 -3.10382e-16
19.09 	 7.94177e-16
19.1 	 2.67059e-16
19.11 	 1.23629e-16
19.12 	 5.44856e-16
19.13 	 5.01962e-16
19.14 	 3.72278e-16
19.15 	 2.10441e-16
19.16 	 2.59525e-16
19.17 	 2.47612e-16
19.18 	 5.65858e-16
19.19 	 -1.09662e-17
19.2 	 1.25795e-15
19.21 	 -6.86992e-16
19.22 	 1.2996e-15
19.23 	 -5.78907e-17
19.24 	 9.1222e-17
19.25 	 2.85074e-16
19.26 	 -1.33233e-16
19.27 	 2.30369e-16
19.28 	 -5.8e-16
19.29 	 1.90253e-16
19.3 	 1.15499e-16
19.31 	 -1.06371e-15
19.32 	 7.81114e-16
19.33 	 -2.15985e-15
19.34 	 2.15379e-15
19.35 	 -1.23195e-15
19.36 	 1.04106e-16
19.37 	 -6.37299e-16
19.38 	 -1.62758e-16
19.39 	 -9.4994e-17
19.4 	 -8.59107e-16
19.41 	 1.0026e-15
19.42 	 1.74059e-17
19.43 	 -3.48611e-16
19.44 	 4.19767e-16
19.45 	 -5.0185e-16
19.46 	 9.61448e-16
19.47 	 -2.01351e-15
19.48 	 9.12261e-16
19.49 	 -1.22772e-15
19.5 	 5.78366e-16
19.51 	 1.24366e-16
19.52 	 8.31726e-16
19.53 	 3.14124e-17
19.54 	 4.27469e-16
19.55 	 8.60496e-16
19.56 	 -8.08701e-16
19.57 	 5.849e-16
19.58 	 5.51384e-16
19.59 	 3.05148e-16
19.6 	 -8.84295e-16
19.61 	 -4.78282e-16
19.62 	 4.21051e-16
19.63 	 4.60174e-16
19.64 	 4.68635e-16
19.65 	 1.52761e-16
19.66 	 2.0056e-16
19.67 	 -4.84846e-16
19.68 	 -8.73965e-16
19.69 	 5.05056e-16
19.7 	 1.30961e-15
19.71 	 -3.69199e-16
19.72 	 5.42195e-16
19.73 	 -8.80629e-16
19.74 	 -2.90742e-17
19.75 	 -1.4342e-15
19.76 	 6.56863e-16
19.77 	 -2.27277e-16
19.78 	 7.61609e-16
19.79 	 7.48659e-16
19.8 	 -1.37616e-16
19.81 	 1.30074e-15
19.82 	 -4.88534e-16
19.83 	 1.86313e-15
19.84 	 -3.69205e-16
19.85 	 7.37642e-16
19.86 	 -6.97777e-16
19.87 	 1.58072e-15
19.88 	 -7.67246e-18
19.89 	 7.57394e-17
19.9 	 -6.97061e-17
19.91 	 -1.10467e-15
19.92 	 1.21505e-15
19.93 	 -1.14355e-15
19.94 	 4.73684e-17
19.95 	 -3.27629e-15
19.96 	 1.73498e-15
19.97 	 -1.92537e-15
19.98 	 6.49392e-16
19.99 	 -2.25012e-15
20 	 7.59972e-16
