0 	 0.000700142
0.01 	 0.000441104
0.02 	 0.000123035
0.03 	 5.15573e-05
0.04 	 8.28323e-05
0.05 	 8.45651e-05
0.06 	 0.000101943
0.07 	 0.000107377
0.08 	 0.000114984
0.09 	 0.000114859
0.1 	 0.000117557
0.11 	 0.000116607
0.12 	 0.000115513
0.13 	 0.000110735
0.14 	 0.000108429
0.15 	 0.00010551
0.16 	 0.000100107
0.17 	 8.60857e-05
0.18 	 6.71198e-05
0.19 	 4.78478e-05
0.2 	 3.49961e-05
0.21 	 2.83696e-05
0.22 	 2.8053e-05
0.23 	 3.01925e-05
0.24 	 2.89944e-05
0.25 	 1.40672e-05
0.26 	 -1.64031e-05
0.27 	 -5.30121e-05
0.28 	 -8.22233e-05
0.29 	 -0.000105564
0.3 	 -0.000137822
0.31 	 -0.000191667
0.32 	 -0.000252315
0.33 	 -0.000270107
0.34 	 -0.000189058
0.35 	 -1.5922e-05
0.36 	 0.000159351
0.37 	 0.000251136
0.38 	 0.000286492
0.39 	 0.000364268
0.4 	 0.000501825
0.41 	 0.000587
0.42 	 0.000516338
0.43 	 0.000317394
0.44 	 0.000100666
0.45 	 -6.70974e-05
0.46 	 -0.000202272
0.47 	 -0.000358404
0.48 	 -0.000566443
0.49 	 -0.000779108
0.5 	 -0.00085979
0.51 	 -0.000703433
0.52 	 -0.000384543
0.53 	 -0.000118048
0.54 	 -5.19648e-05
0.55 	 -0.000146569
0.56 	 -0.000264084
0.57 	 -0.000314491
0.58 	 -0.000278131
0.59 	 -0.000180381
0.6 	 -0.000111704
0.61 	 -0.000183619
0.62 	 -0.000375174
0.63 	 -0.0004855
0.64 	 -0.000337303
0.65 	 -2.94074e-06
0.66 	 0.000281669
0.67 	 0.000403667
0.68 	 0.000436453
0.69 	 0.000424979
0.7 	 0.000280467
0.71 	 -5.28783e-05
0.72 	 -0.00044902
0.73 	 -0.00068341
0.74 	 -0.000594592
0.75 	 -0.000194764
0.76 	 0.000270082
0.77 	 0.000451844
0.78 	 0.000269912
0.79 	 8.60252e-05
0.8 	 0.000309827
0.81 	 0.000861929
0.82 	 0.00123175
0.83 	 0.00104686
0.84 	 0.000394607
0.85 	 -0.000397541
0.86 	 -0.00111633
0.87 	 -0.00177106
0.88 	 -0.00244609
0.89 	 -0.00310986
0.9 	 -0.00359365
0.91 	 -0.00377403
0.92 	 -0.00373666
0.93 	 -0.00367155
0.94 	 -0.00360603
0.95 	 -0.00334566
0.96 	 -0.00273538
0.97 	 -0.00192204
0.98 	 -0.00126143
0.99 	 -0.000979207
1 	 -0.00101828
1.01 	 -0.00121269
1.02 	 -0.00145061
1.03 	 -0.0015907
1.04 	 -0.00143608
1.05 	 -0.000975921
1.06 	 -0.000465746
1.07 	 -7.22899e-05
1.08 	 0.00038407
1.09 	 0.00109046
1.1 	 0.00182293
1.11 	 0.0022104
1.12 	 0.00232094
1.13 	 0.00258359
1.14 	 0.00305853
1.15 	 0.00315082
1.16 	 0.00229228
1.17 	 0.000683831
1.18 	 -0.000913635
1.19 	 -0.00201089
1.2 	 -0.00272659
1.21 	 -0.00332253
1.22 	 -0.00375289
1.23 	 -0.00378427
1.24 	 -0.00327564
1.25 	 -0.00222458
1.26 	 -0.000720961
1.27 	 0.00106163
1.28 	 0.00287572
1.29 	 0.00441485
1.3 	 0.00534019
1.31 	 0.00539544
1.32 	 0.00459631
1.33 	 0.0032543
1.34 	 0.00175167
1.35 	 0.000372411
1.36 	 -0.000702508
1.37 	 -0.00144672
1.38 	 -0.00197525
1.39 	 -0.00229136
1.4 	 -0.00215755
1.41 	 -0.00142115
1.42 	 -0.000389754
1.43 	 0.000328012
1.44 	 0.00036105
1.45 	 -0.000141187
1.46 	 -0.000703439
1.47 	 -0.000928268
1.48 	 -0.000814459
1.49 	 -0.000818797
1.5 	 -0.00151905
1.51 	 -0.00301144
1.52 	 -0.00460176
1.53 	 -0.00521874
1.54 	 -0.00431525
1.55 	 -0.00243844
1.56 	 -0.000821946
1.57 	 -0.000334448
1.58 	 -0.000800253
1.59 	 -0.00132025
1.6 	 -0.00118571
1.61 	 -0.000450399
1.62 	 0.000284238
1.63 	 0.000550667
1.64 	 0.000429148
1.65 	 0.000284167
1.66 	 0.00028842
1.67 	 0.000386413
1.68 	 0.000551379
1.69 	 0.000760944
1.7 	 0.000833836
1.71 	 0.000651849
1.72 	 0.000431661
1.73 	 0.000452884
1.74 	 0.000624515
1.75 	 0.000613702
1.76 	 0.000396781
1.77 	 0.000442333
1.78 	 0.00121059
1.79 	 0.00249286
1.8 	 0.00341258
1.81 	 0.00329016
1.82 	 0.00233325
1.83 	 0.0011514
1.84 	 -7.78536e-05
1.85 	 -0.00138031
1.86 	 -0.00223799
1.87 	 -0.00190161
1.88 	 -0.000450391
1.89 	 0.00116071
1.9 	 0.00225137
1.91 	 0.00304874
1.92 	 0.00399108
1.93 	 0.00490666
1.94 	 0.00520126
1.95 	 0.00461978
1.96 	 0.00346882
1.97 	 0.00210926
1.98 	 0.000666627
1.99 	 -0.000596166
2 	 -0.0010896
2.01 	 -0.000537596
2.02 	 0.000398996
2.03 	 0.000716095
2.04 	 0.000294632
2.05 	 -5.53692e-05
2.06 	 9.48362e-05
2.07 	 9.38522e-05
2.08 	 -0.000766553
2.09 	 -0.0020275
2.1 	 -0.0024702
2.11 	 -0.00166394
2.12 	 -0.000633345
2.13 	 -0.000692725
2.14 	 -0.00177946
2.15 	 -0.00239581
2.16 	 -0.00141356
2.17 	 0.000488602
2.18 	 0.00178051
2.19 	 0.00215374
2.2 	 0.00267697
2.21 	 0.00388028
2.22 	 0.00474904
2.23 	 0.00412946
2.24 	 0.00241463
2.25 	 0.00107673
2.26 	 0.000769323
2.27 	 0.000542323
2.28 	 -0.000872815
2.29 	 -0.00329191
2.3 	 -0.00498016
2.31 	 -0.00438143
2.32 	 -0.00167484
2.33 	 0.00154783
2.34 	 0.00394578
2.35 	 0.0054907
2.36 	 0.00689008
2.37 	 0.00816394
2.38 	 0.00812561
2.39 	 0.00563826
2.4 	 0.00122932
2.41 	 -0.00319003
2.42 	 -0.00630318
2.43 	 -0.00831521
2.44 	 -0.00967058
2.45 	 -0.00988922
2.46 	 -0.00840847
2.47 	 -0.00579178
2.48 	 -0.00312002
2.49 	 -0.000548595
2.5 	 0.00258151
2.51 	 0.00618767
2.52 	 0.00875308
2.53 	 0.00860367
2.54 	 0.00568654
2.55 	 0.00177324
2.56 	 -0.0010775
2.57 	 -0.00203826
2.58 	 -0.00165681
2.59 	 -0.000995763
2.6 	 -0.000724532
2.61 	 -0.000636512
2.62 	 9.31628e-05
2.63 	 0.00187372
2.64 	 0.00391488
2.65 	 0.00491195
2.66 	 0.00448507
2.67 	 0.00336914
2.68 	 0.00225252
2.69 	 0.00112994
2.7 	 -0.000138326
2.71 	 -0.00136868
2.72 	 -0.00254327
2.73 	 -0.00425619
2.74 	 -0.00710628
2.75 	 -0.0105914
2.76 	 -0.0128319
2.77 	 -0.0116862
2.78 	 -0.00641633
2.79 	 0.00146899
2.8 	 0.00891199
2.81 	 0.0132302
2.82 	 0.0140927
2.83 	 0.0139727
2.84 	 0.0160312
2.85 	 0.0206446
2.86 	 0.0241778
2.87 	 0.0222297
2.88 	 0.0144994
2.89 	 0.00571085
2.9 	 0.00110456
2.91 	 0.0014101
2.92 	 0.0028164
2.93 	 0.00159205
2.94 	 -0.00208152
2.95 	 -0.00505562
2.96 	 -0.00506189
2.97 	 -0.00249919
2.98 	 0.0013377
2.99 	 0.0059357
3 	 0.0102902
3.01 	 0.0114384
3.02 	 0.00688453
3.03 	 -0.00104639
3.04 	 -0.00564458
3.05 	 -0.00275622
3.06 	 0.0034039
3.07 	 0.00362808
3.08 	 -0.00634083
3.09 	 -0.0205816
3.1 	 -0.0288735
3.11 	 -0.027239
3.12 	 -0.0212917
3.13 	 -0.0187397
3.14 	 -0.0200978
3.15 	 -0.0189309
3.16 	 -0.011134
3.17 	 -0.000933098
3.18 	 0.00474637
3.19 	 0.00595671
3.2 	 0.00951749
3.21 	 0.0184637
3.22 	 0.0256713
3.23 	 0.0212709
3.24 	 0.00519593
3.25 	 -0.0109549
3.26 	 -0.0157229
3.27 	 -0.00986301
3.28 	 -0.0048628
3.29 	 -0.00976185
3.3 	 -0.0215071
3.31 	 -0.0294479
3.32 	 -0.0276441
3.33 	 -0.0201221
3.34 	 -0.0143376
3.35 	 -0.0128252
3.36 	 -0.0130259
3.37 	 -0.0129666
3.38 	 -0.0138169
3.39 	 -0.0164785
3.4 	 -0.0179622
3.41 	 -0.0136002
3.42 	 -0.00356218
3.43 	 0.00455845
3.44 	 0.0023096
3.45 	 -0.00980533
3.46 	 -0.0209818
3.47 	 -0.0204358
3.48 	 -0.00870337
3.49 	 0.00267126
3.5 	 0.0028445
3.51 	 -0.00750235
3.52 	 -0.0169924
3.53 	 -0.0148753
3.54 	 -0.00159028
3.55 	 0.0117651
3.56 	 0.0143425
3.57 	 0.0056758
3.58 	 -0.0050022
3.59 	 -0.00865662
3.6 	 -0.00460445
3.61 	 0.000917211
3.62 	 0.00272317
3.63 	 0.00212355
3.64 	 0.00462105
3.65 	 0.0129037
3.66 	 0.0227939
3.67 	 0.0265846
3.68 	 0.0201112
3.69 	 0.00584415
3.7 	 -0.0105442
3.71 	 -0.0248988
3.72 	 -0.0352908
3.73 	 -0.0402498
3.74 	 -0.0391705
3.75 	 -0.0345571
3.76 	 -0.0310223
3.77 	 -0.0296592
3.78 	 -0.0241105
3.79 	 -0.00538571
3.8 	 0.0269987
3.81 	 0.0594919
3.82 	 0.0731067
3.83 	 0.0597639
3.84 	 0.0302125
3.85 	 0.00494497
3.86 	 -0.00312177
3.87 	 0.00250661
3.88 	 0.00874608
3.89 	 0.00687091
3.9 	 -0.000763379
3.91 	 -0.0063315
3.92 	 -0.00635502
3.93 	 -0.00462525
3.94 	 -0.00662657
3.95 	 -0.0134742
3.96 	 -0.0219453
3.97 	 -0.0286652
3.98 	 -0.0324485
3.99 	 -0.0325309
4 	 -0.0256932
4.01 	 -0.0066273
4.02 	 0.027017
4.03 	 0.068849
4.04 	 0.104332
4.05 	 0.120234
4.06 	 0.115355
4.07 	 0.100859
4.08 	 0.0880976
4.09 	 0.0762318
4.1 	 0.054075
4.11 	 0.0156248
4.12 	 -0.0278695
4.13 	 -0.0547154
4.14 	 -0.0530561
4.15 	 -0.0323882
4.16 	 -0.0122686
4.17 	 -0.000164956
4.18 	 0.0157379
4.19 	 0.0493084
4.2 	 0.0942409
4.21 	 0.123926
4.22 	 0.116538
4.23 	 0.0789287
4.24 	 0.0419426
4.25 	 0.0300588
4.26 	 0.0366131
4.27 	 0.0309067
4.28 	 -0.00911545
4.29 	 -0.0712661
4.3 	 -0.117041
4.31 	 -0.1166
4.32 	 -0.0768544
4.33 	 -0.0344712
4.34 	 -0.0202329
4.35 	 -0.0303223
4.36 	 -0.032691
4.37 	 -0.000392924
4.38 	 0.0623963
4.39 	 0.125969
4.4 	 0.163803
4.41 	 0.174994
4.42 	 0.180465
4.43 	 0.199823
4.44 	 0.232565
4.45 	 0.260265
4.46 	 0.264926
4.47 	 0.244146
4.48 	 0.208897
4.49 	 0.168102
4.5 	 0.117272
4.51 	 0.0431066
4.52 	 -0.0614055
4.53 	 -0.186697
4.54 	 -0.309315
4.55 	 -0.402447
4.56 	 -0.445186
4.57 	 -0.42705
4.58 	 -0.348707
4.59 	 -0.219437
4.6 	 -0.0521201
4.61 	 0.140298
4.62 	 0.342781
4.63 	 0.532873
4.64 	 0.680695
4.65 	 0.759311
4.66 	 0.757835
4.67 	 0.683085
4.68 	 0.547365
4.69 	 0.357747
4.7 	 0.121363
4.71 	 -0.140501
4.72 	 -0.391256
4.73 	 -0.598552
4.74 	 -0.755429
4.75 	 -0.878062
4.76 	 -0.979534
4.77 	 -1.04705
4.78 	 -1.04886
4.79 	 -0.966007
4.8 	 -0.816165
4.81 	 -0.644552
4.82 	 -0.490212
4.83 	 -0.358859
4.84 	 -0.224222
4.85 	 -0.0542018
4.86 	 0.159047
4.87 	 0.387081
4.88 	 0.581616
4.89 	 0.710053
4.9 	 0.783321
4.91 	 0.850481
4.92 	 0.958907
4.93 	 1.10972
4.94 	 1.24768
4.95 	 1.30022
4.96 	 1.23742
4.97 	 1.10036
4.98 	 0.967791
4.99 	 0.886323
5 	 0.828105
5.01 	 0.71817
5.02 	 0.508077
5.03 	 0.226407
5.04 	 -0.0415105
5.05 	 -0.223933
5.06 	 -0.316071
5.07 	 -0.369162
5.08 	 -0.430562
5.09 	 -0.494622
5.1 	 -0.510234
5.11 	 -0.434342
5.12 	 -0.277315
5.13 	 -0.0972761
5.14 	 0.047564
5.15 	 0.14034
5.16 	 0.203416
5.17 	 0.260376
5.18 	 0.301847
5.19 	 0.286502
5.2 	 0.173985
5.21 	 -0.0397283
5.22 	 -0.312353
5.23 	 -0.576915
5.24 	 -0.779648
5.25 	 -0.909123
5.26 	 -0.995914
5.27 	 -1.08075
5.28 	 -1.17472
5.29 	 -1.2469
5.3 	 -1.25374
5.31 	 -1.18429
5.32 	 -1.07551
5.33 	 -0.979063
5.34 	 -0.910501
5.35 	 -0.831997
5.36 	 -0.686561
5.37 	 -0.449854
5.38 	 -0.150033
5.39 	 0.158728
5.4 	 0.437733
5.41 	 0.680163
5.42 	 0.893679
5.43 	 1.07388
5.44 	 1.19677
5.45 	 1.23605
5.46 	 1.18815
5.47 	 1.08232
5.48 	 0.964673
5.49 	 0.866491
5.5 	 0.782868
5.51 	 0.681342
5.52 	 0.532937
5.53 	 0.336543
5.54 	 0.115442
5.55 	 -0.105824
5.56 	 -0.317281
5.57 	 -0.516381
5.58 	 -0.689944
5.59 	 -0.810682
5.6 	 -0.857785
5.61 	 -0.841998
5.62 	 -0.806509
5.63 	 -0.798319
5.64 	 -0.836416
5.65 	 -0.907206
5.66 	 -0.988382
5.67 	 -1.07244
5.68 	 -1.16405
5.69 	 -1.25686
5.7 	 -1.31824
5.71 	 -1.30083
5.72 	 -1.17137
5.73 	 -0.931645
5.74 	 -0.615379
5.75 	 -0.266402
5.76 	 0.082433
5.77 	 0.413589
5.78 	 0.712272
5.79 	 0.952082
5.8 	 1.09493
5.81 	 1.10704
5.82 	 0.978866
5.83 	 0.735166
5.84 	 0.428393
5.85 	 0.116614
5.86 	 -0.162744
5.87 	 -0.404524
5.88 	 -0.621738
5.89 	 -0.817843
5.9 	 -0.972734
5.91 	 -1.05668
5.92 	 -1.05791
5.93 	 -0.996484
5.94 	 -0.91245
5.95 	 -0.841064
5.96 	 -0.797377
5.97 	 -0.779626
5.98 	 -0.781745
5.99 	 -0.799778
6 	 -0.828436
6.01 	 -0.857397
6.02 	 -0.876355
6.03 	 -0.884293
6.04 	 -0.889453
6.05 	 -0.895341
6.06 	 -0.885528
6.07 	 -0.824763
6.08 	 -0.678999
6.09 	 -0.438302
6.1 	 -0.123784
6.11 	 0.225573
6.12 	 0.573017
6.13 	 0.893822
6.14 	 1.16966
6.15 	 1.37867
6.16 	 1.49648
6.17 	 1.51137
6.18 	 1.43965
6.19 	 1.32442
6.2 	 1.21492
6.21 	 1.14239
6.22 	 1.11213
6.23 	 1.11674
6.24 	 1.15493
6.25 	 1.23546
6.26 	 1.36216
6.27 	 1.51729
6.28 	 1.66214
6.29 	 1.75519
6.3 	 1.77127
6.31 	 1.70753
6.32 	 1.57585
6.33 	 1.39164
6.34 	 1.16795
6.35 	 0.916324
6.36 	 0.649811
6.37 	 0.38383
6.38 	 0.135293
6.39 	 -0.0779833
6.4 	 -0.238437
6.41 	 -0.332985
6.42 	 -0.359253
6.43 	 -0.328837
6.44 	 -0.263805
6.45 	 -0.187717
6.46 	 -0.11679
6.47 	 -0.0564204
6.48 	 -0.00374684
6.49 	 0.0465841
6.5 	 0.0957949
6.51 	 0.135298
6.52 	 0.146345
6.53 	 0.109203
6.54 	 0.0176002
6.55 	 -0.114262
6.56 	 -0.260811
6.57 	 -0.404582
6.58 	 -0.549351
6.59 	 -0.712729
6.6 	 -0.899993
6.61 	 -1.07999
6.62 	 -1.18875
6.63 	 -1.16563
6.64 	 -0.995102
6.65 	 -0.717218
6.66 	 -0.396275
6.67 	 -0.0764892
6.68 	 0.23468
6.69 	 0.543938
6.7 	 0.838004
6.71 	 1.07433
6.72 	 1.20466
6.73 	 1.20626
6.74 	 1.09142
6.75 	 0.890011
6.76 	 0.625213
6.77 	 0.306088
6.78 	 -0.0586735
6.79 	 -0.443072
6.8 	 -0.80377
6.81 	 -1.1012
6.82 	 -1.32252
6.83 	 -1.48221
6.84 	 -1.59594
6.85 	 -1.65017
6.86 	 -1.5987
6.87 	 -1.39508
6.88 	 -1.0356
6.89 	 -0.573451
6.9 	 -0.0897641
6.91 	 0.353162
6.92 	 0.736296
6.93 	 1.07002
6.94 	 1.36043
6.95 	 1.58612
6.96 	 1.70242
6.97 	 1.66894
6.98 	 1.48084
6.99 	 1.18081
7 	 0.841575
7.01 	 0.530939
7.02 	 0.284794
7.03 	 0.104924
7.04 	 -0.0209
7.05 	 -0.0937266
7.06 	 -0.09284
7.07 	 0.0107436
7.08 	 0.227425
7.09 	 0.533442
7.1 	 0.881283
7.11 	 1.22498
7.12 	 1.53622
7.13 	 1.80063
7.14 	 2.00505
7.15 	 2.13103
7.16 	 2.15756
7.17 	 2.06503
7.18 	 1.83659
7.19 	 1.4622
7.2 	 0.946965
7.21 	 0.313458
7.22 	 -0.407694
7.23 	 -1.18577
7.24 	 -1.98316
7.25 	 -2.74605
7.26 	 -3.41469
7.27 	 -3.94863
7.28 	 -4.33776
7.29 	 -4.58613
7.3 	 -4.68762
7.31 	 -4.61926
7.32 	 -4.3579
7.33 	 -3.9069
7.34 	 -3.31034
7.35 	 -2.63849
7.36 	 -1.95172
7.37 	 -1.27353
7.38 	 -0.597103
7.39 	 0.083221
7.4 	 0.746211
7.41 	 1.34422
7.42 	 1.82621
7.43 	 2.16507
7.44 	 2.36978
7.45 	 2.47407
7.46 	 2.51135
7.47 	 2.49655
7.48 	 2.42674
7.49 	 2.29523
7.5 	 2.10595
7.51 	 1.87816
7.52 	 1.63975
7.53 	 1.41497
7.54 	 1.21664
7.55 	 1.04818
7.56 	 0.91109
7.57 	 0.810198
7.58 	 0.753642
7.59 	 0.749136
7.6 	 0.7981
7.61 	 0.889277
7.62 	 0.995661
7.63 	 1.07853
7.64 	 1.09789
7.65 	 1.02367
7.66 	 0.841909
7.67 	 0.554183
7.68 	 0.173065
7.69 	 -0.281986
7.7 	 -0.785918
7.71 	 -1.30831
7.72 	 -1.8163
7.73 	 -2.2808
7.74 	 -2.68159
7.75 	 -3.00609
7.76 	 -3.24443
7.77 	 -3.38856
7.78 	 -3.43792
7.79 	 -3.40269
7.8 	 -3.29547
7.81 	 -3.1181
7.82 	 -2.86072
7.83 	 -2.51756
7.84 	 -2.10266
7.85 	 -1.64876
7.86 	 -1.19109
7.87 	 -0.751165
7.88 	 -0.331716
7.89 	 0.0757897
7.9 	 0.477075
7.91 	 0.864986
7.92 	 1.22233
7.93 	 1.53563
7.94 	 1.8068
7.95 	 2.05114
7.96 	 2.28281
7.97 	 2.50112
7.98 	 2.69001
7.99 	 2.83126
8 	 2.91849
8.01 	 2.9582
8.02 	 2.95618
8.03 	 2.90219
8.04 	 2.76928
8.05 	 2.53152
8.06 	 2.18409
8.07 	 1.74449
8.08 	 1.23325
8.09 	 0.656508
8.1 	 0.0122312
8.11 	 -0.685829
8.12 	 -1.39341
8.13 	 -2.04767
8.14 	 -2.59555
8.15 	 -3.01337
8.16 	 -3.30312
8.17 	 -3.4727
8.18 	 -3.51933
8.19 	 -3.43023
8.2 	 -3.20033
8.21 	 -2.85349
8.22 	 -2.44619
8.23 	 -2.0429
8.24 	 -1.68011
8.25 	 -1.3526
8.26 	 -1.03495
8.27 	 -0.714271
8.28 	 -0.401636
8.29 	 -0.116767
8.3 	 0.133822
8.31 	 0.36546
8.32 	 0.606468
8.33 	 0.880075
8.34 	 1.19038
8.35 	 1.5221
8.36 	 1.85242
8.37 	 2.16396
8.38 	 2.44907
8.39 	 2.70514
8.4 	 2.92808
8.41 	 3.11094
8.42 	 3.24826
8.43 	 3.34001
8.44 	 3.38848
8.45 	 3.38846
8.46 	 3.32027
8.47 	 3.15748
8.48 	 2.88715
8.49 	 2.52263
8.5 	 2.09335
8.51 	 1.6224
8.52 	 1.11762
8.53 	 0.58476
8.54 	 0.0448944
8.55 	 -0.46485
8.56 	 -0.908991
8.57 	 -1.27338
8.58 	 -1.56943
8.59 	 -1.81974
8.6 	 -2.03862
8.61 	 -2.22384
8.62 	 -2.36334
8.63 	 -2.44806
8.64 	 -2.47999
8.65 	 -2.47129
8.66 	 -2.43625
8.67 	 -2.3825
8.68 	 -2.30893
8.69 	 -2.21202
8.7 	 -2.09485
8.71 	 -1.97119
8.72 	 -1.86312
8.73 	 -1.79444
8.74 	 -1.78173
8.75 	 -1.82614
8.76 	 -1.91156
8.77 	 -2.01119
8.78 	 -2.09572
8.79 	 -2.13659
8.8 	 -2.10708
8.81 	 -1.98607
8.82 	 -1.7614
8.83 	 -1.42757
8.84 	 -0.981212
8.85 	 -0.423097
8.86 	 0.232471
8.87 	 0.951226
8.88 	 1.6845
8.89 	 2.38464
8.9 	 3.01904
8.91 	 3.57304
8.92 	 4.04169
8.93 	 4.41922
8.94 	 4.69558
8.95 	 4.86173
8.96 	 4.91707
8.97 	 4.87189
8.98 	 4.7421
8.99 	 4.53844
9 	 4.25695
9.01 	 3.87971
9.02 	 3.39059
9.03 	 2.79598
9.04 	 2.13174
9.05 	 1.44736
9.06 	 0.780043
9.07 	 0.141068
9.08 	 -0.475308
9.09 	 -1.06957
9.1 	 -1.61981
9.11 	 -2.08362
9.12 	 -2.41823
9.13 	 -2.60322
9.14 	 -2.64688
9.15 	 -2.57183
9.16 	 -2.39629
9.17 	 -2.13261
9.18 	 -1.80259
9.19 	 -1.44615
9.2 	 -1.10646
9.21 	 -0.807045
9.22 	 -0.550291
9.23 	 -0.339811
9.24 	 -0.197457
9.25 	 -0.152997
9.26 	 -0.218758
9.27 	 -0.376051
9.28 	 -0.58246
9.29 	 -0.788935
9.3 	 -0.954262
9.31 	 -1.05269
9.32 	 -1.07471
9.33 	 -1.02168
9.34 	 -0.897439
9.35 	 -0.702678
9.36 	 -0.437193
9.37 	 -0.107664
9.38 	 0.267584
9.39 	 0.662046
9.4 	 1.04823
9.41 	 1.40165
9.42 	 1.70207
9.43 	 1.93644
9.44 	 2.10219
9.45 	 2.20433
9.46 	 2.24641
9.47 	 2.22329
9.48 	 2.12238
9.49 	 1.93203
9.5 	 1.65113
9.51 	 1.29397
9.52 	 0.886893
9.53 	 0.459252
9.54 	 0.035903
9.55 	 -0.362957
9.56 	 -0.717942
9.57 	 -1.00971
9.58 	 -1.22204
9.59 	 -1.34391
9.6 	 -1.36984
9.61 	 -1.30366
9.62 	 -1.16479
9.63 	 -0.987641
9.64 	 -0.808156
9.65 	 -0.647232
9.66 	 -0.507442
9.67 	 -0.38705
9.68 	 -0.295204
9.69 	 -0.250269
9.7 	 -0.263214
9.71 	 -0.325628
9.72 	 -0.415698
9.73 	 -0.514094
9.74 	 -0.612482
9.75 	 -0.70901
9.76 	 -0.799641
9.77 	 -0.87549
9.78 	 -0.926996
9.79 	 -0.94815
9.8 	 -0.935835
9.81 	 -0.887335
9.82 	 -0.802129
9.83 	 -0.686885
9.84 	 -0.555164
9.85 	 -0.418742
9.86 	 -0.279653
9.87 	 -0.132677
9.88 	 0.0246765
9.89 	 0.185907
9.9 	 0.338433
9.91 	 0.471056
9.92 	 0.579666
9.93 	 0.669308
9.94 	 0.752494
9.95 	 0.842855
9.96 	 0.945701
9.97 	 1.05191
9.98 	 1.1419
9.99 	 1.19883
10 	 1.22065
10.01 	 1.22024
10.02 	 1.21362
10.03 	 1.20643
10.04 	 1.18962
10.05 	 1.14596
10.06 	 1.06037
10.07 	 0.926537
10.08 	 0.747053
10.09 	 0.529337
10.1 	 0.281656
10.11 	 0.012288
10.12 	 -0.269809
10.13 	 -0.556539
10.14 	 -0.84387
10.15 	 -1.13153
10.16 	 -1.41766
10.17 	 -1.69458
10.18 	 -1.95145
10.19 	 -2.18042
10.2 	 -2.37805
10.21 	 -2.5407
10.22 	 -2.66063
10.23 	 -2.72708
10.24 	 -2.72917
10.25 	 -2.65706
10.26 	 -2.50399
10.27 	 -2.27251
10.28 	 -1.98152
10.29 	 -1.66624
10.3 	 -1.36867
10.31 	 -1.12377
10.32 	 -0.948287
10.33 	 -0.837375
10.34 	 -0.771842
10.35 	 -0.73298
10.36 	 -0.715177
10.37 	 -0.725865
10.38 	 -0.772523
10.39 	 -0.848591
10.4 	 -0.931776
10.41 	 -0.996935
10.42 	 -1.03206
10.43 	 -1.04312
10.44 	 -1.0444
10.45 	 -1.04404
10.46 	 -1.03673
10.47 	 -1.00693
10.48 	 -0.937387
10.49 	 -0.817359
10.5 	 -0.647307
10.51 	 -0.439383
10.52 	 -0.213167
10.53 	 0.0121298
10.54 	 0.224664
10.55 	 0.421053
10.56 	 0.600928
10.57 	 0.760443
10.58 	 0.8911
10.59 	 0.984129
10.6 	 1.03491
10.61 	 1.04366
10.62 	 1.01419
10.63 	 0.95377
10.64 	 0.873517
10.65 	 0.788079
10.66 	 0.714279
10.67 	 0.668393
10.68 	 0.661565
10.69 	 0.696028
10.7 	 0.767039
10.71 	 0.870324
10.72 	 1.00702
10.73 	 1.17907
10.74 	 1.37853
10.75 	 1.58231
10.76 	 1.75968
10.77 	 1.88692
10.78 	 1.95652
10.79 	 1.97403
10.8 	 1.9476
10.81 	 1.88076
10.82 	 1.77401
10.83 	 1.6321
10.84 	 1.46905
10.85 	 1.30495
10.86 	 1.15688
10.87 	 1.03175
10.88 	 0.926575
10.89 	 0.832874
10.9 	 0.739726
10.91 	 0.634782
10.92 	 0.506715
10.93 	 0.349409
10.94 	 0.163592
10.95 	 -0.0469176
10.96 	 -0.28025
10.97 	 -0.535685
10.98 	 -0.806803
10.99 	 -1.07731
11 	 -1.32693
11.01 	 -1.54272
11.02 	 -1.72386
11.03 	 -1.87476
11.04 	 -1.99419
11.05 	 -2.07039
11.06 	 -2.08471
11.07 	 -2.02038
11.08 	 -1.8726
11.09 	 -1.65387
11.1 	 -1.38909
11.11 	 -1.10207
11.12 	 -0.805301
11.13 	 -0.501732
11.14 	 -0.193866
11.15 	 0.110997
11.16 	 0.40284
11.17 	 0.673294
11.18 	 0.917983
11.19 	 1.13716
11.2 	 1.33507
11.21 	 1.51607
11.22 	 1.6771
11.23 	 1.80208
11.24 	 1.86552
11.25 	 1.84674
11.26 	 1.74491
11.27 	 1.58136
11.28 	 1.38712
11.29 	 1.18818
11.3 	 1.00191
11.31 	 0.843175
11.32 	 0.727704
11.33 	 0.665868
11.34 	 0.653187
11.35 	 0.668878
11.36 	 0.685721
11.37 	 0.682858
11.38 	 0.650063
11.39 	 0.581685
11.4 	 0.470285
11.41 	 0.309271
11.42 	 0.101533
11.43 	 -0.136287
11.44 	 -0.378753
11.45 	 -0.602024
11.46 	 -0.792945
11.47 	 -0.95205
11.48 	 -1.08906
11.49 	 -1.21384
11.5 	 -1.32885
11.51 	 -1.42771
11.52 	 -1.49899
11.53 	 -1.53051
11.54 	 -1.51133
11.55 	 -1.4337
11.56 	 -1.2964
11.57 	 -1.10614
11.58 	 -0.874024
11.59 	 -0.610762
11.6 	 -0.327494
11.61 	 -0.0413649
11.62 	 0.221922
11.63 	 0.433717
11.64 	 0.573254
11.65 	 0.636434
11.66 	 0.636655
11.67 	 0.597179
11.68 	 0.540998
11.69 	 0.485954
11.7 	 0.446725
11.71 	 0.43755
11.72 	 0.469727
11.73 	 0.545542
11.74 	 0.655448
11.75 	 0.782271
11.76 	 0.909865
11.77 	 1.03011
11.78 	 1.1431
11.79 	 1.2503
11.8 	 1.34628
11.81 	 1.41634
11.82 	 1.44191
11.83 	 1.40982
11.84 	 1.31988
11.85 	 1.18613
11.86 	 1.02925
11.87 	 0.8646
11.88 	 0.696985
11.89 	 0.5281
11.9 	 0.368651
11.91 	 0.240705
11.92 	 0.166297
11.93 	 0.15268
11.94 	 0.187186
11.95 	 0.244632
11.96 	 0.299613
11.97 	 0.334899
11.98 	 0.343677
11.99 	 0.327527
12 	 0.291184
12.01 	 0.235639
12.02 	 0.154674
12.03 	 0.0394082
12.04 	 -0.112172
12.05 	 -0.289844
12.06 	 -0.475558
12.07 	 -0.653659
12.08 	 -0.817212
12.09 	 -0.964556
12.1 	 -1.09048
12.11 	 -1.18294
12.12 	 -1.2301
12.13 	 -1.22983
12.14 	 -1.19046
12.15 	 -1.12297
12.16 	 -1.03467
12.17 	 -0.93088
12.18 	 -0.820081
12.19 	 -0.714298
12.2 	 -0.623261
12.21 	 -0.547999
12.22 	 -0.480481
12.23 	 -0.410209
12.24 	 -0.332034
12.25 	 -0.24826
12.26 	 -0.164482
12.27 	 -0.0854448
12.28 	 -0.0158405
12.29 	 0.036556
12.3 	 0.0615117
12.31 	 0.05213
12.32 	 0.0104428
12.33 	 -0.0530585
12.34 	 -0.125662
12.35 	 -0.198712
12.36 	 -0.269127
12.37 	 -0.33681
12.38 	 -0.401999
12.39 	 -0.464811
12.4 	 -0.525696
12.41 	 -0.584956
12.42 	 -0.641656
12.43 	 -0.693366
12.44 	 -0.737274
12.45 	 -0.771902
12.46 	 -0.797935
12.47 	 -0.81711
12.48 	 -0.829816
12.49 	 -0.83352
12.5 	 -0.823393
12.51 	 -0.794804
12.52 	 -0.74665
12.53 	 -0.684084
12.54 	 -0.61841
12.55 	 -0.562934
12.56 	 -0.526468
12.57 	 -0.508532
12.58 	 -0.499906
12.59 	 -0.488876
12.6 	 -0.468828
12.61 	 -0.440717
12.62 	 -0.408026
12.63 	 -0.369371
12.64 	 -0.315905
12.65 	 -0.235106
12.66 	 -0.116978
12.67 	 0.0413705
12.68 	 0.2344
12.69 	 0.450067
12.7 	 0.673716
12.71 	 0.891278
12.72 	 1.08936
12.73 	 1.25326
12.74 	 1.36671
12.75 	 1.41523
12.76 	 1.39051
12.77 	 1.29231
12.78 	 1.12756
12.79 	 0.908903
12.8 	 0.654099
12.81 	 0.385114
12.82 	 0.125335
12.83 	 -0.105033
12.84 	 -0.292285
12.85 	 -0.428156
12.86 	 -0.506766
12.87 	 -0.525909
12.88 	 -0.492983
12.89 	 -0.427318
12.9 	 -0.353607
12.91 	 -0.292178
12.92 	 -0.254737
12.93 	 -0.245923
12.94 	 -0.265717
12.95 	 -0.311047
12.96 	 -0.376972
12.97 	 -0.455722
12.98 	 -0.5341
12.99 	 -0.595115
13 	 -0.627218
13.01 	 -0.633558
13.02 	 -0.629501
13.03 	 -0.628397
13.04 	 -0.630074
13.05 	 -0.624403
13.06 	 -0.605387
13.07 	 -0.57974
13.08 	 -0.560977
13.09 	 -0.556424
13.1 	 -0.560849
13.11 	 -0.561158
13.12 	 -0.545187
13.13 	 -0.506401
13.14 	 -0.443417
13.15 	 -0.358535
13.16 	 -0.257547
13.17 	 -0.148672
13.18 	 -0.0384128
13.19 	 0.0731429
13.2 	 0.192135
13.21 	 0.324153
13.22 	 0.466362
13.23 	 0.605805
13.24 	 0.725095
13.25 	 0.81031
13.26 	 0.855501
13.27 	 0.862546
13.28 	 0.838463
13.29 	 0.792046
13.3 	 0.730581
13.31 	 0.657964
13.32 	 0.575965
13.33 	 0.488462
13.34 	 0.404992
13.35 	 0.33888
13.36 	 0.299953
13.37 	 0.288141
13.38 	 0.294122
13.39 	 0.306392
13.4 	 0.318399
13.41 	 0.330515
13.42 	 0.347356
13.43 	 0.374439
13.44 	 0.416312
13.45 	 0.47495
13.46 	 0.547614
13.47 	 0.626731
13.48 	 0.704388
13.49 	 0.778531
13.5 	 0.853881
13.51 	 0.935131
13.52 	 1.01865
13.53 	 1.091
13.54 	 1.13538
13.55 	 1.1399
13.56 	 1.10111
13.57 	 1.02234
13.58 	 0.910357
13.59 	 0.773261
13.6 	 0.61945
13.61 	 0.457084
13.62 	 0.293925
13.63 	 0.137043
13.64 	 -0.00805733
13.65 	 -0.138109
13.66 	 -0.251746
13.67 	 -0.349359
13.68 	 -0.434662
13.69 	 -0.516444
13.7 	 -0.60671
13.71 	 -0.71435
13.72 	 -0.839058
13.73 	 -0.971033
13.74 	 -1.09673
13.75 	 -1.20537
13.76 	 -1.29102
13.77 	 -1.34989
13.78 	 -1.37662
13.79 	 -1.36356
13.8 	 -1.30451
13.81 	 -1.2003
13.82 	 -1.06162
13.83 	 -0.905311
13.84 	 -0.746546
13.85 	 -0.593774
13.86 	 -0.450386
13.87 	 -0.319772
13.88 	 -0.208353
13.89 	 -0.125012
13.9 	 -0.0781874
13.91 	 -0.0715607
13.92 	 -0.0998913
13.93 	 -0.148773
13.94 	 -0.200442
13.95 	 -0.241816
13.96 	 -0.268176
13.97 	 -0.280141
13.98 	 -0.277573
13.99 	 -0.256109
14 	 -0.209172
14.01 	 -0.133208
14.02 	 -0.0311686
14.03 	 0.0886223
14.04 	 0.216698
14.05 	 0.345892
14.06 	 0.47157
14.07 	 0.589601
14.08 	 0.694825
14.09 	 0.781583
14.1 	 0.845344
14.11 	 0.883533
14.12 	 0.895388
14.13 	 0.881981
14.14 	 0.846109
14.15 	 0.791064
14.16 	 0.719923
14.17 	 0.63782
14.18 	 0.555035
14.19 	 0.485654
14.2 	 0.441179
14.21 	 0.425131
14.22 	 0.433928
14.23 	 0.462162
14.24 	 0.506029
14.25 	 0.561925
14.26 	 0.622862
14.27 	 0.677025
14.28 	 0.710429
14.29 	 0.712119
14.3 	 0.678482
14.31 	 0.614166
14.32 	 0.529373
14.33 	 0.435558
14.34 	 0.342515
14.35 	 0.257968
14.36 	 0.18782
14.37 	 0.135182
14.38 	 0.0990606
14.39 	 0.0748137
14.4 	 0.0563038
14.41 	 0.0376459
14.42 	 0.0140202
14.43 	 -0.0169952
14.44 	 -0.0536736
14.45 	 -0.0903072
14.46 	 -0.120097
14.47 	 -0.138357
14.48 	 -0.143394
14.49 	 -0.135217
14.5 	 -0.114439
14.51 	 -0.083313
14.52 	 -0.0482232
14.53 	 -0.0199728
14.54 	 -0.00933811
14.55 	 -0.0209581
14.56 	 -0.0518916
14.57 	 -0.0965727
14.58 	 -0.152402
14.59 	 -0.219634
14.6 	 -0.29641
14.61 	 -0.375457
14.62 	 -0.446651
14.63 	 -0.502952
14.64 	 -0.54367
14.65 	 -0.572174
14.66 	 -0.591236
14.67 	 -0.601026
14.68 	 -0.600728
14.69 	 -0.590828
14.7 	 -0.573954
14.71 	 -0.554323
14.72 	 -0.536183
14.73 	 -0.521595
14.74 	 -0.509251
14.75 	 -0.495959
14.76 	 -0.479062
14.77 	 -0.456456
14.78 	 -0.424636
14.79 	 -0.378412
14.8 	 -0.313524
14.81 	 -0.229594
14.82 	 -0.131176
14.83 	 -0.0269662
14.84 	 0.0722137
14.85 	 0.156146
14.86 	 0.217338
14.87 	 0.251449
14.88 	 0.256945
14.89 	 0.23521
14.9 	 0.190434
14.91 	 0.128248
14.92 	 0.0541085
14.93 	 -0.0268695
14.94 	 -0.10865
14.95 	 -0.183437
14.96 	 -0.24311
14.97 	 -0.282853
14.98 	 -0.304461
14.99 	 -0.316206
15 	 -0.328464
15.01 	 -0.34758
15.02 	 -0.371802
15.03 	 -0.391713
15.04 	 -0.394971
15.05 	 -0.372735
15.06 	 -0.323879
15.07 	 -0.253979
15.08 	 -0.169536
15.09 	 -0.0724105
15.1 	 0.0395329
15.11 	 0.164975
15.12 	 0.291853
15.13 	 0.398374
15.14 	 0.463171
15.15 	 0.476791
15.16 	 0.445208
15.17 	 0.383007
15.18 	 0.30287
15.19 	 0.210353
15.2 	 0.106679
15.21 	 -0.00500468
15.22 	 -0.115499
15.23 	 -0.210202
15.24 	 -0.274944
15.25 	 -0.304513
15.26 	 -0.307095
15.27 	 -0.298819
15.28 	 -0.291589
15.29 	 -0.28504
15.3 	 -0.270213
15.31 	 -0.241221
15.32 	 -0.203878
15.33 	 -0.173401
15.34 	 -0.163379
15.35 	 -0.175814
15.36 	 -0.20077
15.37 	 -0.225248
15.38 	 -0.242967
15.39 	 -0.256784
15.4 	 -0.272758
15.41 	 -0.292088
15.42 	 -0.30843
15.43 	 -0.312806
15.44 	 -0.301526
15.45 	 -0.280059
15.46 	 -0.259146
15.47 	 -0.246562
15.48 	 -0.242576
15.49 	 -0.243318
15.5 	 -0.247165
15.51 	 -0.256543
15.52 	 -0.27448
15.53 	 -0.30156
15.54 	 -0.33642
15.55 	 -0.377059
15.56 	 -0.419896
15.57 	 -0.457337
15.58 	 -0.476522
15.59 	 -0.461262
15.6 	 -0.397613
15.61 	 -0.28035
15.62 	 -0.115277
15.63 	 0.0848777
15.64 	 0.307083
15.65 	 0.54106
15.66 	 0.77676
15.67 	 0.999767
15.68 	 1.19015
15.69 	 1.32741
15.7 	 1.3989
15.71 	 1.40532
15.72 	 1.35853
15.73 	 1.27328
15.74 	 1.15982
15.75 	 1.02314
15.76 	 0.867458
15.77 	 0.699777
15.78 	 0.529297
15.79 	 0.365487
15.8 	 0.218163
15.81 	 0.0979482
15.82 	 0.0138184
15.83 	 -0.030844
15.84 	 -0.0386487
15.85 	 -0.0143099
15.86 	 0.0381291
15.87 	 0.113022
15.88 	 0.199072
15.89 	 0.279909
15.9 	 0.340526
15.91 	 0.373818
15.92 	 0.38142
15.93 	 0.369595
15.94 	 0.345421
15.95 	 0.316185
15.96 	 0.289874
15.97 	 0.273872
15.98 	 0.273177
15.99 	 0.291417
16 	 0.333702
16.01 	 0.406167
16.02 	 0.5103
16.03 	 0.63739
16.04 	 0.769643
16.05 	 0.887367
16.06 	 0.975729
16.07 	 1.02714
16.08 	 1.04042
16.09 	 1.01841
16.1 	 0.964348
16.11 	 0.879302
16.12 	 0.764048
16.13 	 0.624902
16.14 	 0.477737
16.15 	 0.345089
16.16 	 0.247447
16.17 	 0.194319
16.18 	 0.180329
16.19 	 0.188377
16.2 	 0.198068
16.21 	 0.195035
16.22 	 0.176428
16.23 	 0.14959
16.24 	 0.124687
16.25 	 0.106543
16.26 	 0.0920156
16.27 	 0.0749695
16.28 	 0.0543848
16.29 	 0.0383296
16.3 	 0.0400348
16.31 	 0.0687765
16.32 	 0.122242
16.33 	 0.185739
16.34 	 0.238198
16.35 	 0.260529
16.36 	 0.242075
16.37 	 0.18293
16.38 	 0.0912785
16.39 	 -0.0229238
16.4 	 -0.153437
16.41 	 -0.297437
16.42 	 -0.449431
16.43 	 -0.595531
16.44 	 -0.714787
16.45 	 -0.787944
16.46 	 -0.807007
16.47 	 -0.778159
16.48 	 -0.716384
16.49 	 -0.636695
16.5 	 -0.548669
16.51 	 -0.457183
16.52 	 -0.367015
16.53 	 -0.286575
16.54 	 -0.227324
16.55 	 -0.198778
16.56 	 -0.20235
16.57 	 -0.229098
16.58 	 -0.264396
16.59 	 -0.296869
16.6 	 -0.324493
16.61 	 -0.353018
16.62 	 -0.388989
16.63 	 -0.433916
16.64 	 -0.483386
16.65 	 -0.529659
16.66 	 -0.564438
16.67 	 -0.580455
16.68 	 -0.572801
16.69 	 -0.540793
16.7 	 -0.488886
16.71 	 -0.424647
16.72 	 -0.354531
16.73 	 -0.281409
16.74 	 -0.206696
16.75 	 -0.135191
16.76 	 -0.0775965
16.77 	 -0.0478323
16.78 	 -0.0568948
16.79 	 -0.107531
16.8 	 -0.19278
16.81 	 -0.298488
16.82 	 -0.407624
16.83 	 -0.504325
16.84 	 -0.577115
16.85 	 -0.621177
16.86 	 -0.638671
16.87 	 -0.635984
16.88 	 -0.61918
16.89 	 -0.591805
16.9 	 -0.557652
16.91 	 -0.525037
16.92 	 -0.50602
16.93 	 -0.509319
16.94 	 -0.533721
16.95 	 -0.568764
16.96 	 -0.601143
16.97 	 -0.619749
16.98 	 -0.615988
16.99 	 -0.5825
17 	 -0.514263
17.01 	 -0.411674
17.02 	 -0.282099
17.03 	 -0.138042
17.04 	 0.00655877
17.05 	 0.139555
17.06 	 0.252674
17.07 	 0.342837
17.08 	 0.411978
17.09 	 0.464252
17.1 	 0.502077
17.11 	 0.524844
17.12 	 0.532104
17.13 	 0.527962
17.14 	 0.521298
17.15 	 0.520394
17.16 	 0.526457
17.17 	 0.531711
17.18 	 0.523603
17.19 	 0.49197
17.2 	 0.434682
17.21 	 0.358651
17.22 	 0.275684
17.23 	 0.195769
17.24 	 0.12255
17.25 	 0.0543315
17.26 	 -0.0107022
17.27 	 -0.0697381
17.28 	 -0.114904
17.29 	 -0.137665
17.3 	 -0.13504
17.31 	 -0.112738
17.32 	 -0.0822897
17.33 	 -0.0546992
17.34 	 -0.0364146
17.35 	 -0.0300156
17.36 	 -0.0363442
17.37 	 -0.0546528
17.38 	 -0.0819608
17.39 	 -0.1144
17.4 	 -0.149831
17.41 	 -0.188266
17.42 	 -0.228957
17.43 	 -0.267479
17.44 	 -0.296986
17.45 	 -0.313136
17.46 	 -0.317705
17.47 	 -0.317188
17.48 	 -0.317969
17.49 	 -0.32254
17.5 	 -0.329136
17.51 	 -0.333575
17.52 	 -0.331108
17.53 	 -0.31751
17.54 	 -0.289879
17.55 	 -0.247422
17.56 	 -0.191519
17.57 	 -0.124499
17.58 	 -0.0483194
17.59 	 0.0350716
17.6 	 0.122087
17.61 	 0.206928
17.62 	 0.283366
17.63 	 0.347692
17.64 	 0.400435
17.65 	 0.445448
17.66 	 0.487057
17.67 	 0.527481
17.68 	 0.566507
17.69 	 0.603153
17.7 	 0.637041
17.71 	 0.668172
17.72 	 0.696021
17.73 	 0.719074
17.74 	 0.734902
17.75 	 0.740596
17.76 	 0.733727
17.77 	 0.713516
17.78 	 0.680981
17.79 	 0.63774
17.8 	 0.584996
17.81 	 0.524131
17.82 	 0.458138
17.83 	 0.392123
17.84 	 0.332
17.85 	 0.281773
17.86 	 0.241049
17.87 	 0.205159
17.88 	 0.168606
17.89 	 0.128858
17.9 	 0.0864334
17.91 	 0.041832
17.92 	 -0.00585541
17.93 	 -0.0565149
17.94 	 -0.106293
17.95 	 -0.148346
17.96 	 -0.175914
17.97 	 -0.184294
17.98 	 -0.17089
17.99 	 -0.135066
18 	 -0.0789432
18.01 	 -0.00836445
18.02 	 0.0675702
18.03 	 0.138802
18.04 	 0.196947
18.05 	 0.236581
18.06 	 0.255418
18.07 	 0.254414
18.08 	 0.237174
18.09 	 0.20741
18.1 	 0.165915
18.11 	 0.110712
18.12 	 0.0410564
18.13 	 -0.0388767
18.14 	 -0.120895
18.15 	 -0.19758
18.16 	 -0.265989
18.17 	 -0.326554
18.18 	 -0.378632
18.19 	 -0.417371
18.2 	 -0.435045
18.21 	 -0.425652
18.22 	 -0.388927
18.23 	 -0.331174
18.24 	 -0.263203
18.25 	 -0.197308
18.26 	 -0.145
18.27 	 -0.115652
18.28 	 -0.115441
18.29 	 -0.146407
18.3 	 -0.206039
18.31 	 -0.287795
18.32 	 -0.382714
18.33 	 -0.481394
18.34 	 -0.575249
18.35 	 -0.656478
18.36 	 -0.717015
18.37 	 -0.748157
18.38 	 -0.742793
18.39 	 -0.699727
18.4 	 -0.62651
18.41 	 -0.536762
18.42 	 -0.442561
18.43 	 -0.348447
18.44 	 -0.252877
18.45 	 -0.155297
18.46 	 -0.0611638
18.47 	 0.0197942
18.48 	 0.079441
18.49 	 0.115586
18.5 	 0.132258
18.51 	 0.13683
18.52 	 0.135785
18.53 	 0.131491
18.54 	 0.122419
18.55 	 0.106717
18.56 	 0.085814
18.57 	 0.0649153
18.58 	 0.050488
18.59 	 0.0470652
18.6 	 0.0555205
18.61 	 0.0739533
18.62 	 0.100522
18.63 	 0.135581
18.64 	 0.180733
18.65 	 0.235232
18.66 	 0.292655
18.67 	 0.340843
18.68 	 0.36581
18.69 	 0.357517
18.7 	 0.31373
18.71 	 0.239502
18.72 	 0.143398
18.73 	 0.0342045
18.74 	 -0.0794934
18.75 	 -0.188107
18.76 	 -0.281083
18.77 	 -0.349306
18.78 	 -0.388168
18.79 	 -0.398886
18.8 	 -0.387367
18.81 	 -0.361587
18.82 	 -0.328754
18.83 	 -0.293407
18.84 	 -0.257557
18.85 	 -0.222764
18.86 	 -0.191928
18.87 	 -0.168342
18.88 	 -0.152558
18.89 	 -0.140838
18.9 	 -0.127516
18.91 	 -0.109126
18.92 	 -0.0864625
18.93 	 -0.063213
18.94 	 -0.0425618
18.95 	 -0.0243286
18.96 	 -0.00509271
18.97 	 0.0185371
18.98 	 0.0465986
18.99 	 0.0755937
19 	 0.101053
19.01 	 0.120049
19.02 	 0.132243
19.03 	 0.139745
19.04 	 0.145623
19.05 	 0.151226
19.06 	 0.154632
19.07 	 0.152457
19.08 	 0.143499
19.09 	 0.129996
19.1 	 0.114693
19.11 	 0.096798
19.12 	 0.0717372
19.13 	 0.0357924
19.14 	 -0.00907253
19.15 	 -0.0556044
19.16 	 -0.0963875
19.17 	 -0.127798
19.18 	 -0.148818
19.19 	 -0.157485
19.2 	 -0.150424
19.21 	 -0.126308
19.22 	 -0.0887356
19.23 	 -0.0446209
19.24 	 0.000394359
19.25 	 0.0444004
19.26 	 0.0869332
19.27 	 0.124921
19.28 	 0.151926
19.29 	 0.161624
19.3 	 0.151436
19.31 	 0.122576
19.32 	 0.0774036
19.33 	 0.0177998
19.34 	 -0.0536254
19.35 	 -0.131654
19.36 	 -0.208893
19.37 	 -0.278151
19.38 	 -0.333565
19.39 	 -0.369214
19.4 	 -0.378121
19.41 	 -0.354635
19.42 	 -0.298513
19.43 	 -0.216152
19.44 	 -0.117589
19.45 	 -0.0126148
19.46 	 0.0906062
19.47 	 0.184506
19.48 	 0.2611
19.49 	 0.31284
19.5 	 0.334922
19.51 	 0.327122
19.52 	 0.293636
19.53 	 0.241273
19.54 	 0.177714
19.55 	 0.110697
19.56 	 0.0471883
19.57 	 -0.007991
19.58 	 -0.0525289
19.59 	 -0.084716
19.6 	 -0.101245
19.61 	 -0.0980043
19.62 	 -0.073961
19.63 	 -0.0343954
19.64 	 0.00990626
19.65 	 0.0473216
19.66 	 0.0708417
19.67 	 0.0805904
19.68 	 0.0813161
19.69 	 0.076458
19.7 	 0.063916
19.71 	 0.0378162
19.72 	 -0.0051027
19.73 	 -0.060612
19.74 	 -0.118329
19.75 	 -0.167922
19.76 	 -0.204472
19.77 	 -0.228825
19.78 	 -0.243808
19.79 	 -0.250256
19.8 	 -0.245865
19.81 	 -0.22715
19.82 	 -0.192607
19.83 	 -0.144637
19.84 	 -0.0887458
19.85 	 -0.0306621
19.86 	 0.0263442
19.87 	 0.0819684
19.88 	 0.13719
19.89 	 0.191712
19.9 	 0.242003
19.91 	 0.281494
19.92 	 0.303509
19.93 	 0.305327
19.94 	 0.290299
19.95 	 0.26605
19.96 	 0.239739
19.97 	 0.214009
19.98 	 0.186986
19.99 	 0.156121
20 	 0.122003
20.01 	 0.0883794
20.02 	 0.0588532
20.03 	 0.0343334
20.04 	 0.013756
20.05 	 -0.00374512
20.06 	 -0.0182074
20.07 	 -0.0299316
20.08 	 -0.0399025
20.09 	 -0.0482433
20.1 	 -0.0527676
20.11 	 -0.0502436
20.12 	 -0.0395981
20.13 	 -0.0237153
20.14 	 -0.0079504
20.15 	 0.00302771
20.16 	 0.00708767
20.17 	 0.00428279
20.18 	 -0.00424665
20.19 	 -0.0167672
20.2 	 -0.0307168
20.21 	 -0.0423021
20.22 	 -0.0469157
20.23 	 -0.0409927
20.24 	 -0.0241488
20.25 	 0.00060381
20.26 	 0.0287925
20.27 	 0.0560227
20.28 	 0.0775175
20.29 	 0.0877306
20.3 	 0.0824524
20.31 	 0.0618496
20.32 	 0.0306069
20.33 	 -0.00561267
20.34 	 -0.043779
20.35 	 -0.083558
20.36 	 -0.124495
20.37 	 -0.163947
20.38 	 -0.197863
20.39 	 -0.223251
20.4 	 -0.240034
20.41 	 -0.250927
20.42 	 -0.259228
20.43 	 -0.265612
20.44 	 -0.266653
20.45 	 -0.257048
20.46 	 -0.233652
20.47 	 -0.197321
20.48 	 -0.151525
20.49 	 -0.100381
20.5 	 -0.0481229
20.51 	 0.000892713
20.52 	 0.0427647
20.53 	 0.074526
20.54 	 0.0941324
20.55 	 0.101132
20.56 	 0.0983151
20.57 	 0.0922906
20.58 	 0.0910807
20.59 	 0.100106
20.6 	 0.120194
20.61 	 0.149127
20.62 	 0.184506
20.63 	 0.224622
20.64 	 0.266535
20.65 	 0.303942
20.66 	 0.32796
20.67 	 0.331057
20.68 	 0.31118
20.69 	 0.272586
20.7 	 0.222741
20.71 	 0.1682
20.72 	 0.112824
20.73 	 0.0587527
20.74 	 0.00797791
20.75 	 -0.0372123
20.76 	 -0.0746998
20.77 	 -0.103187
20.78 	 -0.12295
20.79 	 -0.136243
20.8 	 -0.146539
20.81 	 -0.1571
20.82 	 -0.16998
20.83 	 -0.18532
20.84 	 -0.200655
20.85 	 -0.211374
20.86 	 -0.213043
20.87 	 -0.203842
20.88 	 -0.184455
20.89 	 -0.155582
20.9 	 -0.116152
20.91 	 -0.064206
20.92 	 0.000616797
20.93 	 0.0757274
20.94 	 0.156841
20.95 	 0.240207
20.96 	 0.323219
20.97 	 0.402996
20.98 	 0.47493
20.99 	 0.533089
21 	 0.572315
21.01 	 0.590221
21.02 	 0.58778
21.03 	 0.568405
21.04 	 0.536157
21.05 	 0.493967
21.06 	 0.442954
21.07 	 0.383691
21.08 	 0.318796
21.09 	 0.254215
21.1 	 0.197271
21.11 	 0.153143
21.12 	 0.123355
21.13 	 0.107366
21.14 	 0.104893
21.15 	 0.116166
21.16 	 0.139874
21.17 	 0.171289
21.18 	 0.203009
21.19 	 0.228084
21.2 	 0.242445
21.21 	 0.244225
21.22 	 0.231303
21.23 	 0.200547
21.24 	 0.149987
21.25 	 0.0817961
21.26 	 0.00305866
21.27 	 -0.076678
21.28 	 -0.148844
21.29 	 -0.207324
21.3 	 -0.247803
21.31 	 -0.267121
21.32 	 -0.263852
21.33 	 -0.239213
21.34 	 -0.196952
21.35 	 -0.142358
21.36 	 -0.0814313
21.37 	 -0.0205259
21.38 	 0.0339906
21.39 	 0.0764561
21.4 	 0.102848
21.41 	 0.111137
21.42 	 0.100863
21.43 	 0.0729991
21.44 	 0.0304862
21.45 	 -0.0217794
21.46 	 -0.0782464
21.47 	 -0.134408
21.48 	 -0.187912
21.49 	 -0.238645
21.5 	 -0.287477
21.51 	 -0.334155
21.52 	 -0.376014
21.53 	 -0.409021
21.54 	 -0.430264
21.55 	 -0.439407
21.56 	 -0.438046
21.57 	 -0.427989
21.58 	 -0.409863
21.59 	 -0.383247
21.6 	 -0.348468
21.61 	 -0.308319
21.62 	 -0.26788
21.63 	 -0.232888
21.64 	 -0.208185
21.65 	 -0.196646
21.66 	 -0.198456
21.67 	 -0.211511
21.68 	 -0.233247
21.69 	 -0.262192
21.7 	 -0.297317
21.71 	 -0.336049
21.72 	 -0.373444
21.73 	 -0.403308
21.74 	 -0.420295
21.75 	 -0.421958
21.76 	 -0.409469
21.77 	 -0.386043
21.78 	 -0.354226
21.79 	 -0.314878
21.8 	 -0.269036
21.81 	 -0.220457
21.82 	 -0.175772
21.83 	 -0.141955
21.84 	 -0.123518
21.85 	 -0.12142
21.86 	 -0.133511
21.87 	 -0.155319
21.88 	 -0.18086
21.89 	 -0.204171
21.9 	 -0.221434
21.91 	 -0.231952
21.92 	 -0.23676
21.93 	 -0.23612
21.94 	 -0.228235
21.95 	 -0.210295
21.96 	 -0.180965
21.97 	 -0.14228
21.98 	 -0.0991644
21.99 	 -0.0566492
22 	 -0.016955
22.01 	 0.021159
22.02 	 0.0604763
22.03 	 0.102555
22.04 	 0.145933
22.05 	 0.186438
22.06 	 0.219637
22.07 	 0.243623
22.08 	 0.259728
22.09 	 0.270695
22.1 	 0.278161
22.11 	 0.281598
22.12 	 0.27956
22.13 	 0.272283
22.14 	 0.26303
22.15 	 0.256079
22.16 	 0.252845
22.17 	 0.250468
22.18 	 0.244547
22.19 	 0.232875
22.2 	 0.216486
22.21 	 0.197959
22.22 	 0.179461
22.23 	 0.162313
22.24 	 0.147654
22.25 	 0.136701
22.26 	 0.130291
22.27 	 0.128591
22.28 	 0.131339
22.29 	 0.137936
22.3 	 0.146841
22.31 	 0.154977
22.32 	 0.158248
22.33 	 0.153261
22.34 	 0.139049
22.35 	 0.117219
22.36 	 0.0902445
22.37 	 0.0598289
22.38 	 0.0275249
22.39 	 -0.00333247
22.4 	 -0.0277038
22.41 	 -0.0415541
22.42 	 -0.0438891
22.43 	 -0.0356349
22.44 	 -0.017208
22.45 	 0.0117242
22.46 	 0.0501139
22.47 	 0.0942571
22.48 	 0.139333
22.49 	 0.182095
22.5 	 0.22174
22.51 	 0.258065
22.52 	 0.289202
22.53 	 0.311771
22.54 	 0.323316
22.55 	 0.324182
22.56 	 0.316854
22.57 	 0.303777
22.58 	 0.285865
22.59 	 0.262477
22.6 	 0.232316
22.61 	 0.194802
22.62 	 0.151138
22.63 	 0.10416
22.64 	 0.057127
22.65 	 0.0127399
22.66 	 -0.0269881
22.67 	 -0.0605898
22.68 	 -0.087149
22.69 	 -0.106058
22.7 	 -0.116574
22.71 	 -0.118044
22.72 	 -0.110782
22.73 	 -0.0962579
22.74 	 -0.0761619
22.75 	 -0.0517398
22.76 	 -0.0244061
22.77 	 0.00331649
22.78 	 0.0281686
22.79 	 0.047712
22.8 	 0.0611919
22.81 	 0.0687458
22.82 	 0.0702451
22.83 	 0.065409
22.84 	 0.0550479
22.85 	 0.0417615
22.86 	 0.0290173
22.87 	 0.0194558
22.88 	 0.0140111
22.89 	 0.0123793
22.9 	 0.0140224
22.91 	 0.0184968
22.92 	 0.0247524
22.93 	 0.0303695
22.94 	 0.0319998
22.95 	 0.027177
22.96 	 0.0161053
22.97 	 0.00163609
22.98 	 -0.0126384
22.99 	 -0.0242872
23 	 -0.0324806
23.01 	 -0.0375007
23.02 	 -0.040564
23.03 	 -0.0439544
23.04 	 -0.0505523
23.05 	 -0.062778
23.06 	 -0.0818059
23.07 	 -0.107261
23.08 	 -0.137202
23.09 	 -0.168628
23.1 	 -0.198699
23.11 	 -0.225745
23.12 	 -0.248684
23.13 	 -0.265045
23.14 	 -0.270022
23.15 	 -0.25851
23.16 	 -0.228949
23.17 	 -0.185404
23.18 	 -0.135751
23.19 	 -0.0877242
23.2 	 -0.0460851
23.21 	 -0.01231
23.22 	 0.0140596
23.23 	 0.0338734
23.24 	 0.0474151
23.25 	 0.054203
23.26 	 0.0537914
23.27 	 0.0473574
23.28 	 0.0388648
23.29 	 0.0344425
23.3 	 0.0398012
23.31 	 0.0573682
23.32 	 0.0854204
23.33 	 0.119797
23.34 	 0.156544
23.35 	 0.19332
23.36 	 0.228707
23.37 	 0.260515
23.38 	 0.284824
23.39 	 0.29654
23.4 	 0.291142
23.41 	 0.266703
23.42 	 0.224824
23.43 	 0.169745
23.44 	 0.106516
23.45 	 0.0397231
23.46 	 -0.02658
23.47 	 -0.088171
23.48 	 -0.140164
23.49 	 -0.177499
23.5 	 -0.196412
23.51 	 -0.195941
23.52 	 -0.178225
23.53 	 -0.147474
23.54 	 -0.108757
23.55 	 -0.0673859
23.56 	 -0.0285297
23.57 	 0.00340385
23.58 	 0.0254617
23.59 	 0.0363392
23.6 	 0.0358471
23.61 	 0.0245234
23.62 	 0.00435271
23.63 	 -0.0202132
23.64 	 -0.0429861
23.65 	 -0.0587356
23.66 	 -0.0652675
23.67 	 -0.0628172
23.68 	 -0.0519914
23.69 	 -0.0329186
23.7 	 -0.00616622
23.71 	 0.0261593
23.72 	 0.0603448
23.73 	 0.0920604
23.74 	 0.117748
23.75 	 0.135337
23.76 	 0.143789
23.77 	 0.142304
23.78 	 0.130327
23.79 	 0.108224
23.8 	 0.0776765
23.81 	 0.0413823
23.82 	 0.00252874
23.83 	 -0.0352282
23.84 	 -0.0674702
23.85 	 -0.0894557
23.86 	 -0.0976612
23.87 	 -0.0910882
23.88 	 -0.0709203
23.89 	 -0.0392457
23.9 	 0.00137307
23.91 	 0.0472748
23.92 	 0.0933901
23.93 	 0.133931
23.94 	 0.163405
23.95 	 0.177547
23.96 	 0.174453
23.97 	 0.155622
23.98 	 0.12597
23.99 	 0.0921746
24 	 0.059963
24.01 	 0.0324068
24.02 	 0.0107849
24.03 	 -0.00310512
24.04 	 -0.00627537
24.05 	 0.00310018
24.06 	 0.0225582
24.07 	 0.0449102
24.08 	 0.0614107
24.09 	 0.0659846
24.1 	 0.0572205
24.11 	 0.037107
24.12 	 0.00818547
24.13 	 -0.0282316
24.14 	 -0.0714919
24.15 	 -0.119723
24.16 	 -0.168656
24.17 	 -0.212342
24.18 	 -0.245416
24.19 	 -0.265233
24.2 	 -0.272086
24.21 	 -0.267381
24.22 	 -0.251755
24.23 	 -0.225008
24.24 	 -0.187435
24.25 	 -0.140805
24.26 	 -0.0883618
24.27 	 -0.0344405
24.28 	 0.0161608
24.29 	 0.0593704
24.3 	 0.0928598
24.31 	 0.115899
24.32 	 0.128603
24.33 	 0.13182
24.34 	 0.12751
24.35 	 0.118434
24.36 	 0.107099
24.37 	 0.0951161
24.38 	 0.0836295
24.39 	 0.0739054
24.4 	 0.0668677
24.41 	 0.0618893
24.42 	 0.0562674
24.43 	 0.0464026
24.44 	 0.0299769
24.45 	 0.00717362
24.46 	 -0.0199331
24.47 	 -0.0488415
24.48 	 -0.0777497
24.49 	 -0.105919
24.5 	 -0.133189
24.51 	 -0.158975
24.52 	 -0.18159
24.53 	 -0.198355
24.54 	 -0.20629
24.55 	 -0.203279
24.56 	 -0.189614
24.57 	 -0.168612
24.58 	 -0.144877
24.59 	 -0.121498
24.6 	 -0.0991359
24.61 	 -0.0775443
24.62 	 -0.057213
24.63 	 -0.0395232
24.64 	 -0.0260246
24.65 	 -0.017665
24.66 	 -0.0141413
24.67 	 -0.0137287
24.68 	 -0.0138408
24.69 	 -0.0119921
24.7 	 -0.0069046
24.71 	 0.000493508
24.72 	 0.0070906
24.73 	 0.00929822
24.74 	 0.00515662
24.75 	 -0.00541161
24.76 	 -0.0220281
24.77 	 -0.0443398
24.78 	 -0.0707833
24.79 	 -0.0979502
24.8 	 -0.121967
24.81 	 -0.140248
24.82 	 -0.15176
24.83 	 -0.156247
24.84 	 -0.15371
24.85 	 -0.144219
24.86 	 -0.127879
24.87 	 -0.105482
24.88 	 -0.0794957
24.89 	 -0.0536029
24.9 	 -0.0304286
24.91 	 -0.00986324
24.92 	 0.0101325
24.93 	 0.0314312
24.94 	 0.0546264
24.95 	 0.0793218
24.96 	 0.104668
24.97 	 0.129483
24.98 	 0.152111
24.99 	 0.170179
25 	 0.180759
25.01 	 0.181425
25.02 	 0.171788
25.03 	 0.154365
25.04 	 0.134065
25.05 	 0.116422
25.06 	 0.105632
25.07 	 0.103713
25.08 	 0.111168
25.09 	 0.128004
25.1 	 0.153671
25.11 	 0.186118
25.12 	 0.221526
25.13 	 0.255139
25.14 	 0.282287
25.15 	 0.299057
25.16 	 0.303115
25.17 	 0.294822
25.18 	 0.277533
25.19 	 0.255966
25.2 	 0.23342
25.21 	 0.210229
25.22 	 0.185044
25.23 	 0.157707
25.24 	 0.130661
25.25 	 0.107288
25.26 	 0.0889488
25.27 	 0.073805
25.28 	 0.05861
25.29 	 0.0415305
25.3 	 0.0231044
25.31 	 0.00503651
25.32 	 -0.0108797
25.33 	 -0.0225916
25.34 	 -0.0279668
25.35 	 -0.0264241
25.36 	 -0.0201753
25.37 	 -0.0129294
25.38 	 -0.00710471
25.39 	 -0.00264699
25.4 	 0.00147553
25.41 	 0.00514624
25.42 	 0.00667138
25.43 	 0.00416274
25.44 	 -0.00301857
25.45 	 -0.0141493
25.46 	 -0.028043
25.47 	 -0.0436719
25.48 	 -0.0596993
25.49 	 -0.0737113
25.5 	 -0.082982
25.51 	 -0.0868718
25.52 	 -0.0880921
25.53 	 -0.090718
25.54 	 -0.0968523
25.55 	 -0.105493
25.56 	 -0.114102
25.57 	 -0.1204
25.58 	 -0.122783
25.59 	 -0.119998
25.6 	 -0.110933
25.61 	 -0.0947166
25.62 	 -0.0712806
25.63 	 -0.0421429
25.64 	 -0.0106911
25.65 	 0.0184329
25.66 	 0.0405192
25.67 	 0.0519762
25.68 	 0.0511325
25.69 	 0.0384184
25.7 	 0.0158537
25.71 	 -0.0139147
25.72 	 -0.0484057
25.73 	 -0.0849791
25.74 	 -0.119413
25.75 	 -0.145492
25.76 	 -0.15738
25.77 	 -0.15307
25.78 	 -0.135201
25.79 	 -0.108515
25.8 	 -0.0773274
25.81 	 -0.0454198
25.82 	 -0.0168245
25.83 	 0.00468512
25.84 	 0.0169356
25.85 	 0.0196956
25.86 	 0.0137604
25.87 	 0.000318408
25.88 	 -0.0185378
25.89 	 -0.0393528
25.9 	 -0.0583016
25.91 	 -0.0728885
25.92 	 -0.0823131
25.93 	 -0.0863007
25.94 	 -0.0844747
25.95 	 -0.0772558
25.96 	 -0.0666991
25.97 	 -0.0558416
25.98 	 -0.0471942
25.99 	 -0.0416716
26 	 -0.0384164
26.01 	 -0.0354033
26.02 	 -0.0306796
26.03 	 -0.0237202
26.04 	 -0.0159091
26.05 	 -0.00964485
26.06 	 -0.00673826
26.07 	 -0.00725684
26.08 	 -0.00948724
26.09 	 -0.0109832
26.1 	 -0.010052
26.11 	 -0.00676345
26.12 	 -0.00281485
26.13 	 -0.000282396
26.14 	 -0.00030623
26.15 	 -0.00288879
26.16 	 -0.00762426
26.17 	 -0.0144071
26.18 	 -0.0238639
26.19 	 -0.0374649
26.2 	 -0.0567533
26.21 	 -0.0817199
26.22 	 -0.10968
26.23 	 -0.135843
26.24 	 -0.155286
26.25 	 -0.165187
26.26 	 -0.166036
26.27 	 -0.160669
26.28 	 -0.15148
26.29 	 -0.138563
26.3 	 -0.121178
26.31 	 -0.100706
26.32 	 -0.0810778
26.33 	 -0.0661239
26.34 	 -0.0573295
26.35 	 -0.0542383
26.36 	 -0.0559256
26.37 	 -0.0616419
26.38 	 -0.0708417
26.39 	 -0.0832837
26.4 	 -0.0988016
26.41 	 -0.11639
26.42 	 -0.133579
26.43 	 -0.146992
26.44 	 -0.153519
26.45 	 -0.151216
26.46 	 -0.13969
26.47 	 -0.119934
26.48 	 -0.0936639
26.49 	 -0.062534
26.5 	 -0.0277061
26.51 	 0.0097512
26.52 	 0.0478468
26.53 	 0.0832487
26.54 	 0.112386
26.55 	 0.132948
26.56 	 0.143896
26.57 	 0.144545
26.58 	 0.135031
26.59 	 0.117806
26.6 	 0.0970571
26.61 	 0.0758722
26.62 	 0.0551011
26.63 	 0.035625
26.64 	 0.0206423
26.65 	 0.0147136
26.66 	 0.0207025
26.67 	 0.0378296
26.68 	 0.0623723
26.69 	 0.0901139
26.7 	 0.118465
26.71 	 0.146604
26.72 	 0.174055
26.73 	 0.199812
26.74 	 0.222739
26.75 	 0.241749
26.76 	 0.255446
26.77 	 0.262807
26.78 	 0.264969
26.79 	 0.265619
26.8 	 0.268661
26.81 	 0.275221
26.82 	 0.282887
26.83 	 0.287676
26.84 	 0.286951
26.85 	 0.280912
26.86 	 0.271517
26.87 	 0.260172
26.88 	 0.246826
26.89 	 0.231241
26.9 	 0.214276
26.91 	 0.197438
26.92 	 0.181732
26.93 	 0.16743
26.94 	 0.154538
26.95 	 0.143034
26.96 	 0.13293
26.97 	 0.124655
26.98 	 0.119252
26.99 	 0.117614
27 	 0.119206
27.01 	 0.121877
27.02 	 0.123376
27.03 	 0.123285
27.04 	 0.123381
27.05 	 0.125737
27.06 	 0.130312
27.07 	 0.134442
27.08 	 0.134547
27.09 	 0.128215
27.1 	 0.115156
27.11 	 0.0969534
27.12 	 0.0760984
27.13 	 0.0548267
27.14 	 0.0344915
27.15 	 0.0158624
27.16 	 -0.000295911
27.17 	 -0.0131822
27.18 	 -0.0221499
27.19 	 -0.0267874
27.2 	 -0.0276185
27.21 	 -0.0272714
27.22 	 -0.0301061
27.23 	 -0.0396623
27.24 	 -0.0565192
27.25 	 -0.0788664
27.26 	 -0.104487
27.27 	 -0.131618
27.28 	 -0.158622
27.29 	 -0.183833
27.3 	 -0.20557
27.31 	 -0.221877
27.32 	 -0.230679
27.33 	 -0.230939
27.34 	 -0.223796
27.35 	 -0.2124
27.36 	 -0.200524
27.37 	 -0.19102
27.38 	 -0.184887
27.39 	 -0.181191
27.4 	 -0.177927
27.41 	 -0.173603
27.42 	 -0.168423
27.43 	 -0.163775
27.44 	 -0.160282
27.45 	 -0.156557
27.46 	 -0.150371
27.47 	 -0.14123
27.48 	 -0.131496
27.49 	 -0.12478
27.5 	 -0.123221
27.51 	 -0.126149
27.52 	 -0.131045
27.53 	 -0.135738
27.54 	 -0.140013
27.55 	 -0.14543
27.56 	 -0.153395
27.57 	 -0.163077
27.58 	 -0.171476
27.59 	 -0.175883
27.6 	 -0.175929
27.61 	 -0.172892
27.62 	 -0.167704
27.63 	 -0.16049
27.64 	 -0.151492
27.65 	 -0.141252
27.66 	 -0.129986
27.67 	 -0.117989
27.68 	 -0.106779
27.69 	 -0.0986866
27.7 	 -0.0947747
27.71 	 -0.0936785
27.72 	 -0.0929501
27.73 	 -0.0913324
27.74 	 -0.0893248
27.75 	 -0.0876971
27.76 	 -0.0861948
27.77 	 -0.0842157
27.78 	 -0.0823693
27.79 	 -0.0824272
27.8 	 -0.0853808
27.81 	 -0.0902371
27.82 	 -0.0954114
27.83 	 -0.100948
27.84 	 -0.108568
27.85 	 -0.119422
27.86 	 -0.132273
27.87 	 -0.143986
27.88 	 -0.15136
27.89 	 -0.152579
27.9 	 -0.14783
27.91 	 -0.139053
27.92 	 -0.128606
27.93 	 -0.11741
27.94 	 -0.104295
27.95 	 -0.087568
27.96 	 -0.0673987
27.97 	 -0.0463267
27.98 	 -0.0270547
27.99 	 -0.00984096
28 	 0.00746345
28.01 	 0.0266805
28.02 	 0.0471411
28.03 	 0.0665429
28.04 	 0.0833719
28.05 	 0.0977066
28.06 	 0.10963
28.07 	 0.117612
28.08 	 0.11921
28.09 	 0.113322
28.1 	 0.101075
28.11 	 0.0844264
28.12 	 0.0648186
28.13 	 0.0438465
28.14 	 0.0245058
28.15 	 0.01069
28.16 	 0.00533241
28.17 	 0.00928711
28.18 	 0.0215213
28.19 	 0.0397263
28.2 	 0.0610416
28.21 	 0.0830348
28.22 	 0.104312
28.23 	 0.124119
28.24 	 0.141528
28.25 	 0.155247
28.26 	 0.164019
28.27 	 0.166889
28.28 	 0.163393
28.29 	 0.154151
28.3 	 0.141329
28.31 	 0.127869
28.32 	 0.115731
28.33 	 0.104977
28.34 	 0.094749
28.35 	 0.0848978
28.36 	 0.0765546
28.37 	 0.0713662
28.38 	 0.0703002
28.39 	 0.0730518
28.4 	 0.0784928
28.41 	 0.0857276
28.42 	 0.0946803
28.43 	 0.105507
28.44 	 0.117518
28.45 	 0.129087
28.46 	 0.138893
28.47 	 0.147085
28.48 	 0.154928
28.49 	 0.163329
28.5 	 0.171829
28.51 	 0.178993
28.52 	 0.183746
28.53 	 0.18647
28.54 	 0.188807
28.55 	 0.192104
28.56 	 0.195956
28.57 	 0.198335
28.58 	 0.197177
28.59 	 0.19178
28.6 	 0.182855
28.61 	 0.171682
28.62 	 0.159437
28.63 	 0.147122
28.64 	 0.135736
28.65 	 0.126165
28.66 	 0.118847
28.67 	 0.113639
28.68 	 0.109785
28.69 	 0.105853
28.7 	 0.100058
28.71 	 0.091194
28.72 	 0.0793791
28.73 	 0.0657659
28.74 	 0.0513844
28.75 	 0.0362238
28.76 	 0.0195764
28.77 	 0.00149231
28.78 	 -0.0160839
28.79 	 -0.0299974
28.8 	 -0.0381983
28.81 	 -0.0416495
28.82 	 -0.04413
28.83 	 -0.050092
28.84 	 -0.062032
28.85 	 -0.0791158
28.86 	 -0.0980373
28.87 	 -0.115365
28.88 	 -0.129322
28.89 	 -0.139738
28.9 	 -0.147053
28.91 	 -0.151783
28.92 	 -0.154443
28.93 	 -0.155264
28.94 	 -0.153992
28.95 	 -0.150451
28.96 	 -0.145425
28.97 	 -0.140681
28.98 	 -0.137931
28.99 	 -0.137808
29 	 -0.139735
29.01 	 -0.142377
29.02 	 -0.144009
29.03 	 -0.142815
29.04 	 -0.137516
29.05 	 -0.128145
29.06 	 -0.116196
29.07 	 -0.103813
29.08 	 -0.0927661
29.09 	 -0.0841803
29.1 	 -0.0788161
29.11 	 -0.0770244
29.12 	 -0.0783883
29.13 	 -0.0818607
29.14 	 -0.0865107
29.15 	 -0.092015
29.16 	 -0.0984481
29.17 	 -0.105916
29.18 	 -0.114235
29.19 	 -0.122304
29.2 	 -0.127795
29.21 	 -0.128384
29.22 	 -0.123882
29.23 	 -0.11662
29.24 	 -0.108805
29.25 	 -0.0995296
29.26 	 -0.0853386
29.27 	 -0.06434
29.28 	 -0.0392715
29.29 	 -0.0160294
29.3 	 0.000469004
29.31 	 0.0087063
29.32 	 0.00982771
29.33 	 0.00586149
29.34 	 -0.00121448
29.35 	 -0.00976552
29.36 	 -0.0185841
29.37 	 -0.0264476
29.38 	 -0.0313577
29.39 	 -0.0305685
29.4 	 -0.0219753
29.41 	 -0.00570029
29.42 	 0.0159301
29.43 	 0.0400566
29.44 	 0.0646151
29.45 	 0.0879728
29.46 	 0.108017
29.47 	 0.122501
29.48 	 0.13045
29.49 	 0.132827
29.5 	 0.131493
29.51 	 0.127387
29.52 	 0.119584
29.53 	 0.1061
29.54 	 0.0859623
29.55 	 0.0608308
29.56 	 0.0346606
29.57 	 0.0115229
29.58 	 -0.00651224
29.59 	 -0.0196255
29.6 	 -0.0288095
29.61 	 -0.0344955
29.62 	 -0.0364469
29.63 	 -0.0344742
29.64 	 -0.0289456
29.65 	 -0.0208461
29.66 	 -0.0116489
29.67 	 -0.00293748
29.68 	 0.00420654
29.69 	 0.00947088
29.7 	 0.0128905
29.71 	 0.0142327
29.72 	 0.0129366
29.73 	 0.00881412
29.74 	 0.0027327
29.75 	 -0.00381895
29.76 	 -0.0100775
29.77 	 -0.016678
29.78 	 -0.0246206
29.79 	 -0.0335232
29.8 	 -0.0411413
29.81 	 -0.0448678
29.82 	 -0.0439707
29.83 	 -0.0404793
29.84 	 -0.0375132
29.85 	 -0.0364216
29.86 	 -0.035973
29.87 	 -0.0346622
29.88 	 -0.0331919
29.89 	 -0.0340443
29.9 	 -0.0388141
29.91 	 -0.0464698
29.92 	 -0.0542072
29.93 	 -0.0596491
29.94 	 -0.0623363
29.95 	 -0.0636298
29.96 	 -0.0654492
29.97 	 -0.0687695
29.98 	 -0.0726574
29.99 	 -0.0746727
30 	 -0.0729333
30.01 	 -0.0681754
30.02 	 -0.0633159
30.03 	 -0.0606403
30.04 	 -0.0597753
30.05 	 -0.0586437
30.06 	 -0.0558805
30.07 	 -0.0519612
30.08 	 -0.0484915
30.09 	 -0.0468835
30.1 	 -0.0473182
30.11 	 -0.0484196
30.12 	 -0.0481201
30.13 	 -0.0452793
30.14 	 -0.0404047
30.15 	 -0.0347666
30.16 	 -0.0292138
30.17 	 -0.0238615
30.18 	 -0.0181437
30.19 	 -0.0108669
30.2 	 -0.00114891
30.21 	 0.0100824
30.22 	 0.0203545
30.23 	 0.028257
30.24 	 0.0352953
30.25 	 0.0443015
30.26 	 0.0562633
30.27 	 0.0695116
30.28 	 0.0819287
30.29 	 0.0932045
30.3 	 0.104722
30.31 	 0.117752
30.32 	 0.132195
30.33 	 0.146978
30.34 	 0.161255
30.35 	 0.174924
30.36 	 0.18798
30.37 	 0.199816
30.38 	 0.209573
30.39 	 0.21691
30.4 	 0.221812
30.41 	 0.223746
30.42 	 0.221733
30.43 	 0.2154
30.44 	 0.205414
30.45 	 0.192665
30.46 	 0.17758
30.47 	 0.160795
30.48 	 0.144209
30.49 	 0.130637
30.5 	 0.12202
30.51 	 0.117981
30.52 	 0.116314
30.53 	 0.114895
30.54 	 0.112855
30.55 	 0.110111
30.56 	 0.106445
30.57 	 0.101374
30.58 	 0.0946707
30.59 	 0.0866249
30.6 	 0.0775613
30.61 	 0.06725
30.62 	 0.0551717
30.63 	 0.0417032
30.64 	 0.028929
30.65 	 0.0196387
30.66 	 0.0151544
30.67 	 0.0143835
30.68 	 0.0150881
30.69 	 0.0157292
30.7 	 0.0160006
30.71 	 0.0160733
30.72 	 0.0158788
30.73 	 0.015159
30.74 	 0.0136053
30.75 	 0.0103673
30.76 	 0.00369487
30.77 	 -0.0080514
30.78 	 -0.0245021
30.79 	 -0.0426314
30.8 	 -0.0583805
30.81 	 -0.068898
30.82 	 -0.0733546
30.83 	 -0.0723451
30.84 	 -0.0671492
30.85 	 -0.0593917
30.86 	 -0.0506672
30.87 	 -0.0420307
30.88 	 -0.0340849
30.89 	 -0.02793
30.9 	 -0.0256907
30.91 	 -0.0293953
30.92 	 -0.0392559
30.93 	 -0.0534444
30.94 	 -0.0695453
30.95 	 -0.0859002
30.96 	 -0.101685
30.97 	 -0.116343
30.98 	 -0.129305
30.99 	 -0.140065
31 	 -0.148373
31.01 	 -0.154248
31.02 	 -0.157581
31.03 	 -0.157716
31.04 	 -0.153917
31.05 	 -0.146522
31.06 	 -0.137241
31.07 	 -0.127906
31.08 	 -0.119208
31.09 	 -0.111112
31.1 	 -0.104254
31.11 	 -0.100226
31.12 	 -0.10019
31.13 	 -0.103572
31.14 	 -0.108396
31.15 	 -0.112794
31.16 	 -0.116064
31.17 	 -0.118421
31.18 	 -0.119848
31.19 	 -0.119313
31.2 	 -0.115315
31.21 	 -0.107334
31.22 	 -0.0966399
31.23 	 -0.0854936
31.24 	 -0.0756405
31.25 	 -0.067841
31.26 	 -0.0626293
31.27 	 -0.0606468
31.28 	 -0.0617712
31.29 	 -0.0645394
31.3 	 -0.0671772
31.31 	 -0.0691195
31.32 	 -0.0709635
31.33 	 -0.0728109
31.34 	 -0.0731556
31.35 	 -0.0698364
31.36 	 -0.0620794
31.37 	 -0.0514455
31.38 	 -0.0407653
31.39 	 -0.0321921
31.4 	 -0.0261816
31.41 	 -0.021997
31.42 	 -0.0186953
31.43 	 -0.0155668
31.44 	 -0.012248
31.45 	 -0.0088612
31.46 	 -0.00567394
31.47 	 -0.00219326
31.48 	 0.00300047
31.49 	 0.0108733
31.5 	 0.0204511
31.51 	 0.0291209
31.52 	 0.0344603
31.53 	 0.0357227
31.54 	 0.0339347
31.55 	 0.0308332
31.56 	 0.0272089
31.57 	 0.0219846
31.58 	 0.0134896
31.59 	 0.00186769
31.6 	 -0.0105894
31.61 	 -0.0220132
31.62 	 -0.0329322
31.63 	 -0.0446685
31.64 	 -0.0563632
31.65 	 -0.0648882
31.66 	 -0.0678191
31.67 	 -0.0654594
31.68 	 -0.059495
31.69 	 -0.0505685
31.7 	 -0.0380533
31.71 	 -0.0220539
31.72 	 -0.00498622
31.73 	 0.00920286
31.74 	 0.0174098
31.75 	 0.0191713
31.76 	 0.0165278
31.77 	 0.0122484
31.78 	 0.00809008
31.79 	 0.00467773
31.8 	 0.00274182
31.81 	 0.00386987
31.82 	 0.00972008
31.83 	 0.0207344
31.84 	 0.0357555
31.85 	 0.0525173
31.86 	 0.068307
31.87 	 0.0807307
31.88 	 0.0886768
31.89 	 0.0926889
31.9 	 0.0940879
31.91 	 0.0938091
31.92 	 0.0922059
31.93 	 0.0896114
31.94 	 0.0867289
31.95 	 0.0845193
31.96 	 0.0838228
31.97 	 0.0850043
31.98 	 0.0879258
31.99 	 0.0923034
32 	 0.0979706
32.01 	 0.104662
32.02 	 0.11171
32.03 	 0.118268
32.04 	 0.123941
32.05 	 0.129031
32.06 	 0.134147
32.07 	 0.139556
32.08 	 0.144784
32.09 	 0.14886
32.1 	 0.150945
32.11 	 0.15056
32.12 	 0.147253
32.13 	 0.140535
32.14 	 0.130614
32.15 	 0.11911
32.16 	 0.108449
32.17 	 0.100227
32.18 	 0.0945246
32.19 	 0.0909989
32.2 	 0.0900618
32.21 	 0.0925521
32.22 	 0.0986298
32.23 	 0.107406
32.24 	 0.117358
32.25 	 0.126614
32.26 	 0.13313
32.27 	 0.135465
32.28 	 0.133787
32.29 	 0.129795
32.3 	 0.12533
32.31 	 0.120912
32.32 	 0.115679
32.33 	 0.108766
32.34 	 0.100564
32.35 	 0.0923073
32.36 	 0.0845183
32.37 	 0.0762326
32.38 	 0.0658214
32.39 	 0.0523633
32.4 	 0.0362452
32.41 	 0.0190098
32.42 	 0.00292279
32.43 	 -0.00996259
32.44 	 -0.0190523
32.45 	 -0.0254505
32.46 	 -0.0306195
32.47 	 -0.0348819
32.48 	 -0.0374715
32.49 	 -0.037967
32.5 	 -0.0373868
32.51 	 -0.0378766
32.52 	 -0.0414563
32.53 	 -0.0487712
32.54 	 -0.0586987
32.55 	 -0.0692601
32.56 	 -0.079124
32.57 	 -0.0882796
32.58 	 -0.0972497
32.59 	 -0.105714
32.6 	 -0.112194
32.61 	 -0.115326
32.62 	 -0.115263
32.63 	 -0.113556
32.64 	 -0.111793
32.65 	 -0.110692
32.66 	 -0.110483
32.67 	 -0.111568
32.68 	 -0.114176
32.69 	 -0.11753
32.7 	 -0.120002
32.71 	 -0.12044
32.72 	 -0.119252
32.73 	 -0.117874
32.74 	 -0.117111
32.75 	 -0.116303
32.76 	 -0.114172
32.77 	 -0.110091
32.78 	 -0.104459
32.79 	 -0.098428
32.8 	 -0.0936834
32.81 	 -0.0919178
32.82 	 -0.0935757
32.83 	 -0.097048
32.84 	 -0.0995642
32.85 	 -0.099096
32.86 	 -0.0955478
32.87 	 -0.0904536
32.88 	 -0.0857109
32.89 	 -0.082238
32.9 	 -0.0792721
32.91 	 -0.0748116
32.92 	 -0.0669791
32.93 	 -0.055425
32.94 	 -0.0420561
32.95 	 -0.0306357
32.96 	 -0.0249956
32.97 	 -0.0266607
32.98 	 -0.033768
32.99 	 -0.0425262
33 	 -0.0503466
33.01 	 -0.0580029
33.02 	 -0.0687163
33.03 	 -0.0849101
33.04 	 -0.105672
33.05 	 -0.127287
33.06 	 -0.146195
33.07 	 -0.161399
33.08 	 -0.174153
33.09 	 -0.185619
33.1 	 -0.194905
33.11 	 -0.199223
33.12 	 -0.19574
33.13 	 -0.183176
33.14 	 -0.162088
33.15 	 -0.134462
33.16 	 -0.103325
33.17 	 -0.0719808
33.18 	 -0.042738
33.19 	 -0.0164826
33.2 	 0.00617796
33.21 	 0.0239384
33.22 	 0.035648
33.23 	 0.0416544
33.24 	 0.0434997
33.25 	 0.0425951
33.26 	 0.0399427
33.27 	 0.0368404
33.28 	 0.0349215
33.29 	 0.0353652
33.3 	 0.0384846
33.31 	 0.0439358
33.32 	 0.0509458
33.33 	 0.0585697
33.34 	 0.0661802
33.35 	 0.0739201
33.36 	 0.082685
33.37 	 0.0933284
33.38 	 0.105413
33.39 	 0.116726
33.4 	 0.124404
33.41 	 0.126716
33.42 	 0.123663
33.43 	 0.116224
33.44 	 0.105672
33.45 	 0.0935271
33.46 	 0.0812995
33.47 	 0.0698309
33.48 	 0.0592533
33.49 	 0.0498112
33.5 	 0.0423367
33.51 	 0.0377943
33.52 	 0.036696
33.53 	 0.0390206
33.54 	 0.0443878
33.55 	 0.0520879
33.56 	 0.0610017
33.57 	 0.069769
33.58 	 0.0773093
33.59 	 0.0832548
33.6 	 0.0877542
33.61 	 0.0907241
33.62 	 0.0913876
33.63 	 0.0887774
33.64 	 0.0826506
33.65 	 0.0738117
33.66 	 0.0638455
33.67 	 0.0547591
33.68 	 0.0485624
33.69 	 0.0467796
33.7 	 0.0501473
33.71 	 0.0585629
33.72 	 0.0711764
33.73 	 0.0866555
33.74 	 0.103615
33.75 	 0.120855
33.76 	 0.137034
33.77 	 0.150113
33.78 	 0.157632
33.79 	 0.158072
33.8 	 0.151886
33.81 	 0.140916
33.82 	 0.127092
33.83 	 0.112101
33.84 	 0.0979315
33.85 	 0.0865823
33.86 	 0.0786331
33.87 	 0.0727322
33.88 	 0.0671918
33.89 	 0.061776
33.9 	 0.0574026
33.91 	 0.0543005
33.92 	 0.0510114
33.93 	 0.0454612
33.94 	 0.0368964
33.95 	 0.0264259
33.96 	 0.0155559
33.97 	 0.00469044
33.98 	 -0.00643693
33.99 	 -0.0172341
34 	 -0.0261173
34.01 	 -0.0321613
34.02 	 -0.0360817
34.03 	 -0.0390584
34.04 	 -0.0410968
34.05 	 -0.0409672
34.06 	 -0.0374783
34.07 	 -0.0306337
34.08 	 -0.0217279
34.09 	 -0.0124273
34.1 	 -0.00372819
34.11 	 0.0042454
34.12 	 0.0115919
34.13 	 0.0180228
34.14 	 0.0228664
34.15 	 0.0253275
34.16 	 0.0247044
34.17 	 0.0208133
34.18 	 0.0144137
34.19 	 0.0069295
34.2 	 -0.000343024
34.21 	 -0.00651061
34.22 	 -0.0107202
34.23 	 -0.012013
34.24 	 -0.00958527
34.25 	 -0.00300347
34.26 	 0.00760949
34.27 	 0.0212584
34.28 	 0.0359976
34.29 	 0.0494631
34.3 	 0.0596171
34.31 	 0.0649942
34.32 	 0.0645601
34.33 	 0.0577275
34.34 	 0.0443328
34.35 	 0.0243717
34.36 	 -0.00188299
34.37 	 -0.0330649
34.38 	 -0.0660885
34.39 	 -0.0967964
34.4 	 -0.121663
34.41 	 -0.139115
34.42 	 -0.149462
34.43 	 -0.153809
34.44 	 -0.152971
34.45 	 -0.147167
34.46 	 -0.13662
34.47 	 -0.12243
34.48 	 -0.106688
34.49 	 -0.0917421
34.5 	 -0.0796272
34.51 	 -0.072165
34.52 	 -0.0708765
34.53 	 -0.0759046
34.54 	 -0.0849565
34.55 	 -0.0942291
34.56 	 -0.10112
34.57 	 -0.10578
34.58 	 -0.10953
34.59 	 -0.112122
34.6 	 -0.111383
34.61 	 -0.105743
34.62 	 -0.0964313
34.63 	 -0.0866616
34.64 	 -0.078882
34.65 	 -0.0731383
34.66 	 -0.0680199
34.67 	 -0.0629487
34.68 	 -0.0592061
34.69 	 -0.0585233
34.7 	 -0.0610416
34.71 	 -0.0651927
34.72 	 -0.0693794
34.73 	 -0.0730024
34.74 	 -0.0757563
34.75 	 -0.0768172
34.76 	 -0.075318
34.77 	 -0.0711953
34.78 	 -0.0649941
34.79 	 -0.0569253
34.8 	 -0.0464755
34.81 	 -0.033162
34.82 	 -0.017716
34.83 	 -0.00220073
34.84 	 0.0113858
34.85 	 0.0223265
34.86 	 0.0306511
34.87 	 0.0358943
34.88 	 0.0372232
34.89 	 0.0347819
34.9 	 0.0300135
34.91 	 0.0242426
34.92 	 0.0175118
34.93 	 0.00915228
34.94 	 -0.000884709
34.95 	 -0.0115206
34.96 	 -0.0212413
34.97 	 -0.0291614
34.98 	 -0.0354181
34.99 	 -0.0405939
35 	 -0.0447604
35.01 	 -0.0471497
35.02 	 -0.0468944
35.03 	 -0.0439016
35.04 	 -0.0388018
35.05 	 -0.0324142
35.06 	 -0.0255883
35.07 	 -0.0191668
35.08 	 -0.0135322
35.09 	 -0.0082649
35.1 	 -0.00276487
35.11 	 0.0028033
35.12 	 0.00773441
35.13 	 0.0120215
35.14 	 0.0168333
35.15 	 0.0234687
35.16 	 0.0321028
35.17 	 0.0418389
35.18 	 0.0517822
35.19 	 0.0615923
35.2 	 0.0710725
35.21 	 0.0797988
35.22 	 0.0871952
35.23 	 0.0926245
35.24 	 0.0955116
35.25 	 0.0956869
35.26 	 0.0935217
35.27 	 0.0894829
35.28 	 0.0836881
35.29 	 0.0761628
35.3 	 0.067308
35.31 	 0.0577788
35.32 	 0.0481105
35.33 	 0.0387054
35.34 	 0.0300201
35.35 	 0.0225953
35.36 	 0.0169412
35.37 	 0.0134952
35.38 	 0.0126213
35.39 	 0.0143414
35.4 	 0.0179101
35.41 	 0.0218117
35.42 	 0.024398
35.43 	 0.0248744
35.44 	 0.023879
35.45 	 0.0227212
35.46 	 0.0216824
35.47 	 0.0194853
35.48 	 0.0150453
35.49 	 0.00948139
35.5 	 0.00558971
35.51 	 0.00528415
35.52 	 0.00830277
35.53 	 0.0133869
35.54 	 0.0196302
35.55 	 0.0262373
35.56 	 0.0318256
35.57 	 0.0348969
35.58 	 0.035028
35.59 	 0.0330856
35.6 	 0.0301707
35.61 	 0.0267339
35.62 	 0.0227574
35.63 	 0.0184361
35.64 	 0.0145219
35.65 	 0.0120386
35.66 	 0.0116072
35.67 	 0.0130164
35.68 	 0.0155058
35.69 	 0.0183591
35.7 	 0.0210504
35.71 	 0.022931
35.72 	 0.0231219
35.73 	 0.0209828
35.74 	 0.0167051
35.75 	 0.0112657
35.76 	 0.00566526
35.77 	 0.000295914
35.78 	 -0.00486801
35.79 	 -0.00972606
35.8 	 -0.014044
35.81 	 -0.017886
35.82 	 -0.0216683
35.83 	 -0.025775
35.84 	 -0.0303738
35.85 	 -0.0353753
35.86 	 -0.040188
35.87 	 -0.0437461
35.88 	 -0.0451
35.89 	 -0.0437779
35.9 	 -0.0393867
35.91 	 -0.0312251
35.92 	 -0.0188109
35.93 	 -0.00289645
35.94 	 0.0142856
35.95 	 0.0300178
35.96 	 0.0424608
35.97 	 0.0512501
35.98 	 0.0570682
35.99 	 0.0606988
36 	 0.062209
36.01 	 0.0608365
36.02 	 0.0559265
36.03 	 0.0483327
36.04 	 0.040683
36.05 	 0.0357472
36.06 	 0.0344477
36.07 	 0.0355893
36.08 	 0.0373498
36.09 	 0.0387834
36.1 	 0.0400783
36.11 	 0.0417261
36.12 	 0.0435091
36.13 	 0.0443787
36.14 	 0.0434497
36.15 	 0.0409281
36.16 	 0.0379268
36.17 	 0.0355344
36.18 	 0.0341166
36.19 	 0.0332128
36.2 	 0.0319172
36.21 	 0.0297825
36.22 	 0.0277298
36.23 	 0.0277047
36.24 	 0.0307748
36.25 	 0.0353095
36.26 	 0.0373804
36.27 	 0.0335607
36.28 	 0.0235872
36.29 	 0.0100722
36.3 	 -0.0044273
36.31 	 -0.0194837
36.32 	 -0.0356511
36.33 	 -0.0521172
36.34 	 -0.0665751
36.35 	 -0.0771844
36.36 	 -0.0836287
36.37 	 -0.0861569
36.38 	 -0.084576
36.39 	 -0.0787886
36.4 	 -0.0699105
36.41 	 -0.0603203
36.42 	 -0.0525285
36.43 	 -0.0479459
36.44 	 -0.0464456
36.45 	 -0.046881
36.46 	 -0.0481121
36.47 	 -0.0497267
36.48 	 -0.0518356
36.49 	 -0.0543122
36.5 	 -0.0565376
36.51 	 -0.0580568
36.52 	 -0.059295
36.53 	 -0.0611477
36.54 	 -0.0636751
36.55 	 -0.0656092
36.56 	 -0.0655136
36.57 	 -0.0632915
36.58 	 -0.0601866
36.59 	 -0.0572048
36.6 	 -0.053888
36.61 	 -0.0488785
36.62 	 -0.0415045
36.63 	 -0.0327726
36.64 	 -0.0251212
36.65 	 -0.0212157
36.66 	 -0.0224436
36.67 	 -0.0281159
36.68 	 -0.0362016
36.69 	 -0.0449699
36.7 	 -0.0536871
36.71 	 -0.0618551
36.72 	 -0.0686027
36.73 	 -0.073086
36.74 	 -0.0747734
36.75 	 -0.0730745
36.76 	 -0.0674271
36.77 	 -0.0582083
36.78 	 -0.0470978
36.79 	 -0.0361485
36.8 	 -0.0266999
36.81 	 -0.0192233
36.82 	 -0.0137125
36.83 	 -0.00989493
36.84 	 -0.00724957
36.85 	 -0.00504155
36.86 	 -0.00254245
36.87 	 0.000417887
36.88 	 0.00322582
36.89 	 0.00542136
36.9 	 0.00782284
36.91 	 0.0119433
36.92 	 0.0180509
36.93 	 0.0244275
36.94 	 0.0288477
36.95 	 0.0303275
36.96 	 0.0293405
36.97 	 0.0271108
36.98 	 0.0251953
36.99 	 0.0252687
37 	 0.0286117
37.01 	 0.0354729
37.02 	 0.0447859
37.03 	 0.0547012
37.04 	 0.0639662
37.05 	 0.0729706
37.06 	 0.0829724
37.07 	 0.0940073
37.08 	 0.103875
37.09 	 0.109485
37.1 	 0.109123
37.11 	 0.103475
37.12 	 0.0948449
37.13 	 0.0855814
37.14 	 0.0768878
37.15 	 0.0686918
37.16 	 0.0604781
37.17 	 0.0521438
37.18 	 0.044182
37.19 	 0.037374
37.2 	 0.0323866
37.21 	 0.0294452
37.22 	 0.0282413
37.23 	 0.0283027
37.24 	 0.0296096
37.25 	 0.0326131
37.26 	 0.0373696
37.27 	 0.0428897
37.28 	 0.0477163
37.29 	 0.0509321
37.3 	 0.0522214
37.31 	 0.0513438
37.32 	 0.0483504
37.33 	 0.044251
37.34 	 0.0405824
37.35 	 0.0380413
37.36 	 0.0360574
37.37 	 0.0338388
37.38 	 0.0314762
37.39 	 0.0299249
37.4 	 0.0300869
37.41 	 0.0318218
37.42 	 0.0336917
37.43 	 0.0340851
37.44 	 0.0330483
37.45 	 0.0325982
37.46 	 0.0346181
37.47 	 0.0388162
37.48 	 0.0434265
37.49 	 0.0474588
37.5 	 0.0512985
37.51 	 0.0551993
37.52 	 0.0581594
37.53 	 0.0585595
37.54 	 0.0553043
37.55 	 0.048221
37.56 	 0.0379067
37.57 	 0.0254644
37.58 	 0.0122437
37.59 	 -0.000357093
37.6 	 -0.0111333
37.61 	 -0.019462
37.62 	 -0.0254162
37.63 	 -0.029204
37.64 	 -0.0306631
37.65 	 -0.0298267
37.66 	 -0.0277839
37.67 	 -0.0260917
37.68 	 -0.0252265
37.69 	 -0.024465
37.7 	 -0.023476
37.71 	 -0.0231605
37.72 	 -0.0244961
37.73 	 -0.0272396
37.74 	 -0.0302957
37.75 	 -0.0328215
37.76 	 -0.0345075
37.77 	 -0.0353865
37.78 	 -0.0359745
37.79 	 -0.0373254
37.8 	 -0.040415
37.81 	 -0.0452665
37.82 	 -0.050685
37.83 	 -0.0548985
37.84 	 -0.0566494
37.85 	 -0.0558902
37.86 	 -0.0533462
37.87 	 -0.049308
37.88 	 -0.0432468
37.89 	 -0.0349455
37.9 	 -0.0255323
37.91 	 -0.0168691
37.92 	 -0.0102335
37.93 	 -0.00609711
37.94 	 -0.00495076
37.95 	 -0.00767034
37.96 	 -0.0148625
37.97 	 -0.0261014
37.98 	 -0.0397945
37.99 	 -0.0536275
38 	 -0.0653974
38.01 	 -0.0739279
38.02 	 -0.0794864
38.03 	 -0.0832646
38.04 	 -0.0861413
38.05 	 -0.0877279
38.06 	 -0.0866355
38.07 	 -0.0818157
38.08 	 -0.0738517
38.09 	 -0.0650787
38.1 	 -0.0582572
38.11 	 -0.0547292
38.12 	 -0.0536671
38.13 	 -0.0532012
38.14 	 -0.0523334
38.15 	 -0.0515827
38.16 	 -0.0518527
38.17 	 -0.0532342
38.18 	 -0.0550739
38.19 	 -0.0566385
38.2 	 -0.0572478
38.21 	 -0.0559984
38.22 	 -0.051992
38.23 	 -0.0451546
38.24 	 -0.0365844
38.25 	 -0.0278234
38.26 	 -0.0198267
38.27 	 -0.0126383
38.28 	 -0.00578189
38.29 	 0.00125163
38.3 	 0.00864776
38.31 	 0.0159244
38.32 	 0.0220037
38.33 	 0.0262131
38.34 	 0.0293763
38.35 	 0.0333155
38.36 	 0.0388675
38.37 	 0.0448414
38.38 	 0.0494373
38.39 	 0.0523166
38.4 	 0.0545921
38.41 	 0.0569209
38.42 	 0.0584016
38.43 	 0.0576931
38.44 	 0.0547692
38.45 	 0.0510858
38.46 	 0.0481198
38.47 	 0.0461381
38.48 	 0.0444817
38.49 	 0.042655
38.5 	 0.0407524
38.51 	 0.0389428
38.52 	 0.0369562
38.53 	 0.0342875
38.54 	 0.0307895
38.55 	 0.0268665
38.56 	 0.0230131
38.57 	 0.019312
38.58 	 0.0156658
38.59 	 0.0125043
38.6 	 0.0108021
38.61 	 0.0111173
38.62 	 0.0128736
38.63 	 0.0148691
38.64 	 0.0163528
38.65 	 0.0174149
38.66 	 0.0184423
38.67 	 0.0193565
38.68 	 0.0194035
38.69 	 0.0177418
38.7 	 0.0143107
38.71 	 0.0100648
38.72 	 0.00631314
38.73 	 0.00396708
38.74 	 0.00341219
38.75 	 0.00461207
38.76 	 0.00692514
38.77 	 0.00916382
38.78 	 0.0104333
38.79 	 0.0108769
38.8 	 0.011195
38.81 	 0.0114978
38.82 	 0.0110271
38.83 	 0.00902338
38.84 	 0.00551837
38.85 	 0.00119004
38.86 	 -0.00320614
38.87 	 -0.00704884
38.88 	 -0.00979358
38.89 	 -0.0110905
38.9 	 -0.0109997
38.91 	 -0.00993213
38.92 	 -0.00833057
38.93 	 -0.00649302
38.94 	 -0.00473107
38.95 	 -0.00351273
38.96 	 -0.00324042
38.97 	 -0.00393567
38.98 	 -0.00526481
38.99 	 -0.00688023
39 	 -0.00873791
39.01 	 -0.0110802
39.02 	 -0.0140836
39.03 	 -0.0175944
39.04 	 -0.0212664
39.05 	 -0.0247972
39.06 	 -0.0278887
39.07 	 -0.0302008
39.08 	 -0.0316123
39.09 	 -0.0323807
39.1 	 -0.032779
39.11 	 -0.0327635
39.12 	 -0.0322963
39.13 	 -0.0316926
39.14 	 -0.0312169
39.15 	 -0.0305911
39.16 	 -0.0293717
39.17 	 -0.0276763
39.18 	 -0.0261093
39.19 	 -0.0249809
39.2 	 -0.0239036
39.21 	 -0.0222182
39.22 	 -0.0196643
39.23 	 -0.0165671
39.24 	 -0.0134606
39.25 	 -0.010633
39.26 	 -0.00803188
39.27 	 -0.00555173
39.28 	 -0.00331967
39.29 	 -0.00161818
39.3 	 -0.000559876
39.31 	 7.82869e-05
39.32 	 0.000698131
39.33 	 0.00161709
39.34 	 0.00294245
39.35 	 0.00454357
39.36 	 0.00605516
39.37 	 0.00706028
39.38 	 0.00743812
39.39 	 0.00746916
39.4 	 0.00752707
39.41 	 0.00776405
39.42 	 0.00814905
39.43 	 0.00867017
39.44 	 0.00938394
39.45 	 0.0103453
39.46 	 0.0115778
39.47 	 0.0130567
39.48 	 0.0147078
39.49 	 0.0164725
39.5 	 0.01831
39.51 	 0.0200471
39.52 	 0.0213161
39.53 	 0.0217893
39.54 	 0.021485
39.55 	 0.020777
39.56 	 0.0201198
39.57 	 0.0197698
39.58 	 0.0196963
39.59 	 0.0197009
39.6 	 0.0196545
39.61 	 0.0196406
39.62 	 0.0198435
39.63 	 0.0203094
39.64 	 0.0208835
39.65 	 0.0213652
39.66 	 0.0216708
39.67 	 0.0218415
39.68 	 0.021941
39.69 	 0.0219685
39.7 	 0.0218782
39.71 	 0.0216546
39.72 	 0.0213318
39.73 	 0.0209394
39.74 	 0.020486
39.75 	 0.0199938
39.76 	 0.0194883
39.77 	 0.0189127
39.78 	 0.0181387
39.79 	 0.0171202
39.8 	 0.0159941
39.81 	 0.0149636
39.82 	 0.0141231
39.83 	 0.0134257
39.84 	 0.0127988
39.85 	 0.012196
39.86 	 0.0115695
39.87 	 0.0108601
39.88 	 0.0100614
39.89 	 0.00921341
39.9 	 0.0083476
39.91 	 0.00744325
39.92 	 0.00647673
39.93 	 0.0054278
39.94 	 0.00431148
39.95 	 0.00317981
39.96 	 0.00216636
39.97 	 0.00138083
39.98 	 0.00100885
39.99 	 0.000905743
