0 	 -0.000428894
0.01 	 -0.000546355
0.02 	 -0.000161178
0.03 	 4.30693e-05
0.04 	 -2.11698e-05
0.05 	 1.29819e-05
0.06 	 -8.66977e-06
0.07 	 6.53105e-06
0.08 	 -4.65975e-06
0.09 	 4.10979e-06
0.1 	 -2.75739e-06
0.11 	 3.01192e-06
0.12 	 -1.61925e-06
0.13 	 2.502e-06
0.14 	 -8.1186e-07
0.15 	 2.30698e-06
0.16 	 -1.60604e-07
0.17 	 2.30403e-06
0.18 	 4.13466e-07
0.19 	 2.42509e-06
0.2 	 9.42481e-07
0.21 	 2.62424e-06
0.22 	 1.4397e-06
0.23 	 2.87457e-06
0.24 	 1.91647e-06
0.25 	 3.16308e-06
0.26 	 2.37965e-06
0.27 	 3.47363e-06
0.28 	 2.81868e-06
0.29 	 3.77824e-06
0.3 	 3.21341e-06
0.31 	 4.04954e-06
0.32 	 3.54009e-06
0.33 	 4.25185e-06
0.34 	 3.76737e-06
0.35 	 4.37068e-06
0.36 	 3.92973e-06
0.37 	 4.48871e-06
0.38 	 4.13744e-06
0.39 	 4.70174e-06
0.4 	 4.46256e-06
0.41 	 5.07246e-06
0.42 	 4.97521e-06
0.43 	 5.65277e-06
0.44 	 5.66836e-06
0.45 	 6.35761e-06
0.46 	 6.40748e-06
0.47 	 7.04305e-06
0.48 	 7.06036e-06
0.49 	 7.57825e-06
0.5 	 7.48654e-06
0.51 	 7.82875e-06
0.52 	 7.61051e-06
0.53 	 7.82799e-06
0.54 	 7.57081e-06
0.55 	 7.74558e-06
0.56 	 7.47975e-06
0.57 	 7.59961e-06
0.58 	 7.29393e-06
0.59 	 7.34479e-06
0.6 	 7.00685e-06
0.61 	 7.01211e-06
0.62 	 6.64968e-06
0.63 	 6.5871e-06
0.64 	 6.15759e-06
0.65 	 6.01383e-06
0.66 	 5.56326e-06
0.67 	 5.43295e-06
0.68 	 5.05333e-06
0.69 	 4.99536e-06
0.7 	 4.70543e-06
0.71 	 4.70232e-06
0.72 	 4.43618e-06
0.73 	 4.37833e-06
0.74 	 4.0178e-06
0.75 	 3.84154e-06
0.76 	 3.41769e-06
0.77 	 3.23754e-06
0.78 	 2.87546e-06
0.79 	 2.75282e-06
0.8 	 2.44178e-06
0.81 	 2.37202e-06
0.82 	 2.18674e-06
0.83 	 2.30317e-06
0.84 	 2.32477e-06
0.85 	 2.56575e-06
0.86 	 2.58966e-06
0.87 	 2.67857e-06
0.88 	 2.41881e-06
0.89 	 2.08194e-06
0.9 	 1.27507e-06
0.91 	 2.76346e-07
0.92 	 -1.25078e-06
0.93 	 -2.9978e-06
0.94 	 -5.26179e-06
0.95 	 -7.73484e-06
0.96 	 -1.06773e-05
0.97 	 -1.37476e-05
0.98 	 -1.71517e-05
0.99 	 -2.05564e-05
1 	 -2.41994e-05
1.01 	 -2.78183e-05
1.02 	 -3.16868e-05
1.03 	 -3.55732e-05
1.04 	 -3.97337e-05
1.05 	 -4.39101e-05
1.06 	 -4.83005e-05
1.07 	 -5.2625e-05
1.08 	 -5.70685e-05
1.09 	 -6.1356e-05
1.1 	 -6.56431e-05
1.11 	 -6.96492e-05
1.12 	 -7.35466e-05
1.13 	 -7.71046e-05
1.14 	 -8.05006e-05
1.15 	 -8.35004e-05
1.16 	 -8.63071e-05
1.17 	 -8.88067e-05
1.18 	 -9.13327e-05
1.19 	 -9.38441e-05
1.2 	 -9.66389e-05
1.21 	 -9.96131e-05
1.22 	 -0.000103004
1.23 	 -0.000106673
1.24 	 -0.000110793
1.25 	 -0.000115143
1.26 	 -0.000119786
1.27 	 -0.000124413
1.28 	 -0.000129014
1.29 	 -0.000133254
1.3 	 -0.000137147
1.31 	 -0.00014045
1.32 	 -0.000143311
1.33 	 -0.000145651
1.34 	 -0.000147744
1.35 	 -0.000149585
1.36 	 -0.000151454
1.37 	 -0.000153313
1.38 	 -0.000155382
1.39 	 -0.000157574
1.4 	 -0.000160052
1.41 	 -0.000162664
1.42 	 -0.000165476
1.43 	 -0.00016827
1.44 	 -0.000171112
1.45 	 -0.000173869
1.46 	 -0.000176703
1.47 	 -0.000179539
1.48 	 -0.000182518
1.49 	 -0.000185523
1.5 	 -0.000188686
1.51 	 -0.000191962
1.52 	 -0.000195599
1.53 	 -0.000199616
1.54 	 -0.000204172
1.55 	 -0.000209081
1.56 	 -0.000214294
1.57 	 -0.000219564
1.58 	 -0.000224944
1.59 	 -0.000230353
1.6 	 -0.000235929
1.61 	 -0.000241558
1.62 	 -0.000247283
1.63 	 -0.000252941
1.64 	 -0.000258603
1.65 	 -0.000264173
1.66 	 -0.00026976
1.67 	 -0.000275268
1.68 	 -0.000280783
1.69 	 -0.000286195
1.7 	 -0.00029158
1.71 	 -0.000296843
1.72 	 -0.000302086
1.73 	 -0.000307236
1.74 	 -0.000312381
1.75 	 -0.000317425
1.76 	 -0.000322455
1.77 	 -0.000327396
1.78 	 -0.000332317
1.79 	 -0.000337063
1.8 	 -0.00034161
1.81 	 -0.000345801
1.82 	 -0.000349723
1.83 	 -0.000353379
1.84 	 -0.000356959
1.85 	 -0.000360511
1.86 	 -0.000364228
1.87 	 -0.0003681
1.88 	 -0.000372173
1.89 	 -0.000376249
1.9 	 -0.000380259
1.91 	 -0.000384016
1.92 	 -0.000387499
1.93 	 -0.000390548
1.94 	 -0.000393158
1.95 	 -0.000395234
1.96 	 -0.000396898
1.97 	 -0.000398185
1.98 	 -0.000399297
1.99 	 -0.000400305
2 	 -0.000401386
2.01 	 -0.000402518
2.02 	 -0.000403725
2.03 	 -0.000404877
2.04 	 -0.000406007
2.05 	 -0.000407074
2.06 	 -0.000408165
2.07 	 -0.00040922
2.08 	 -0.000410318
2.09 	 -0.000411472
2.1 	 -0.000412838
2.11 	 -0.00041439
2.12 	 -0.000416133
2.13 	 -0.000417937
2.14 	 -0.000419865
2.15 	 -0.00042193
2.16 	 -0.000424223
2.17 	 -0.000426607
2.18 	 -0.000428985
2.19 	 -0.00043118
2.2 	 -0.000433183
2.21 	 -0.000434875
2.22 	 -0.000436214
2.23 	 -0.000437088
2.24 	 -0.000437603
2.25 	 -0.000437842
2.26 	 -0.000437972
2.27 	 -0.000437998
2.28 	 -0.000438025
2.29 	 -0.00043814
2.3 	 -0.00043859
2.31 	 -0.000439456
2.32 	 -0.000440732
2.33 	 -0.000442138
2.34 	 -0.000443435
2.35 	 -0.000444334
2.36 	 -0.000444712
2.37 	 -0.00044438
2.38 	 -0.000443288
2.39 	 -0.000441421
2.4 	 -0.000439061
2.41 	 -0.000436556
2.42 	 -0.000434361
2.43 	 -0.000432745
2.44 	 -0.000431967
2.45 	 -0.000432105
2.46 	 -0.000433212
2.47 	 -0.000435109
2.48 	 -0.000437606
2.49 	 -0.000440396
2.5 	 -0.000443248
2.51 	 -0.000445808
2.52 	 -0.000447797
2.53 	 -0.000448958
2.54 	 -0.000449348
2.55 	 -0.000449175
2.56 	 -0.000448817
2.57 	 -0.0004485
2.58 	 -0.000448373
2.59 	 -0.000448385
2.6 	 -0.000448526
2.61 	 -0.000448724
2.62 	 -0.00044899
2.63 	 -0.0004492
2.64 	 -0.000449236
2.65 	 -0.000448887
2.66 	 -0.000448102
2.67 	 -0.000446867
2.68 	 -0.000445313
2.69 	 -0.000443516
2.7 	 -0.000441628
2.71 	 -0.000439734
2.72 	 -0.000437994
2.73 	 -0.000436504
2.74 	 -0.000435486
2.75 	 -0.000435177
2.76 	 -0.000435913
2.77 	 -0.00043783
2.78 	 -0.00044083
2.79 	 -0.000444389
2.8 	 -0.00044783
2.81 	 -0.00045044
2.82 	 -0.000451831
2.83 	 -0.00045182
2.84 	 -0.000450374
2.85 	 -0.000447244
2.86 	 -0.000442094
2.87 	 -0.000434646
2.88 	 -0.000425136
2.89 	 -0.000414187
2.9 	 -0.000402578
2.91 	 -0.00039072
2.92 	 -0.000378709
2.93 	 -0.000366466
2.94 	 -0.000354142
2.95 	 -0.000341992
2.96 	 -0.000330289
2.97 	 -0.000319013
2.98 	 -0.00030797
2.99 	 -0.000296759
3 	 -0.000284975
3.01 	 -0.000272228
3.02 	 -0.000258495
3.03 	 -0.000244142
3.04 	 -0.000229826
3.05 	 -0.000215872
3.06 	 -0.000202127
3.07 	 -0.000188175
3.08 	 -0.00017413
3.09 	 -0.000160811
3.1 	 -0.000149416
3.11 	 -0.000140646
3.12 	 -0.000134506
3.13 	 -0.000130566
3.14 	 -0.000128612
3.15 	 -0.00012859
3.16 	 -0.00013031
3.17 	 -0.000133069
3.18 	 -0.000136048
3.19 	 -0.000138651
3.2 	 -0.000140613
3.21 	 -0.000141475
3.22 	 -0.000140547
3.23 	 -0.00013733
3.24 	 -0.00013229
3.25 	 -0.00012672
3.26 	 -0.000121973
3.27 	 -0.00011852
3.28 	 -0.000116087
3.29 	 -0.000114376
3.3 	 -0.000113825
3.31 	 -0.000115317
3.32 	 -0.000119522
3.33 	 -0.000126336
3.34 	 -0.000135219
3.35 	 -0.00014563
3.36 	 -0.000157378
3.37 	 -0.00017041
3.38 	 -0.000184773
3.39 	 -0.000200552
3.4 	 -0.000217961
3.41 	 -0.000237008
3.42 	 -0.000257285
3.43 	 -0.000277955
3.44 	 -0.00029844
3.45 	 -0.000318928
3.46 	 -0.000340385
3.47 	 -0.000363637
3.48 	 -0.000388663
3.49 	 -0.000414557
3.5 	 -0.000440475
3.51 	 -0.000466361
3.52 	 -0.000492987
3.53 	 -0.00052101
3.54 	 -0.000550253
3.55 	 -0.000579643
3.56 	 -0.000608136
3.57 	 -0.000635465
3.58 	 -0.000662288
3.59 	 -0.000689424
3.6 	 -0.000717244
3.61 	 -0.000745478
3.62 	 -0.000773723
3.63 	 -0.000801745
3.64 	 -0.000829488
3.65 	 -0.000856614
3.66 	 -0.00088242
3.67 	 -0.000906088
3.68 	 -0.000927365
3.69 	 -0.000946816
3.7 	 -0.000965745
3.71 	 -0.000985667
3.72 	 -0.00100799
3.73 	 -0.0010337
3.74 	 -0.00106329
3.75 	 -0.0010967
3.76 	 -0.0011336
3.77 	 -0.00117365
3.78 	 -0.00121657
3.79 	 -0.00126156
3.8 	 -0.00130676
3.81 	 -0.00134925
3.82 	 -0.00138626
3.83 	 -0.00141664
3.84 	 -0.00144145
3.85 	 -0.00146312
3.86 	 -0.00148388
3.87 	 -0.0015046
3.88 	 -0.00152506
3.89 	 -0.00154484
3.9 	 -0.00156408
3.91 	 -0.00158335
3.92 	 -0.00160311
3.93 	 -0.00162346
3.94 	 -0.00164437
3.95 	 -0.00166606
3.96 	 -0.00168915
3.97 	 -0.00171438
3.98 	 -0.0017424
3.99 	 -0.00177358
4 	 -0.00180784
4.01 	 -0.00184435
4.02 	 -0.00188118
4.03 	 -0.00191508
4.04 	 -0.00194228
4.05 	 -0.00195951
4.06 	 -0.00196526
4.07 	 -0.0019597
4.08 	 -0.00194401
4.09 	 -0.00191949
4.1 	 -0.00188761
4.11 	 -0.00185073
4.12 	 -0.00181241
4.13 	 -0.00177646
4.14 	 -0.00174527
4.15 	 -0.0017189
4.16 	 -0.0016958
4.17 	 -0.00167412
4.18 	 -0.00165236
4.19 	 -0.00162858
4.2 	 -0.0015996
4.21 	 -0.00156156
4.22 	 -0.00151207
4.23 	 -0.00145167
4.24 	 -0.00138337
4.25 	 -0.00131024
4.26 	 -0.00123365
4.27 	 -0.0011537
4.28 	 -0.00107152
4.29 	 -0.000990798
4.3 	 -0.000916803
4.31 	 -0.000853349
4.32 	 -0.00080058
4.33 	 -0.000755423
4.34 	 -0.000714424
4.35 	 -0.000676049
4.36 	 -0.000640521
4.37 	 -0.000607388
4.38 	 -0.000573539
4.39 	 -0.000533424
4.4 	 -0.000481362
4.41 	 -0.000413579
4.42 	 -0.000328447
4.43 	 -0.000224914
4.44 	 -0.000101071
4.45 	 4.59088e-05
4.46 	 0.000218333
4.47 	 0.00041662
4.48 	 0.000638953
4.49 	 0.000882044
4.5 	 0.00114169
4.51 	 0.00141248
4.52 	 0.00168682
4.53 	 0.00195451
4.54 	 0.00220358
4.55 	 0.00242247
4.56 	 0.00260237
4.57 	 0.00273928
4.58 	 0.00283498
4.59 	 0.00289709
4.6 	 0.0029382
4.61 	 0.00297473
4.62 	 0.00302554
4.63 	 0.00311032
4.64 	 0.00324733
4.65 	 0.00345068
4.66 	 0.00372796
4.67 	 0.00407919
4.68 	 0.0044972
4.69 	 0.00496861
4.7 	 0.00547462
4.71 	 0.00599213
4.72 	 0.00649586
4.73 	 0.00696156
4.74 	 0.00736866
4.75 	 0.00770108
4.76 	 0.00794621
4.77 	 0.00809425
4.78 	 0.00813922
4.79 	 0.00808142
4.8 	 0.00792869
4.81 	 0.0076949
4.82 	 0.00739621
4.83 	 0.00704794
4.84 	 0.00666385
4.85 	 0.00625823
4.86 	 0.00584827
4.87 	 0.00545459
4.88 	 0.00509877
4.89 	 0.00479947
4.9 	 0.00456979
4.91 	 0.00441829
4.92 	 0.00435286
4.93 	 0.0043844
4.94 	 0.00452657
4.95 	 0.00479139
4.96 	 0.00518334
4.97 	 0.00569718
4.98 	 0.00632116
4.99 	 0.0070432
5 	 0.00785445
5.01 	 0.00874723
5.02 	 0.00970931
5.03 	 0.0107204
5.04 	 0.0117545
5.05 	 0.0127866
5.06 	 0.0137985
5.07 	 0.0147798
5.08 	 0.015724
5.09 	 0.0166251
5.1 	 0.0174779
5.11 	 0.018282
5.12 	 0.0190446
5.13 	 0.0197801
5.14 	 0.020505
5.15 	 0.0212334
5.16 	 0.021975
5.17 	 0.0227369
5.18 	 0.0235244
5.19 	 0.0243406
5.2 	 0.0251831
5.21 	 0.0260404
5.22 	 0.0268923
5.23 	 0.0277132
5.24 	 0.0284779
5.25 	 0.0291665
5.26 	 0.0297652
5.27 	 0.0302644
5.28 	 0.0306553
5.29 	 0.0309293
5.3 	 0.0310802
5.31 	 0.0311077
5.32 	 0.0310177
5.33 	 0.0308198
5.34 	 0.0305233
5.35 	 0.0301361
5.36 	 0.0296673
5.37 	 0.0291321
5.38 	 0.0285535
5.39 	 0.0279602
5.4 	 0.0273819
5.41 	 0.0268466
5.42 	 0.0263785
5.43 	 0.025999
5.44 	 0.0257254
5.45 	 0.0255694
5.46 	 0.0255348
5.47 	 0.0256176
5.48 	 0.0258083
5.49 	 0.026096
5.5 	 0.0264707
5.51 	 0.0269233
5.52 	 0.0274428
5.53 	 0.0280144
5.54 	 0.028619
5.55 	 0.0292352
5.56 	 0.029841
5.57 	 0.0304154
5.58 	 0.0309388
5.59 	 0.0313946
5.6 	 0.0317711
5.61 	 0.0320634
5.62 	 0.032272
5.63 	 0.0323993
5.64 	 0.0324455
5.65 	 0.0324074
5.66 	 0.0322782
5.67 	 0.0320501
5.68 	 0.0317146
5.69 	 0.0312627
5.7 	 0.0306858
5.71 	 0.0299792
5.72 	 0.0291452
5.73 	 0.0281968
5.74 	 0.0271572
5.75 	 0.0260569
5.76 	 0.0249299
5.77 	 0.0238107
5.78 	 0.0227321
5.79 	 0.0217233
5.8 	 0.0208072
5.81 	 0.0199973
5.82 	 0.0192947
5.83 	 0.018687
5.84 	 0.0181513
5.85 	 0.0176583
5.86 	 0.0171777
5.87 	 0.0166819
5.88 	 0.0161461
5.89 	 0.0155488
5.9 	 0.0148707
5.91 	 0.0140971
5.92 	 0.0132199
5.93 	 0.0122384
5.94 	 0.0111579
5.95 	 0.00998582
5.96 	 0.00872894
5.97 	 0.00739168
5.98 	 0.00597595
5.99 	 0.00448166
6 	 0.00290712
6.01 	 0.00124973
6.02 	 -0.000493155
6.03 	 -0.00232339
6.04 	 -0.004242
6.05 	 -0.00624956
6.06 	 -0.00834627
6.07 	 -0.0105302
6.08 	 -0.0127946
6.09 	 -0.0151244
6.1 	 -0.0174963
6.11 	 -0.0198796
6.12 	 -0.0222405
6.13 	 -0.0245447
6.14 	 -0.0267607
6.15 	 -0.0288613
6.16 	 -0.0308264
6.17 	 -0.0326444
6.18 	 -0.0343134
6.19 	 -0.0358395
6.2 	 -0.0372331
6.21 	 -0.0385042
6.22 	 -0.0396601
6.23 	 -0.0407038
6.24 	 -0.0416351
6.25 	 -0.0424498
6.26 	 -0.0431398
6.27 	 -0.0436929
6.28 	 -0.0440945
6.29 	 -0.0443311
6.3 	 -0.0443942
6.31 	 -0.0442822
6.32 	 -0.0440011
6.33 	 -0.0435637
6.34 	 -0.0429881
6.35 	 -0.0422965
6.36 	 -0.0415136
6.37 	 -0.0406657
6.38 	 -0.039779
6.39 	 -0.0388778
6.4 	 -0.0379832
6.41 	 -0.0371107
6.42 	 -0.0362699
6.43 	 -0.0354635
6.44 	 -0.0346892
6.45 	 -0.0339409
6.46 	 -0.0332116
6.47 	 -0.0324942
6.48 	 -0.0317826
6.49 	 -0.0310715
6.5 	 -0.0303558
6.51 	 -0.0296307
6.52 	 -0.0288928
6.53 	 -0.0281414
6.54 	 -0.0273805
6.55 	 -0.0266189
6.56 	 -0.025869
6.57 	 -0.0251452
6.58 	 -0.0244618
6.59 	 -0.0238338
6.6 	 -0.0232778
6.61 	 -0.0228115
6.62 	 -0.0224514
6.63 	 -0.0222069
6.64 	 -0.0220753
6.65 	 -0.0220406
6.66 	 -0.0220764
6.67 	 -0.022152
6.68 	 -0.0222354
6.69 	 -0.0222953
6.7 	 -0.0223013
6.71 	 -0.0222249
6.72 	 -0.0220437
6.73 	 -0.0217453
6.74 	 -0.0213291
6.75 	 -0.020806
6.76 	 -0.0201955
6.77 	 -0.0195238
6.78 	 -0.0188226
6.79 	 -0.0181278
6.8 	 -0.0174767
6.81 	 -0.0169044
6.82 	 -0.0164403
6.83 	 -0.0161069
6.84 	 -0.0159206
6.85 	 -0.0158924
6.86 	 -0.0160266
6.87 	 -0.0163168
6.88 	 -0.0167427
6.89 	 -0.0172695
6.9 	 -0.0178532
6.91 	 -0.0184469
6.92 	 -0.0190067
6.93 	 -0.0194941
6.94 	 -0.0198756
6.95 	 -0.0201227
6.96 	 -0.0202139
6.97 	 -0.0201387
6.98 	 -0.0199003
6.99 	 -0.0195167
7 	 -0.0190161
7.01 	 -0.0184305
7.02 	 -0.0177902
7.03 	 -0.0171198
7.04 	 -0.0164375
7.05 	 -0.015756
7.06 	 -0.0150821
7.07 	 -0.0144148
7.08 	 -0.0137437
7.09 	 -0.0130476
7.1 	 -0.012297
7.11 	 -0.0114585
7.12 	 -0.0104983
7.13 	 -0.00938561
7.14 	 -0.00809437
7.15 	 -0.00660458
7.16 	 -0.00490418
7.17 	 -0.002991
7.18 	 -0.000874717
7.19 	 0.00142158
7.2 	 0.00386057
7.21 	 0.00639131
7.22 	 0.0089512
7.23 	 0.0114689
7.24 	 0.0138675
7.25 	 0.0160687
7.26 	 0.0179976
7.27 	 0.0195885
7.28 	 0.0207881
7.29 	 0.0215574
7.3 	 0.0218718
7.31 	 0.0217217
7.32 	 0.0211144
7.33 	 0.0200762
7.34 	 0.0186508
7.35 	 0.0168964
7.36 	 0.0148784
7.37 	 0.0126651
7.38 	 0.0103243
7.39 	 0.007924
7.4 	 0.00553153
7.41 	 0.00321207
7.42 	 0.00102413
7.43 	 -0.00098477
7.44 	 -0.00278052
7.45 	 -0.00434179
7.46 	 -0.00565734
7.47 	 -0.00672306
7.48 	 -0.00754049
7.49 	 -0.00811679
7.5 	 -0.00846502
7.51 	 -0.00860361
7.52 	 -0.00855465
7.53 	 -0.00834138
7.54 	 -0.00798595
7.55 	 -0.0075081
7.56 	 -0.00692466
7.57 	 -0.00624919
7.58 	 -0.00549161
7.59 	 -0.00465735
7.6 	 -0.00374685
7.61 	 -0.00275548
7.62 	 -0.0016748
7.63 	 -0.000495142
7.64 	 0.000790779
7.65 	 0.00218415
7.66 	 0.0036772
7.67 	 0.00525179
7.68 	 0.00687947
7.69 	 0.0085226
7.7 	 0.0101363
7.71 	 0.011671
7.72 	 0.0130752
7.73 	 0.0142988
7.74 	 0.015296
7.75 	 0.0160269
7.76 	 0.0164593
7.77 	 0.0165697
7.78 	 0.0163436
7.79 	 0.0157758
7.8 	 0.0148695
7.81 	 0.0136354
7.82 	 0.0120916
7.83 	 0.0102638
7.84 	 0.00818601
7.85 	 0.00589896
7.86 	 0.00344712
7.87 	 0.000875733
7.88 	 -0.00177128
7.89 	 -0.00445177
7.9 	 -0.00712483
7.91 	 -0.00975052
7.92 	 -0.0122905
7.93 	 -0.0147093
7.94 	 -0.0169756
7.95 	 -0.0190619
7.96 	 -0.0209434
7.97 	 -0.022597
7.98 	 -0.0240012
7.99 	 -0.0251375
8 	 -0.0259921
8.01 	 -0.0265561
8.02 	 -0.0268252
8.03 	 -0.0268001
8.04 	 -0.0264867
8.05 	 -0.025899
8.06 	 -0.0250608
8.07 	 -0.0240066
8.08 	 -0.0227797
8.09 	 -0.0214312
8.1 	 -0.0200186
8.11 	 -0.0186062
8.12 	 -0.0172626
8.13 	 -0.016057
8.14 	 -0.0150536
8.15 	 -0.0143064
8.16 	 -0.0138573
8.17 	 -0.0137356
8.18 	 -0.0139581
8.19 	 -0.0145291
8.2 	 -0.0154396
8.21 	 -0.0166672
8.22 	 -0.0181787
8.23 	 -0.0199348
8.24 	 -0.0218963
8.25 	 -0.0240267
8.26 	 -0.0262926
8.27 	 -0.0286619
8.28 	 -0.0311028
8.29 	 -0.0335846
8.3 	 -0.0360789
8.31 	 -0.0385603
8.32 	 -0.0410049
8.33 	 -0.0433881
8.34 	 -0.0456823
8.35 	 -0.047857
8.36 	 -0.0498795
8.37 	 -0.0517172
8.38 	 -0.0533392
8.39 	 -0.054717
8.4 	 -0.0558251
8.41 	 -0.0566414
8.42 	 -0.0571478
8.43 	 -0.0573305
8.44 	 -0.0571802
8.45 	 -0.0566923
8.46 	 -0.0558673
8.47 	 -0.0547126
8.48 	 -0.0532449
8.49 	 -0.0514908
8.5 	 -0.049486
8.51 	 -0.047273
8.52 	 -0.0448985
8.53 	 -0.042413
8.54 	 -0.0398692
8.55 	 -0.0373202
8.56 	 -0.034816
8.57 	 -0.0324007
8.58 	 -0.030111
8.59 	 -0.0279772
8.6 	 -0.0260245
8.61 	 -0.0242748
8.62 	 -0.0227464
8.63 	 -0.021453
8.64 	 -0.020403
8.65 	 -0.0196
8.66 	 -0.0190435
8.67 	 -0.0187302
8.68 	 -0.0186546
8.69 	 -0.0188093
8.7 	 -0.0191847
8.71 	 -0.0197694
8.72 	 -0.0205517
8.73 	 -0.0215212
8.74 	 -0.0226716
8.75 	 -0.0240016
8.76 	 -0.0255152
8.77 	 -0.0272203
8.78 	 -0.0291262
8.79 	 -0.0312405
8.8 	 -0.0335668
8.81 	 -0.0361015
8.82 	 -0.0388321
8.83 	 -0.0417362
8.84 	 -0.0447803
8.85 	 -0.0479197
8.86 	 -0.0510989
8.87 	 -0.0542533
8.88 	 -0.0573122
8.89 	 -0.0602036
8.9 	 -0.062858
8.91 	 -0.0652126
8.92 	 -0.0672121
8.93 	 -0.0688096
8.94 	 -0.0699677
8.95 	 -0.0706591
8.96 	 -0.070867
8.97 	 -0.0705857
8.98 	 -0.0698194
8.99 	 -0.0685807
9 	 -0.0668901
9.01 	 -0.0647762
9.02 	 -0.0622772
9.03 	 -0.0594417
9.04 	 -0.0563283
9.05 	 -0.0530023
9.06 	 -0.0495311
9.07 	 -0.0459812
9.08 	 -0.0424167
9.09 	 -0.0388991
9.1 	 -0.0354873
9.11 	 -0.0322354
9.12 	 -0.0291886
9.13 	 -0.0263799
9.14 	 -0.023828
9.15 	 -0.0215378
9.16 	 -0.0195023
9.17 	 -0.0177042
9.18 	 -0.0161177
9.19 	 -0.0147109
9.2 	 -0.013449
9.21 	 -0.0122988
9.22 	 -0.0112304
9.23 	 -0.0102181
9.24 	 -0.00924155
9.25 	 -0.00828718
9.26 	 -0.00735086
9.27 	 -0.00643871
9.28 	 -0.0055654
9.29 	 -0.00475033
9.3 	 -0.00401312
9.31 	 -0.00336967
9.32 	 -0.00282958
9.33 	 -0.00239508
9.34 	 -0.00206097
9.35 	 -0.00181484
9.36 	 -0.00163721
9.37 	 -0.0015017
9.38 	 -0.00137581
9.39 	 -0.00122269
9.4 	 -0.00100356
9.41 	 -0.000680435
9.42 	 -0.000218467
9.43 	 0.000412058
9.44 	 0.00123451
9.45 	 0.00226559
9.46 	 0.0035156
9.47 	 0.00498863
9.48 	 0.00668204
9.49 	 0.00858545
9.5 	 0.0106798
9.51 	 0.0129374
9.52 	 0.0153231
9.53 	 0.0177969
9.54 	 0.0203169
9.55 	 0.022841
9.56 	 0.0253299
9.57 	 0.0277486
9.58 	 0.0300683
9.59 	 0.0322681
9.6 	 0.0343359
9.61 	 0.036269
9.62 	 0.0380735
9.63 	 0.0397626
9.64 	 0.0413529
9.65 	 0.0428619
9.66 	 0.0443057
9.67 	 0.0456983
9.68 	 0.0470514
9.69 	 0.0483739
9.7 	 0.0496699
9.71 	 0.0509383
9.72 	 0.0521734
9.73 	 0.0533668
9.74 	 0.0545088
9.75 	 0.0555896
9.76 	 0.0565996
9.77 	 0.05753
9.78 	 0.0583735
9.79 	 0.0591251
9.8 	 0.0597827
9.81 	 0.0603475
9.82 	 0.0608246
9.83 	 0.0612222
9.84 	 0.0615516
9.85 	 0.0618255
9.86 	 0.0620576
9.87 	 0.062262
9.88 	 0.0624534
9.89 	 0.0626473
9.9 	 0.0628596
9.91 	 0.0631052
9.92 	 0.0633973
9.93 	 0.063747
9.94 	 0.0641634
9.95 	 0.0646552
9.96 	 0.0652316
9.97 	 0.0659027
9.98 	 0.0666786
9.99 	 0.0675678
10 	 0.0685761
10.01 	 0.0697058
10.02 	 0.0709574
10.03 	 0.0723304
10.04 	 0.0738238
10.05 	 0.0754354
10.06 	 0.0771606
10.07 	 0.0789907
10.08 	 0.0809122
10.09 	 0.0829075
10.1 	 0.084955
10.11 	 0.0870301
10.12 	 0.0891061
10.13 	 0.091155
10.14 	 0.0931483
10.15 	 0.0950571
10.16 	 0.0968529
10.17 	 0.0985071
10.18 	 0.0999923
10.19 	 0.101283
10.2 	 0.102357
10.21 	 0.103193
10.22 	 0.103777
10.23 	 0.104096
10.24 	 0.104144
10.25 	 0.10392
10.26 	 0.103433
10.27 	 0.102698
10.28 	 0.101737
10.29 	 0.100578
10.3 	 0.0992523
10.31 	 0.0977883
10.32 	 0.0962103
10.33 	 0.0945358
10.34 	 0.0927764
10.35 	 0.0909392
10.36 	 0.0890281
10.37 	 0.0870448
10.38 	 0.084988
10.39 	 0.0828533
10.4 	 0.0806335
10.41 	 0.0783209
10.42 	 0.0759095
10.43 	 0.0733954
10.44 	 0.0707773
10.45 	 0.0680547
10.46 	 0.065228
10.47 	 0.0622981
10.48 	 0.0592685
10.49 	 0.0561464
10.5 	 0.0529439
10.51 	 0.0496776
10.52 	 0.0463678
10.53 	 0.0430366
10.54 	 0.0397064
10.55 	 0.0363982
10.56 	 0.0331317
10.57 	 0.0299248
10.58 	 0.0267932
10.59 	 0.0237497
10.6 	 0.0208037
10.61 	 0.0179601
10.62 	 0.0152198
10.63 	 0.0125803
10.64 	 0.0100356
10.65 	 0.00757813
10.66 	 0.00519976
10.67 	 0.00289352
10.68 	 0.000655092
10.69 	 -0.00151614
10.7 	 -0.00361686
10.71 	 -0.00564007
10.72 	 -0.00757541
10.73 	 -0.00940917
10.74 	 -0.0111243
10.75 	 -0.0127015
10.76 	 -0.0141212
10.77 	 -0.0153661
10.78 	 -0.0164238
10.79 	 -0.0172871
10.8 	 -0.0179541
10.81 	 -0.0184273
10.82 	 -0.0187135
10.83 	 -0.0188232
10.84 	 -0.0187702
10.85 	 -0.0185703
10.86 	 -0.0182395
10.87 	 -0.0177924
10.88 	 -0.0172417
10.89 	 -0.016598
10.9 	 -0.015871
10.91 	 -0.0150704
10.92 	 -0.0142068
10.93 	 -0.0132933
10.94 	 -0.0123456
10.95 	 -0.0113822
10.96 	 -0.010424
10.97 	 -0.00949434
10.98 	 -0.00861867
10.99 	 -0.00782368
11 	 -0.00713589
11.01 	 -0.00657995
11.02 	 -0.00617741
11.03 	 -0.00594651
11.04 	 -0.00590229
11.05 	 -0.00605641
11.06 	 -0.00641603
11.07 	 -0.00698214
11.08 	 -0.00774822
11.09 	 -0.00869977
11.1 	 -0.00981557
11.11 	 -0.0110697
11.12 	 -0.0124338
11.13 	 -0.0138783
11.14 	 -0.0153728
11.15 	 -0.0168868
11.16 	 -0.01839
11.17 	 -0.0198535
11.18 	 -0.0212503
11.19 	 -0.0225559
11.2 	 -0.0237484
11.21 	 -0.0248077
11.22 	 -0.025716
11.23 	 -0.0264574
11.24 	 -0.0270202
11.25 	 -0.0273985
11.26 	 -0.0275942
11.27 	 -0.0276169
11.28 	 -0.0274823
11.29 	 -0.027209
11.3 	 -0.0268166
11.31 	 -0.0263234
11.32 	 -0.0257448
11.33 	 -0.025092
11.34 	 -0.0243714
11.35 	 -0.0235848
11.36 	 -0.0227313
11.37 	 -0.0218097
11.38 	 -0.0208206
11.39 	 -0.0197673
11.4 	 -0.018657
11.41 	 -0.0175008
11.42 	 -0.016315
11.43 	 -0.0151197
11.44 	 -0.0139381
11.45 	 -0.012794
11.46 	 -0.0117092
11.47 	 -0.0107029
11.48 	 -0.00979133
11.49 	 -0.00898832
11.5 	 -0.00830646
11.51 	 -0.00775707
11.52 	 -0.00734977
11.53 	 -0.00709137
11.54 	 -0.00698475
11.55 	 -0.00702781
11.56 	 -0.00721274
11.57 	 -0.00752599
11.58 	 -0.00794881
11.59 	 -0.00845825
11.6 	 -0.00902827
11.61 	 -0.00963097
11.62 	 -0.0102384
11.63 	 -0.0108249
11.64 	 -0.0113698
11.65 	 -0.0118593
11.66 	 -0.0122868
11.67 	 -0.0126515
11.68 	 -0.012957
11.69 	 -0.0132084
11.7 	 -0.0134107
11.71 	 -0.0135676
11.72 	 -0.0136798
11.73 	 -0.0137439
11.74 	 -0.0137525
11.75 	 -0.0136952
11.76 	 -0.0135597
11.77 	 -0.0133334
11.78 	 -0.0130042
11.79 	 -0.0125608
11.8 	 -0.0119928
11.81 	 -0.0112907
11.82 	 -0.0104481
11.83 	 -0.00946275
11.84 	 -0.00833787
11.85 	 -0.0070821
11.86 	 -0.0057083
11.87 	 -0.00423176
11.88 	 -0.00266884
11.89 	 -0.00103626
11.9 	 0.000649376
11.91 	 0.00237266
11.92 	 0.00412136
11.93 	 0.0058882
11.94 	 0.00767152
11.95 	 0.00947412
11.96 	 0.0113011
11.97 	 0.0131576
11.98 	 0.0150469
11.99 	 0.01697
12 	 0.0189253
12.01 	 0.0209092
12.02 	 0.0229161
12.03 	 0.0249375
12.04 	 0.026962
12.05 	 0.0289747
12.06 	 0.0309581
12.07 	 0.0328942
12.08 	 0.0347653
12.09 	 0.0365551
12.1 	 0.0382489
12.11 	 0.0398346
12.12 	 0.041303
12.13 	 0.0426497
12.14 	 0.0438743
12.15 	 0.0449806
12.16 	 0.0459752
12.17 	 0.0468666
12.18 	 0.0476651
12.19 	 0.0483815
12.2 	 0.0490261
12.21 	 0.049608
12.22 	 0.0501349
12.23 	 0.0506138
12.24 	 0.0510519
12.25 	 0.0514569
12.26 	 0.0518371
12.27 	 0.0522008
12.28 	 0.0525556
12.29 	 0.0529084
12.3 	 0.0532642
12.31 	 0.0536253
12.32 	 0.0539908
12.33 	 0.0543568
12.34 	 0.0547173
12.35 	 0.0550652
12.36 	 0.0553933
12.37 	 0.0556945
12.38 	 0.0559622
12.39 	 0.0561896
12.4 	 0.0563707
12.41 	 0.0564992
12.42 	 0.0565693
12.43 	 0.0565753
12.44 	 0.0565123
12.45 	 0.0563757
12.46 	 0.0561621
12.47 	 0.0558689
12.48 	 0.0554942
12.49 	 0.0550367
12.5 	 0.0544962
12.51 	 0.0538738
12.52 	 0.0531724
12.53 	 0.0523968
12.54 	 0.0515528
12.55 	 0.0506467
12.56 	 0.0496838
12.57 	 0.0486678
12.58 	 0.0476008
12.59 	 0.0464838
12.6 	 0.0453181
12.61 	 0.0441058
12.62 	 0.0428495
12.63 	 0.0415525
12.64 	 0.040219
12.65 	 0.0388546
12.66 	 0.0374676
12.67 	 0.0360699
12.68 	 0.0346772
12.69 	 0.0333085
12.7 	 0.0319851
12.71 	 0.0307288
12.72 	 0.0295612
12.73 	 0.0285017
12.74 	 0.0275662
12.75 	 0.0267658
12.76 	 0.026105
12.77 	 0.0255815
12.78 	 0.0251856
12.79 	 0.024901
12.8 	 0.0247065
12.81 	 0.024577
12.82 	 0.0244862
12.83 	 0.0244087
12.84 	 0.0243218
12.85 	 0.024207
12.86 	 0.0240507
12.87 	 0.0238453
12.88 	 0.0235886
12.89 	 0.0232834
12.9 	 0.0229357
12.91 	 0.0225523
12.92 	 0.022139
12.93 	 0.0216996
12.94 	 0.0212349
12.95 	 0.020743
12.96 	 0.0202195
12.97 	 0.0196579
12.98 	 0.0190508
12.99 	 0.0183907
13 	 0.0176718
13.01 	 0.0168908
13.02 	 0.0160468
13.03 	 0.0151397
13.04 	 0.0141697
13.05 	 0.0131369
13.06 	 0.012042
13.07 	 0.0108867
13.08 	 0.00967321
13.09 	 0.00840332
13.1 	 0.00707755
13.11 	 0.00569581
13.12 	 0.00425835
13.13 	 0.00276695
13.14 	 0.00122551
13.15 	 -0.000359717
13.16 	 -0.0019804
13.17 	 -0.00362664
13.18 	 -0.00528771
13.19 	 -0.00695259
13.2 	 -0.00860998
13.21 	 -0.0102478
13.22 	 -0.011853
13.23 	 -0.0134116
13.24 	 -0.0149101
13.25 	 -0.016337
13.26 	 -0.0176838
13.27 	 -0.0189461
13.28 	 -0.0201228
13.29 	 -0.0212163
13.3 	 -0.022231
13.31 	 -0.0231728
13.32 	 -0.0240492
13.33 	 -0.024868
13.34 	 -0.0256379
13.35 	 -0.0263669
13.36 	 -0.0270613
13.37 	 -0.027725
13.38 	 -0.0283595
13.39 	 -0.0289644
13.4 	 -0.0295387
13.41 	 -0.0300811
13.42 	 -0.0305903
13.43 	 -0.0310646
13.44 	 -0.0315011
13.45 	 -0.0318955
13.46 	 -0.032242
13.47 	 -0.0325336
13.48 	 -0.0327626
13.49 	 -0.0329213
13.5 	 -0.0330021
13.51 	 -0.0329973
13.52 	 -0.0328989
13.53 	 -0.032699
13.54 	 -0.0323907
13.55 	 -0.0319698
13.56 	 -0.031436
13.57 	 -0.0307931
13.58 	 -0.0300488
13.59 	 -0.0292141
13.6 	 -0.0283025
13.61 	 -0.0273292
13.62 	 -0.0263102
13.63 	 -0.0252616
13.64 	 -0.024199
13.65 	 -0.0231369
13.66 	 -0.0220881
13.67 	 -0.0210641
13.68 	 -0.0200748
13.69 	 -0.0191288
13.7 	 -0.0182347
13.71 	 -0.0174017
13.72 	 -0.0166406
13.73 	 -0.0159635
13.74 	 -0.0153834
13.75 	 -0.0149125
13.76 	 -0.0145616
13.77 	 -0.0143392
13.78 	 -0.0142509
13.79 	 -0.0142993
13.8 	 -0.0144829
13.81 	 -0.0147958
13.82 	 -0.0152278
13.83 	 -0.0157656
13.84 	 -0.0163939
13.85 	 -0.017097
13.86 	 -0.0178597
13.87 	 -0.0186677
13.88 	 -0.0195082
13.89 	 -0.0203703
13.9 	 -0.0212457
13.91 	 -0.02213
13.92 	 -0.0230223
13.93 	 -0.0239251
13.94 	 -0.0248429
13.95 	 -0.0257804
13.96 	 -0.0267418
13.97 	 -0.0277296
13.98 	 -0.028745
13.99 	 -0.0297878
14 	 -0.0308555
14.01 	 -0.0319434
14.02 	 -0.033044
14.03 	 -0.0341472
14.04 	 -0.0352414
14.05 	 -0.0363139
14.06 	 -0.0373519
14.07 	 -0.0383429
14.08 	 -0.0392753
14.09 	 -0.0401386
14.1 	 -0.0409244
14.11 	 -0.0416263
14.12 	 -0.0422405
14.13 	 -0.0427657
14.14 	 -0.0432034
14.15 	 -0.0435569
14.16 	 -0.0438317
14.17 	 -0.0440348
14.18 	 -0.0441741
14.19 	 -0.0442576
14.2 	 -0.0442919
14.21 	 -0.0442813
14.22 	 -0.0442277
14.23 	 -0.0441301
14.24 	 -0.043986
14.25 	 -0.0437909
14.26 	 -0.0435395
14.27 	 -0.043226
14.28 	 -0.0428454
14.29 	 -0.0423944
14.3 	 -0.0418732
14.31 	 -0.0412848
14.32 	 -0.0406356
14.33 	 -0.0399336
14.34 	 -0.0391881
14.35 	 -0.0384081
14.36 	 -0.037602
14.37 	 -0.0367766
14.38 	 -0.0359373
14.39 	 -0.0350878
14.4 	 -0.0342307
14.41 	 -0.0333679
14.42 	 -0.0325015
14.43 	 -0.0316339
14.44 	 -0.0307681
14.45 	 -0.0299077
14.46 	 -0.0290562
14.47 	 -0.0282164
14.48 	 -0.02739
14.49 	 -0.0265777
14.5 	 -0.0257786
14.51 	 -0.0249907
14.52 	 -0.024211
14.53 	 -0.0234363
14.54 	 -0.0226641
14.55 	 -0.0218933
14.56 	 -0.0211251
14.57 	 -0.0203625
14.58 	 -0.0196098
14.59 	 -0.0188726
14.6 	 -0.0181576
14.61 	 -0.0174723
14.62 	 -0.0168243
14.63 	 -0.0162207
14.64 	 -0.015667
14.65 	 -0.0151673
14.66 	 -0.0147246
14.67 	 -0.0143408
14.68 	 -0.0140168
14.69 	 -0.0137527
14.7 	 -0.0135475
14.71 	 -0.0133996
14.72 	 -0.0133071
14.73 	 -0.0132684
14.74 	 -0.0132819
14.75 	 -0.0133463
14.76 	 -0.0134602
14.77 	 -0.0136219
14.78 	 -0.013829
14.79 	 -0.0140782
14.8 	 -0.0143648
14.81 	 -0.0146822
14.82 	 -0.0150222
14.83 	 -0.0153752
14.84 	 -0.0157311
14.85 	 -0.0160801
14.86 	 -0.016414
14.87 	 -0.0167269
14.88 	 -0.0170154
14.89 	 -0.0172788
14.9 	 -0.0175193
14.91 	 -0.0177412
14.92 	 -0.0179506
14.93 	 -0.0181547
14.94 	 -0.0183615
14.95 	 -0.0185791
14.96 	 -0.0188146
14.97 	 -0.0190739
14.98 	 -0.019361
14.99 	 -0.0196783
15 	 -0.0200273
15.01 	 -0.0204093
15.02 	 -0.0208262
15.03 	 -0.0212801
15.04 	 -0.0217728
15.05 	 -0.0223044
15.06 	 -0.0228725
15.07 	 -0.0234726
15.08 	 -0.0240976
15.09 	 -0.0247393
15.1 	 -0.0253879
15.11 	 -0.0260322
15.12 	 -0.0266599
15.13 	 -0.027259
15.14 	 -0.0278193
15.15 	 -0.0283345
15.16 	 -0.0288032
15.17 	 -0.0292281
15.18 	 -0.0296152
15.19 	 -0.0299723
15.2 	 -0.0303087
15.21 	 -0.0306346
15.22 	 -0.0309609
15.23 	 -0.0312984
15.24 	 -0.0316562
15.25 	 -0.0320406
15.26 	 -0.0324548
15.27 	 -0.0328994
15.28 	 -0.0333739
15.29 	 -0.0338776
15.3 	 -0.0344096
15.31 	 -0.0349682
15.32 	 -0.0355508
15.33 	 -0.0361539
15.34 	 -0.0367749
15.35 	 -0.0374128
15.36 	 -0.0380685
15.37 	 -0.0387444
15.38 	 -0.0394426
15.39 	 -0.040165
15.4 	 -0.0409131
15.41 	 -0.0416886
15.42 	 -0.0424932
15.43 	 -0.0433284
15.44 	 -0.0441944
15.45 	 -0.0450904
15.46 	 -0.0460143
15.47 	 -0.0469644
15.48 	 -0.0479394
15.49 	 -0.0489387
15.5 	 -0.0499625
15.51 	 -0.0510111
15.52 	 -0.0520856
15.53 	 -0.0531877
15.54 	 -0.0543202
15.55 	 -0.0554865
15.56 	 -0.0566906
15.57 	 -0.0579365
15.58 	 -0.0592276
15.59 	 -0.0605656
15.6 	 -0.0619485
15.61 	 -0.0633698
15.62 	 -0.0648179
15.63 	 -0.0662767
15.64 	 -0.0677265
15.65 	 -0.0691453
15.66 	 -0.0705099
15.67 	 -0.0717971
15.68 	 -0.0729852
15.69 	 -0.0740556
15.7 	 -0.0749949
15.71 	 -0.0757959
15.72 	 -0.0764578
15.73 	 -0.0769847
15.74 	 -0.0773851
15.75 	 -0.07767
15.76 	 -0.0778531
15.77 	 -0.0779497
15.78 	 -0.0779764
15.79 	 -0.0779501
15.8 	 -0.0778867
15.81 	 -0.0778009
15.82 	 -0.0777044
15.83 	 -0.0776055
15.84 	 -0.0775088
15.85 	 -0.0774151
15.86 	 -0.0773222
15.87 	 -0.0772249
15.88 	 -0.077116
15.89 	 -0.0769873
15.9 	 -0.0768312
15.91 	 -0.0766417
15.92 	 -0.0764154
15.93 	 -0.0761515
15.94 	 -0.0758509
15.95 	 -0.0755159
15.96 	 -0.0751493
15.97 	 -0.0747534
15.98 	 -0.0743297
15.99 	 -0.0738782
16 	 -0.073397
16.01 	 -0.0728816
16.02 	 -0.0723249
16.03 	 -0.0717165
16.04 	 -0.0710443
16.05 	 -0.0702954
16.06 	 -0.0694586
16.07 	 -0.0685251
16.08 	 -0.0674899
16.09 	 -0.0663515
16.1 	 -0.065112
16.11 	 -0.0637769
16.12 	 -0.0623547
16.13 	 -0.0608566
16.14 	 -0.0592962
16.15 	 -0.0576877
16.16 	 -0.0560438
16.17 	 -0.054374
16.18 	 -0.0526839
16.19 	 -0.0509751
16.2 	 -0.0492475
16.21 	 -0.0475004
16.22 	 -0.0457342
16.23 	 -0.0439505
16.24 	 -0.0421518
16.25 	 -0.0403405
16.26 	 -0.0385185
16.27 	 -0.0366873
16.28 	 -0.0348487
16.29 	 -0.0330045
16.3 	 -0.0311561
16.31 	 -0.029303
16.32 	 -0.0274424
16.33 	 -0.0255693
16.34 	 -0.0236779
16.35 	 -0.0217635
16.36 	 -0.019824
16.37 	 -0.0178613
16.38 	 -0.0158812
16.39 	 -0.0138925
16.4 	 -0.0119064
16.41 	 -0.00993612
16.42 	 -0.00799573
16.43 	 -0.00610014
16.44 	 -0.00426342
16.45 	 -0.00249704
16.46 	 -0.000808098
16.47 	 0.000801342
16.48 	 0.00233379
16.49 	 0.00379505
16.5 	 0.00519284
16.51 	 0.00653586
16.52 	 0.00783312
16.53 	 0.00909344
16.54 	 0.0103246
16.55 	 0.0115322
16.56 	 0.0127192
16.57 	 0.0138853
16.58 	 0.0150283
16.59 	 0.0161449
16.6 	 0.017232
16.61 	 0.0182866
16.62 	 0.0193057
16.63 	 0.0202857
16.64 	 0.0212222
16.65 	 0.0221105
16.66 	 0.022946
16.67 	 0.0237256
16.68 	 0.0244477
16.69 	 0.0251132
16.7 	 0.025725
16.71 	 0.0262883
16.72 	 0.0268093
16.73 	 0.0272949
16.74 	 0.0277524
16.75 	 0.0281892
16.76 	 0.028612
16.77 	 0.0290265
16.78 	 0.0294351
16.79 	 0.0298371
16.8 	 0.0302274
16.81 	 0.0305979
16.82 	 0.0309385
16.83 	 0.0312387
16.84 	 0.031489
16.85 	 0.0316823
16.86 	 0.0318142
16.87 	 0.0318827
16.88 	 0.0318879
16.89 	 0.0318315
16.9 	 0.0317161
16.91 	 0.0315449
16.92 	 0.0313208
16.93 	 0.0310456
16.94 	 0.0307189
16.95 	 0.0303386
16.96 	 0.0299015
16.97 	 0.0294046
16.98 	 0.0288463
16.99 	 0.0282271
17 	 0.0275506
17.01 	 0.0268235
17.02 	 0.0260559
17.03 	 0.0252604
17.04 	 0.0244512
17.05 	 0.0236423
17.06 	 0.0228469
17.07 	 0.0220762
17.08 	 0.0213392
17.09 	 0.020643
17.1 	 0.0199929
17.11 	 0.0193926
17.12 	 0.0188444
17.13 	 0.0183491
17.14 	 0.0179066
17.15 	 0.0175163
17.16 	 0.0171782
17.17 	 0.0168928
17.18 	 0.0166602
17.19 	 0.0164794
17.2 	 0.0163471
17.21 	 0.0162579
17.22 	 0.0162043
17.23 	 0.0161784
17.24 	 0.0161722
17.25 	 0.0161784
17.26 	 0.0161901
17.27 	 0.0162009
17.28 	 0.016205
17.29 	 0.0161983
17.3 	 0.0161784
17.31 	 0.0161455
17.32 	 0.0161015
17.33 	 0.0160492
17.34 	 0.0159912
17.35 	 0.0159293
17.36 	 0.015864
17.37 	 0.0157949
17.38 	 0.01572
17.39 	 0.0156368
17.4 	 0.0155421
17.41 	 0.0154323
17.42 	 0.0153037
17.43 	 0.0151522
17.44 	 0.0149742
17.45 	 0.0147668
17.46 	 0.0145284
17.47 	 0.0142583
17.48 	 0.0139565
17.49 	 0.0136229
17.5 	 0.0132569
17.51 	 0.012858
17.52 	 0.012426
17.53 	 0.0119611
17.54 	 0.0114648
17.55 	 0.01094
17.56 	 0.0103907
17.57 	 0.00982249
17.58 	 0.00924211
17.59 	 0.00865707
17.6 	 0.00807562
17.61 	 0.00750634
17.62 	 0.00695753
17.63 	 0.00643676
17.64 	 0.00595047
17.65 	 0.00550403
17.66 	 0.00510205
17.67 	 0.00474874
17.68 	 0.00444815
17.69 	 0.00420415
17.7 	 0.0040204
17.71 	 0.00390028
17.72 	 0.00384689
17.73 	 0.00386299
17.74 	 0.00395082
17.75 	 0.00411188
17.76 	 0.00434669
17.77 	 0.00465453
17.78 	 0.00503342
17.79 	 0.00548014
17.8 	 0.0059904
17.81 	 0.00655895
17.82 	 0.00717979
17.83 	 0.00784644
17.84 	 0.00855245
17.85 	 0.00929191
17.86 	 0.0100598
17.87 	 0.0108519
17.88 	 0.0116645
17.89 	 0.0124939
17.9 	 0.0133361
17.91 	 0.0141868
17.92 	 0.0150417
17.93 	 0.015896
17.94 	 0.0167446
17.95 	 0.0175827
17.96 	 0.0184064
17.97 	 0.019213
17.98 	 0.0200017
17.99 	 0.0207739
18 	 0.0215331
18.01 	 0.0222847
18.02 	 0.0230356
18.03 	 0.0237932
18.04 	 0.0245643
18.05 	 0.0253547
18.06 	 0.0261682
18.07 	 0.0270067
18.08 	 0.0278703
18.09 	 0.0287573
18.1 	 0.0296647
18.11 	 0.0305884
18.12 	 0.0315228
18.13 	 0.032461
18.14 	 0.0333953
18.15 	 0.0343177
18.16 	 0.0352205
18.17 	 0.0360969
18.18 	 0.0369408
18.19 	 0.0377472
18.2 	 0.0385124
18.21 	 0.0392348
18.22 	 0.0399153
18.23 	 0.0405574
18.24 	 0.0411667
18.25 	 0.0417496
18.26 	 0.0423124
18.27 	 0.0428602
18.28 	 0.0433956
18.29 	 0.0439188
18.3 	 0.0444265
18.31 	 0.0449132
18.32 	 0.0453707
18.33 	 0.0457898
18.34 	 0.0461609
18.35 	 0.0464749
18.36 	 0.0467236
18.37 	 0.0469015
18.38 	 0.0470054
18.39 	 0.047036
18.4 	 0.0469973
18.41 	 0.0468964
18.42 	 0.046742
18.43 	 0.0465433
18.44 	 0.0463098
18.45 	 0.0460511
18.46 	 0.0457767
18.47 	 0.0454959
18.48 	 0.0452165
18.49 	 0.0449445
18.5 	 0.0446836
18.51 	 0.0444356
18.52 	 0.0442011
18.53 	 0.0439801
18.54 	 0.0437722
18.55 	 0.0435763
18.56 	 0.043391
18.57 	 0.0432143
18.58 	 0.0430442
18.59 	 0.0428794
18.6 	 0.0427197
18.61 	 0.0425657
18.62 	 0.0424193
18.63 	 0.0422832
18.64 	 0.042161
18.65 	 0.042057
18.66 	 0.0419766
18.67 	 0.0419253
18.68 	 0.0419074
18.69 	 0.0419253
18.7 	 0.0419781
18.71 	 0.0420615
18.72 	 0.0421683
18.73 	 0.0422891
18.74 	 0.0424132
18.75 	 0.0425295
18.76 	 0.0426273
18.77 	 0.0426977
18.78 	 0.0427339
18.79 	 0.0427319
18.8 	 0.0426907
18.81 	 0.042611
18.82 	 0.0424954
18.83 	 0.0423469
18.84 	 0.0421692
18.85 	 0.0419656
18.86 	 0.0417397
18.87 	 0.0414944
18.88 	 0.0412321
18.89 	 0.0409544
18.9 	 0.0406626
18.91 	 0.0403583
18.92 	 0.0400431
18.93 	 0.0397193
18.94 	 0.0393891
18.95 	 0.0390546
18.96 	 0.0387177
18.97 	 0.0383804
18.98 	 0.0380451
18.99 	 0.0377144
19 	 0.0373913
19.01 	 0.037078
19.02 	 0.0367766
19.03 	 0.0364883
19.04 	 0.0362139
19.05 	 0.0359541
19.06 	 0.0357094
19.07 	 0.03548
19.08 	 0.0352656
19.09 	 0.0350655
19.1 	 0.0348784
19.11 	 0.0347026
19.12 	 0.0345364
19.13 	 0.034377
19.14 	 0.034221
19.15 	 0.0340641
19.16 	 0.0339017
19.17 	 0.03373
19.18 	 0.0335457
19.19 	 0.0333468
19.2 	 0.0331326
19.21 	 0.0329038
19.22 	 0.0326627
19.23 	 0.0324128
19.24 	 0.0321586
19.25 	 0.0319043
19.26 	 0.0316545
19.27 	 0.0314132
19.28 	 0.0311841
19.29 	 0.0309699
19.3 	 0.0307712
19.31 	 0.0305873
19.32 	 0.0304152
19.33 	 0.0302505
19.34 	 0.0300872
19.35 	 0.0299184
19.36 	 0.0297365
19.37 	 0.0295339
19.38 	 0.0293039
19.39 	 0.0290409
19.4 	 0.0287417
19.41 	 0.0284056
19.42 	 0.0280347
19.43 	 0.0276347
19.44 	 0.0272135
19.45 	 0.0267806
19.46 	 0.0263465
19.47 	 0.0259212
19.48 	 0.0255139
19.49 	 0.025132
19.5 	 0.0247808
19.51 	 0.0244622
19.52 	 0.0241758
19.53 	 0.0239182
19.54 	 0.0236845
19.55 	 0.0234685
19.56 	 0.0232636
19.57 	 0.0230637
19.58 	 0.0228632
19.59 	 0.0226578
19.6 	 0.0224443
19.61 	 0.0222211
19.62 	 0.0219887
19.63 	 0.0217493
19.64 	 0.0215066
19.65 	 0.0212646
19.66 	 0.0210271
19.67 	 0.0207963
19.68 	 0.0205733
19.69 	 0.0203584
19.7 	 0.0201509
19.71 	 0.0199494
19.72 	 0.0197513
19.73 	 0.0195524
19.74 	 0.0193473
19.75 	 0.0191306
19.76 	 0.0188975
19.77 	 0.0186442
19.78 	 0.0183683
19.79 	 0.0180682
19.8 	 0.0177433
19.81 	 0.0173942
19.82 	 0.0170228
19.83 	 0.0166325
19.84 	 0.0162279
19.85 	 0.0158145
19.86 	 0.015398
19.87 	 0.0149841
19.88 	 0.0145784
19.89 	 0.0141863
19.9 	 0.0138134
19.91 	 0.0134644
19.92 	 0.0131431
19.93 	 0.0128516
19.94 	 0.0125902
19.95 	 0.0123577
19.96 	 0.0121517
19.97 	 0.0119697
19.98 	 0.011809
19.99 	 0.011667
20 	 0.0115405
20.01 	 0.0114262
20.02 	 0.0113208
20.03 	 0.0112215
20.04 	 0.0111257
20.05 	 0.0110313
20.06 	 0.0109367
20.07 	 0.0108402
20.08 	 0.0107409
20.09 	 0.0106376
20.1 	 0.0105295
20.11 	 0.0104164
20.12 	 0.0102984
20.13 	 0.0101766
20.14 	 0.0100525
20.15 	 0.00992739
20.16 	 0.00980244
20.17 	 0.00967803
20.18 	 0.0095539
20.19 	 0.00942925
20.2 	 0.00930288
20.21 	 0.00917351
20.22 	 0.00904007
20.23 	 0.00890221
20.24 	 0.00876052
20.25 	 0.00861662
20.26 	 0.00847286
20.27 	 0.00833196
20.28 	 0.00819651
20.29 	 0.00806854
20.3 	 0.00794895
20.31 	 0.00783722
20.32 	 0.00773142
20.33 	 0.00762855
20.34 	 0.00752506
20.35 	 0.00741716
20.36 	 0.00730088
20.37 	 0.00717218
20.38 	 0.00702723
20.39 	 0.00686271
20.4 	 0.00667607
20.41 	 0.00646558
20.42 	 0.00623006
20.43 	 0.00596866
20.44 	 0.00568084
20.45 	 0.00536662
20.46 	 0.00502704
20.47 	 0.00466441
20.48 	 0.0042823
20.49 	 0.00388516
20.5 	 0.00347801
20.51 	 0.00306597
20.52 	 0.00265384
20.53 	 0.00224573
20.54 	 0.00184477
20.55 	 0.00145291
20.56 	 0.00107092
20.57 	 0.00069868
20.58 	 0.000335788
20.59 	 -1.77389e-05
20.6 	 -0.00036098
20.61 	 -0.000691979
20.62 	 -0.00100791
20.63 	 -0.00130526
20.64 	 -0.00158011
20.65 	 -0.00182842
20.66 	 -0.00204667
20.67 	 -0.00223265
20.68 	 -0.00238609
20.69 	 -0.00250889
20.7 	 -0.00260471
20.71 	 -0.00267837
20.72 	 -0.00273523
20.73 	 -0.00278077
20.74 	 -0.00282036
20.75 	 -0.00285902
20.76 	 -0.0029012
20.77 	 -0.00295062
20.78 	 -0.00301015
20.79 	 -0.00308181
20.8 	 -0.00316702
20.81 	 -0.00326688
20.82 	 -0.00338252
20.83 	 -0.00351522
20.84 	 -0.00366645
20.85 	 -0.00383763
20.86 	 -0.00402972
20.87 	 -0.00424284
20.88 	 -0.00447609
20.89 	 -0.00472755
20.9 	 -0.00499431
20.91 	 -0.00527236
20.92 	 -0.00555652
20.93 	 -0.00584035
20.94 	 -0.00611647
20.95 	 -0.00637684
20.96 	 -0.0066132
20.97 	 -0.00681732
20.98 	 -0.00698134
20.99 	 -0.00709821
21 	 -0.00716224
21.01 	 -0.00716958
21.02 	 -0.0071184
21.03 	 -0.00700886
21.04 	 -0.00684281
21.05 	 -0.00662339
21.06 	 -0.0063548
21.07 	 -0.00604211
21.08 	 -0.0056912
21.09 	 -0.0053084
21.1 	 -0.00489999
21.11 	 -0.00447153
21.12 	 -0.00402739
21.13 	 -0.00357058
21.14 	 -0.00310269
21.15 	 -0.00262397
21.16 	 -0.00213332
21.17 	 -0.00162849
21.18 	 -0.00110653
21.19 	 -0.000564427
21.2 	 2.13414e-07
21.21 	 0.000588784
21.22 	 0.00120141
21.23 	 0.00183672
21.24 	 0.00249159
21.25 	 0.00316102
21.26 	 0.00383836
21.27 	 0.00451598
21.28 	 0.00518613
21.29 	 0.00584173
21.3 	 0.00647705
21.31 	 0.00708812
21.32 	 0.00767305
21.33 	 0.00823212
21.34 	 0.00876771
21.35 	 0.00928391
21.36 	 0.00978604
21.37 	 0.01028
21.38 	 0.0107718
21.39 	 0.0112667
21.4 	 0.0117688
21.41 	 0.0122807
21.42 	 0.0128033
21.43 	 0.0133356
21.44 	 0.0138747
21.45 	 0.0144167
21.46 	 0.0149564
21.47 	 0.0154883
21.48 	 0.0160068
21.49 	 0.0165066
21.5 	 0.0169825
21.51 	 0.0174298
21.52 	 0.0178438
21.53 	 0.0182204
21.54 	 0.0185564
21.55 	 0.0188496
21.56 	 0.0190992
21.57 	 0.0193052
21.58 	 0.0194686
21.59 	 0.0195912
21.6 	 0.0196758
21.61 	 0.0197255
21.62 	 0.0197445
21.63 	 0.0197366
21.64 	 0.0197051
21.65 	 0.0196524
21.66 	 0.0195798
21.67 	 0.019487
21.68 	 0.0193729
21.69 	 0.0192352
21.7 	 0.0190712
21.71 	 0.0188774
21.72 	 0.0186499
21.73 	 0.0183854
21.74 	 0.0180808
21.75 	 0.0177346
21.76 	 0.0173465
21.77 	 0.0169178
21.78 	 0.0164506
21.79 	 0.0159483
21.8 	 0.0154146
21.81 	 0.014854
21.82 	 0.0142714
21.83 	 0.0136708
21.84 	 0.0130557
21.85 	 0.0124279
21.86 	 0.0117875
21.87 	 0.0111336
21.88 	 0.010464
21.89 	 0.00977639
21.9 	 0.00906852
21.91 	 0.00833867
21.92 	 0.00758577
21.93 	 0.00680933
21.94 	 0.00600946
21.95 	 0.00518701
21.96 	 0.00434383
21.97 	 0.00348278
21.98 	 0.00260761
21.99 	 0.00172251
22 	 0.000831673
22.01 	 -6.08961e-05
22.02 	 -0.00095132
22.03 	 -0.00183563
22.04 	 -0.00270965
22.05 	 -0.00356914
22.06 	 -0.00441018
22.07 	 -0.00522948
22.08 	 -0.00602462
22.09 	 -0.00679391
22.1 	 -0.00753623
22.11 	 -0.00825082
22.12 	 -0.0089374
22.13 	 -0.00959614
22.14 	 -0.0102277
22.15 	 -0.0108329
22.16 	 -0.0114124
22.17 	 -0.0119666
22.18 	 -0.0124959
22.19 	 -0.0130008
22.2 	 -0.0134826
22.21 	 -0.0139427
22.22 	 -0.0143831
22.23 	 -0.0148055
22.24 	 -0.0152116
22.25 	 -0.0156028
22.26 	 -0.0159803
22.27 	 -0.0163446
22.28 	 -0.0166959
22.29 	 -0.0170341
22.3 	 -0.0173583
22.31 	 -0.0176679
22.32 	 -0.0179621
22.33 	 -0.0182407
22.34 	 -0.0185042
22.35 	 -0.018754
22.36 	 -0.0189922
22.37 	 -0.0192215
22.38 	 -0.0194448
22.39 	 -0.0196653
22.4 	 -0.019886
22.41 	 -0.0201092
22.42 	 -0.0203363
22.43 	 -0.0205675
22.44 	 -0.020802
22.45 	 -0.021038
22.46 	 -0.0212726
22.47 	 -0.021502
22.48 	 -0.0217219
22.49 	 -0.021928
22.5 	 -0.022116
22.51 	 -0.0222818
22.52 	 -0.022422
22.53 	 -0.0225335
22.54 	 -0.0226141
22.55 	 -0.0226626
22.56 	 -0.0226789
22.57 	 -0.0226636
22.58 	 -0.0226181
22.59 	 -0.0225442
22.6 	 -0.0224441
22.61 	 -0.0223211
22.62 	 -0.0221787
22.63 	 -0.0220212
22.64 	 -0.0218534
22.65 	 -0.0216797
22.66 	 -0.0215047
22.67 	 -0.0213322
22.68 	 -0.0211657
22.69 	 -0.0210076
22.7 	 -0.0208599
22.71 	 -0.0207237
22.72 	 -0.020599
22.73 	 -0.0204853
22.74 	 -0.020381
22.75 	 -0.0202842
22.76 	 -0.0201926
22.77 	 -0.0201033
22.78 	 -0.0200139
22.79 	 -0.0199217
22.8 	 -0.0198249
22.81 	 -0.0197221
22.82 	 -0.0196126
22.83 	 -0.0194963
22.84 	 -0.0193735
22.85 	 -0.0192453
22.86 	 -0.019113
22.87 	 -0.0189776
22.88 	 -0.0188402
22.89 	 -0.0187013
22.9 	 -0.0185611
22.91 	 -0.0184194
22.92 	 -0.0182758
22.93 	 -0.0181297
22.94 	 -0.0179807
22.95 	 -0.0178287
22.96 	 -0.0176741
22.97 	 -0.017518
22.98 	 -0.0173617
22.99 	 -0.0172066
23 	 -0.0170539
23.01 	 -0.0169043
23.02 	 -0.0167585
23.03 	 -0.0166166
23.04 	 -0.0164793
23.05 	 -0.0163472
23.06 	 -0.0162215
23.07 	 -0.0161041
23.08 	 -0.0159976
23.09 	 -0.0159049
23.1 	 -0.015829
23.11 	 -0.0157728
23.12 	 -0.0157392
23.13 	 -0.0157302
23.14 	 -0.0157475
23.15 	 -0.0157914
23.16 	 -0.0158606
23.17 	 -0.0159524
23.18 	 -0.0160626
23.19 	 -0.0161864
23.2 	 -0.0163191
23.21 	 -0.0164567
23.22 	 -0.0165957
23.23 	 -0.0167334
23.24 	 -0.0168679
23.25 	 -0.0169978
23.26 	 -0.0171224
23.27 	 -0.0172419
23.28 	 -0.0173567
23.29 	 -0.0174674
23.3 	 -0.0175745
23.31 	 -0.0176773
23.32 	 -0.0177741
23.33 	 -0.0178622
23.34 	 -0.0179383
23.35 	 -0.0179987
23.36 	 -0.0180398
23.37 	 -0.0180581
23.38 	 -0.0180506
23.39 	 -0.0180149
23.4 	 -0.0179499
23.41 	 -0.0178564
23.42 	 -0.0177366
23.43 	 -0.0175946
23.44 	 -0.0174359
23.45 	 -0.0172666
23.46 	 -0.0170933
23.47 	 -0.0169226
23.48 	 -0.0167604
23.49 	 -0.0166119
23.5 	 -0.0164807
23.51 	 -0.0163687
23.52 	 -0.0162758
23.53 	 -0.0162004
23.54 	 -0.0161395
23.55 	 -0.0160895
23.56 	 -0.0160462
23.57 	 -0.016006
23.58 	 -0.0159657
23.59 	 -0.0159231
23.6 	 -0.0158772
23.61 	 -0.015828
23.62 	 -0.0157765
23.63 	 -0.0157247
23.64 	 -0.0156749
23.65 	 -0.0156292
23.66 	 -0.0155891
23.67 	 -0.0155554
23.68 	 -0.0155277
23.69 	 -0.015505
23.7 	 -0.0154854
23.71 	 -0.0154663
23.72 	 -0.0154446
23.73 	 -0.0154168
23.74 	 -0.01538
23.75 	 -0.0153316
23.76 	 -0.01527
23.77 	 -0.0151942
23.78 	 -0.0151044
23.79 	 -0.0150018
23.8 	 -0.0148887
23.81 	 -0.0147679
23.82 	 -0.014643
23.83 	 -0.0145179
23.84 	 -0.0143961
23.85 	 -0.0142808
23.86 	 -0.0141742
23.87 	 -0.0140769
23.88 	 -0.0139884
23.89 	 -0.0139067
23.9 	 -0.0138287
23.91 	 -0.0137504
23.92 	 -0.0136674
23.93 	 -0.0135752
23.94 	 -0.0134699
23.95 	 -0.0133487
23.96 	 -0.0132101
23.97 	 -0.0130544
23.98 	 -0.0128835
23.99 	 -0.0127
24 	 -0.0125074
24.01 	 -0.0123086
24.02 	 -0.0121064
24.03 	 -0.0119029
24.04 	 -0.0116995
24.05 	 -0.0114964
24.06 	 -0.0112927
24.07 	 -0.0110867
24.08 	 -0.0108764
24.09 	 -0.0106602
24.1 	 -0.0104377
24.11 	 -0.0102098
24.12 	 -0.00997846
24.13 	 -0.00974645
24.14 	 -0.00951743
24.15 	 -0.00929569
24.16 	 -0.00908594
24.17 	 -0.00889292
24.18 	 -0.00872087
24.19 	 -0.00857303
24.2 	 -0.0084514
24.21 	 -0.00835668
24.22 	 -0.00828842
24.23 	 -0.00824506
24.24 	 -0.00822394
24.25 	 -0.00822133
24.26 	 -0.00823265
24.27 	 -0.00825278
24.28 	 -0.00827643
24.29 	 -0.00829865
24.3 	 -0.00831517
24.31 	 -0.00832268
24.32 	 -0.00831885
24.33 	 -0.00830239
24.34 	 -0.00827295
24.35 	 -0.00823087
24.36 	 -0.008177
24.37 	 -0.00811244
24.38 	 -0.00803836
24.39 	 -0.00795587
24.4 	 -0.00786592
24.41 	 -0.00776923
24.42 	 -0.00766637
24.43 	 -0.00755799
24.44 	 -0.00744514
24.45 	 -0.00732944
24.46 	 -0.00721314
24.47 	 -0.00709887
24.48 	 -0.00698949
24.49 	 -0.00688786
24.5 	 -0.00679681
24.51 	 -0.00671903
24.52 	 -0.00665708
24.53 	 -0.00661314
24.54 	 -0.00658881
24.55 	 -0.00658483
24.56 	 -0.00660092
24.57 	 -0.00663579
24.58 	 -0.00668745
24.59 	 -0.0067536
24.6 	 -0.00683194
24.61 	 -0.0069202
24.62 	 -0.00701625
24.63 	 -0.00711809
24.64 	 -0.00722398
24.65 	 -0.00733261
24.66 	 -0.00744312
24.67 	 -0.00755512
24.68 	 -0.00766851
24.69 	 -0.00778324
24.7 	 -0.00789908
24.71 	 -0.00801556
24.72 	 -0.00813201
24.73 	 -0.00824785
24.74 	 -0.00836293
24.75 	 -0.00847765
24.76 	 -0.00859307
24.77 	 -0.00871083
24.78 	 -0.00883312
24.79 	 -0.00896252
24.8 	 -0.00910162
24.81 	 -0.00925279
24.82 	 -0.00941781
24.83 	 -0.00959782
24.84 	 -0.00979329
24.85 	 -0.010004
24.86 	 -0.0102289
24.87 	 -0.0104664
24.88 	 -0.0107144
24.89 	 -0.0109704
24.9 	 -0.0112318
24.91 	 -0.0114963
24.92 	 -0.0117618
24.93 	 -0.0120262
24.94 	 -0.0122875
24.95 	 -0.0125433
24.96 	 -0.0127911
24.97 	 -0.0130284
24.98 	 -0.0132529
24.99 	 -0.0134623
25 	 -0.0136548
25.01 	 -0.0138295
25.02 	 -0.0139864
25.03 	 -0.0141262
25.04 	 -0.0142507
25.05 	 -0.0143617
25.06 	 -0.0144609
25.07 	 -0.0145493
25.08 	 -0.0146271
25.09 	 -0.0146935
25.1 	 -0.014747
25.11 	 -0.0147848
25.12 	 -0.014804
25.13 	 -0.0148011
25.14 	 -0.0147729
25.15 	 -0.0147167
25.16 	 -0.0146309
25.17 	 -0.014515
25.18 	 -0.01437
25.19 	 -0.0141973
25.2 	 -0.013999
25.21 	 -0.0137773
25.22 	 -0.0135348
25.23 	 -0.0132737
25.24 	 -0.0129969
25.25 	 -0.0127069
25.26 	 -0.0124061
25.27 	 -0.0120963
25.28 	 -0.0117791
25.29 	 -0.0114561
25.3 	 -0.011129
25.31 	 -0.0107996
25.32 	 -0.0104696
25.33 	 -0.0101405
25.34 	 -0.00981364
25.35 	 -0.00948935
25.36 	 -0.00916759
25.37 	 -0.00884782
25.38 	 -0.00852938
25.39 	 -0.00821168
25.4 	 -0.00789426
25.41 	 -0.0075767
25.42 	 -0.00725868
25.43 	 -0.00694009
25.44 	 -0.00662121
25.45 	 -0.00630272
25.46 	 -0.00598572
25.47 	 -0.00567157
25.48 	 -0.00536179
25.49 	 -0.00505793
25.5 	 -0.00476133
25.51 	 -0.00447289
25.52 	 -0.00419307
25.53 	 -0.00392209
25.54 	 -0.00366028
25.55 	 -0.00340821
25.56 	 -0.00316669
25.57 	 -0.00293652
25.58 	 -0.00271829
25.59 	 -0.00251222
25.6 	 -0.00231798
25.61 	 -0.00213466
25.62 	 -0.00196064
25.63 	 -0.00179359
25.64 	 -0.00163071
25.65 	 -0.00146895
25.66 	 -0.00130552
25.67 	 -0.00113831
25.68 	 -0.000966207
25.69 	 -0.000789288
25.7 	 -0.000608774
25.71 	 -0.000426854
25.72 	 -0.000246444
25.73 	 -7.09258e-05
25.74 	 9.61468e-05
25.75 	 0.000251488
25.76 	 0.000392634
25.77 	 0.000518448
25.78 	 0.000629292
25.79 	 0.000726838
25.8 	 0.000813644
25.81 	 0.000892737
25.82 	 0.000967203
25.83 	 0.00103981
25.84 	 0.00111266
25.85 	 0.00118696
25.86 	 0.00126301
25.87 	 0.00134025
25.88 	 0.00141739
25.89 	 0.00149262
25.9 	 0.00156397
25.91 	 0.0016296
25.92 	 0.00168806
25.93 	 0.00173843
25.94 	 0.00178032
25.95 	 0.00181389
25.96 	 0.00183982
25.97 	 0.00185909
25.98 	 0.00187272
25.99 	 0.00188155
26 	 0.00188616
26.01 	 0.00188692
26.02 	 0.00188418
26.03 	 0.00187843
26.04 	 0.00187033
26.05 	 0.0018606
26.06 	 0.00184982
26.07 	 0.00183828
26.08 	 0.00182597
26.09 	 0.00181274
26.1 	 0.00179846
26.11 	 0.00178324
26.12 	 0.00176736
26.13 	 0.00175116
26.14 	 0.00173487
26.15 	 0.00171849
26.16 	 0.00170176
26.17 	 0.00168422
26.18 	 0.00166517
26.19 	 0.00164364
26.2 	 0.00161821
26.21 	 0.00158697
26.22 	 0.00154747
26.23 	 0.00149706
26.24 	 0.00143323
26.25 	 0.00135411
26.26 	 0.0012587
26.27 	 0.00114684
26.28 	 0.001019
26.29 	 0.000876117
26.3 	 0.000719484
26.31 	 0.000550812
26.32 	 0.000372048
26.33 	 0.00018506
26.34 	 -8.69589e-06
26.35 	 -0.000208326
26.36 	 -0.0004135
26.37 	 -0.000624367
26.38 	 -0.000841486
26.39 	 -0.00106577
26.4 	 -0.00129846
26.41 	 -0.00154108
26.42 	 -0.00179533
26.43 	 -0.00206284
26.44 	 -0.00234488
26.45 	 -0.00264205
26.46 	 -0.00295412
26.47 	 -0.00327994
26.48 	 -0.0036176
26.49 	 -0.0039645
26.5 	 -0.00431756
26.51 	 -0.00467333
26.52 	 -0.00502811
26.53 	 -0.00537816
26.54 	 -0.00572006
26.55 	 -0.00605092
26.56 	 -0.00636873
26.57 	 -0.00667241
26.58 	 -0.00696189
26.59 	 -0.00723806
26.6 	 -0.00750254
26.61 	 -0.00775732
26.62 	 -0.0080045
26.63 	 -0.00824614
26.64 	 -0.00848411
26.65 	 -0.00871979
26.66 	 -0.00895369
26.67 	 -0.00918525
26.68 	 -0.00941284
26.69 	 -0.00963411
26.7 	 -0.00984636
26.71 	 -0.0100468
26.72 	 -0.0102325
26.73 	 -0.0104009
26.74 	 -0.0105494
26.75 	 -0.0106757
26.76 	 -0.010778
26.77 	 -0.0108549
26.78 	 -0.0109056
26.79 	 -0.0109299
26.8 	 -0.0109275
26.81 	 -0.0108982
26.82 	 -0.0108414
26.83 	 -0.0107563
26.84 	 -0.0106426
26.85 	 -0.0105004
26.86 	 -0.0103301
26.87 	 -0.0101327
26.88 	 -0.00990938
26.89 	 -0.00966142
26.9 	 -0.00939037
26.91 	 -0.00909788
26.92 	 -0.00878562
26.93 	 -0.00845516
26.94 	 -0.00810792
26.95 	 -0.00774518
26.96 	 -0.00736811
26.97 	 -0.0069777
26.98 	 -0.00657476
26.99 	 -0.00615979
27 	 -0.00573299
27.01 	 -0.00529423
27.02 	 -0.00484332
27.03 	 -0.0043801
27.04 	 -0.00390456
27.05 	 -0.00341662
27.06 	 -0.00291605
27.07 	 -0.00240246
27.08 	 -0.00187553
27.09 	 -0.00133531
27.1 	 -0.000782427
27.11 	 -0.00021816
27.12 	 0.000355735
27.13 	 0.00093723
27.14 	 0.00152423
27.15 	 0.00211472
27.16 	 0.00270686
27.17 	 0.00329906
27.18 	 0.00389003
27.19 	 0.0044789
27.2 	 0.00506518
27.21 	 0.00564873
27.22 	 0.00622947
27.23 	 0.00680703
27.24 	 0.00738045
27.25 	 0.00794808
27.26 	 0.00850773
27.27 	 0.00905691
27.28 	 0.00959292
27.29 	 0.0101131
27.3 	 0.010615
27.31 	 0.0110965
27.32 	 0.011556
27.33 	 0.0119926
27.34 	 0.0124063
27.35 	 0.0127977
27.36 	 0.013168
27.37 	 0.0135181
27.38 	 0.013849
27.39 	 0.0141613
27.4 	 0.0144556
27.41 	 0.0147321
27.42 	 0.0149912
27.43 	 0.0152335
27.44 	 0.0154593
27.45 	 0.0156692
27.46 	 0.0158634
27.47 	 0.0160427
27.48 	 0.0162079
27.49 	 0.0163599
27.5 	 0.0164992
27.51 	 0.0166261
27.52 	 0.0167404
27.53 	 0.0168415
27.54 	 0.0169291
27.55 	 0.0170027
27.56 	 0.0170616
27.57 	 0.0171052
27.58 	 0.0171325
27.59 	 0.0171427
27.6 	 0.0171355
27.61 	 0.0171107
27.62 	 0.0170688
27.63 	 0.01701
27.64 	 0.0169353
27.65 	 0.0168455
27.66 	 0.0167416
27.67 	 0.0166247
27.68 	 0.0164959
27.69 	 0.0163565
27.7 	 0.016207
27.71 	 0.016048
27.72 	 0.0158796
27.73 	 0.015702
27.74 	 0.0155152
27.75 	 0.0153195
27.76 	 0.015115
27.77 	 0.0149019
27.78 	 0.0146804
27.79 	 0.0144506
27.8 	 0.0142124
27.81 	 0.0139657
27.82 	 0.01371
27.83 	 0.0134447
27.84 	 0.0131693
27.85 	 0.0128829
27.86 	 0.0125845
27.87 	 0.012273
27.88 	 0.0119471
27.89 	 0.0116063
27.9 	 0.0112503
27.91 	 0.0108797
27.92 	 0.0104952
27.93 	 0.0100979
27.94 	 0.00968883
27.95 	 0.00926946
27.96 	 0.00884142
27.97 	 0.00840667
27.98 	 0.00796723
27.99 	 0.00752505
28 	 0.00708187
28.01 	 0.0066395
28.02 	 0.00619982
28.03 	 0.00576483
28.04 	 0.00533643
28.05 	 0.0049163
28.06 	 0.00450589
28.07 	 0.00410634
28.08 	 0.00371839
28.09 	 0.00334217
28.1 	 0.00297713
28.11 	 0.00262208
28.12 	 0.00227541
28.13 	 0.00193518
28.14 	 0.00159938
28.15 	 0.00126616
28.16 	 0.000934229
28.17 	 0.000603062
28.18 	 0.000273029
28.19 	 -5.47004e-05
28.2 	 -0.000378381
28.21 	 -0.00069594
28.22 	 -0.00100521
28.23 	 -0.00130409
28.24 	 -0.00159062
28.25 	 -0.00186309
28.26 	 -0.00212015
28.27 	 -0.00236096
28.28 	 -0.00258524
28.29 	 -0.00279333
28.3 	 -0.00298609
28.31 	 -0.00316473
28.32 	 -0.00333056
28.33 	 -0.00348477
28.34 	 -0.00362848
28.35 	 -0.0037627
28.36 	 -0.00388839
28.37 	 -0.00400635
28.38 	 -0.00411707
28.39 	 -0.00422066
28.4 	 -0.00431688
28.41 	 -0.00440521
28.42 	 -0.00448492
28.43 	 -0.00455512
28.44 	 -0.00461473
28.45 	 -0.00466261
28.46 	 -0.00469762
28.47 	 -0.00471878
28.48 	 -0.00472524
28.49 	 -0.0047162
28.5 	 -0.00469082
28.51 	 -0.00464829
28.52 	 -0.00458792
28.53 	 -0.00450923
28.54 	 -0.0044119
28.55 	 -0.00429566
28.56 	 -0.00416021
28.57 	 -0.00400519
28.58 	 -0.00383043
28.59 	 -0.00363605
28.6 	 -0.00342259
28.61 	 -0.00319089
28.62 	 -0.00294206
28.63 	 -0.00267728
28.64 	 -0.00239777
28.65 	 -0.00210464
28.66 	 -0.00179883
28.67 	 -0.00148109
28.68 	 -0.00115195
28.69 	 -0.000811836
28.7 	 -0.000461182
28.71 	 -0.000100598
28.72 	 0.000269031
28.73 	 0.000646554
28.74 	 0.00103063
28.75 	 0.00141983
28.76 	 0.00181261
28.77 	 0.00220732
28.78 	 0.00260219
28.79 	 0.00299554
28.8 	 0.00338603
28.81 	 0.00377283
28.82 	 0.00415548
28.83 	 0.00453363
28.84 	 0.00490662
28.85 	 0.00527328
28.86 	 0.00563199
28.87 	 0.00598093
28.88 	 0.00631841
28.89 	 0.00664306
28.9 	 0.00695381
28.91 	 0.00724991
28.92 	 0.00753089
28.93 	 0.00779648
28.94 	 0.00804658
28.95 	 0.00828135
28.96 	 0.00850111
28.97 	 0.00870632
28.98 	 0.00889741
28.99 	 0.00907464
29 	 0.00923804
29.01 	 0.00938745
29.02 	 0.00952264
29.03 	 0.00964351
29.04 	 0.00975019
29.05 	 0.00984323
29.06 	 0.00992352
29.07 	 0.0099922
29.08 	 0.0100505
29.09 	 0.0100994
29.1 	 0.0101398
29.11 	 0.0101723
29.12 	 0.0101969
29.13 	 0.0102137
29.14 	 0.0102223
29.15 	 0.0102222
29.16 	 0.0102129
29.17 	 0.0101937
29.18 	 0.0101638
29.19 	 0.0101226
29.2 	 0.0100692
29.21 	 0.0100032
29.22 	 0.00992439
29.23 	 0.00983331
29.24 	 0.00973058
29.25 	 0.009617
29.26 	 0.0094936
29.27 	 0.00936183
29.28 	 0.00922372
29.29 	 0.00908165
29.3 	 0.0089378
29.31 	 0.0087938
29.32 	 0.00865048
29.33 	 0.00850803
29.34 	 0.00836608
29.35 	 0.00822397
29.36 	 0.00808088
29.37 	 0.00793595
29.38 	 0.00778846
29.39 	 0.00763797
29.4 	 0.00748461
29.41 	 0.00732926
29.42 	 0.00717346
29.43 	 0.00701933
29.44 	 0.00686921
29.45 	 0.00672552
29.46 	 0.00659054
29.47 	 0.00646623
29.48 	 0.006354
29.49 	 0.00625468
29.5 	 0.00616855
29.51 	 0.0060955
29.52 	 0.0060351
29.53 	 0.00598651
29.54 	 0.00594837
29.55 	 0.00591869
29.56 	 0.00589508
29.57 	 0.005875
29.58 	 0.00585621
29.59 	 0.00583689
29.6 	 0.0058157
29.61 	 0.00579172
29.62 	 0.00576439
29.63 	 0.0057335
29.64 	 0.00569926
29.65 	 0.00566219
29.66 	 0.00562306
29.67 	 0.00558276
29.68 	 0.00554212
29.69 	 0.00550186
29.7 	 0.00546249
29.71 	 0.00542436
29.72 	 0.00538759
29.73 	 0.00535205
29.74 	 0.00531733
29.75 	 0.00528288
29.76 	 0.00524805
29.77 	 0.00521221
29.78 	 0.00517467
29.79 	 0.00513464
29.8 	 0.00509129
29.81 	 0.00504392
29.82 	 0.00499218
29.83 	 0.00493611
29.84 	 0.00487598
29.85 	 0.00481205
29.86 	 0.00474446
29.87 	 0.00467329
29.88 	 0.00459867
29.89 	 0.00452066
29.9 	 0.00443915
29.91 	 0.0043537
29.92 	 0.00426359
29.93 	 0.00416811
29.94 	 0.00406675
29.95 	 0.00395918
29.96 	 0.00384524
29.97 	 0.00372471
29.98 	 0.00359729
29.99 	 0.00346266
30 	 0.00332065
30.01 	 0.00317142
30.02 	 0.00301538
30.03 	 0.00285295
30.04 	 0.00268441
30.05 	 0.00250991
30.06 	 0.00232957
30.07 	 0.00214368
30.08 	 0.00195258
30.09 	 0.00175659
30.1 	 0.00155586
30.11 	 0.00135038
30.12 	 0.00114009
30.13 	 0.00092505
30.14 	 0.000705535
30.15 	 0.000482
30.16 	 0.000254984
30.17 	 2.50442e-05
30.18 	 -0.000207275
30.19 	 -0.000441367
30.2 	 -0.000676487
30.21 	 -0.000911682
30.22 	 -0.0011459
30.23 	 -0.00137813
30.24 	 -0.00160756
30.25 	 -0.00183341
30.26 	 -0.00205476
30.27 	 -0.00227045
30.28 	 -0.00247921
30.29 	 -0.00267981
30.3 	 -0.00287108
30.31 	 -0.00305184
30.32 	 -0.00322079
30.33 	 -0.00337651
30.34 	 -0.00351754
30.35 	 -0.00364247
30.36 	 -0.00374992
30.37 	 -0.0038386
30.38 	 -0.00390735
30.39 	 -0.0039552
30.4 	 -0.00398143
30.41 	 -0.00398554
30.42 	 -0.00396738
30.43 	 -0.00392716
30.44 	 -0.00386549
30.45 	 -0.00378334
30.46 	 -0.00368199
30.47 	 -0.00356292
30.48 	 -0.00342776
30.49 	 -0.00327811
30.5 	 -0.00311528
30.51 	 -0.00294012
30.52 	 -0.00275311
30.53 	 -0.00255446
30.54 	 -0.00234434
30.55 	 -0.00212295
30.56 	 -0.00189057
30.57 	 -0.00164758
30.58 	 -0.0013945
30.59 	 -0.00113198
30.6 	 -0.000860826
30.61 	 -0.000581945
30.62 	 -0.000296385
30.63 	 -5.34086e-06
30.64 	 0.000289889
30.65 	 0.000588101
30.66 	 0.000888395
30.67 	 0.0011903
30.68 	 0.00149368
30.69 	 0.00179856
30.7 	 0.00210501
30.71 	 0.00241306
30.72 	 0.0027227
30.73 	 0.00303392
30.74 	 0.00334664
30.75 	 0.00366067
30.76 	 0.00397565
30.77 	 0.00429088
30.78 	 0.00460519
30.79 	 0.004917
30.8 	 0.00522461
30.81 	 0.00552651
30.82 	 0.00582167
30.83 	 0.00610964
30.84 	 0.00639047
30.85 	 0.00666465
30.86 	 0.00693292
30.87 	 0.00719612
30.88 	 0.0074551
30.89 	 0.00771063
30.9 	 0.00796326
30.91 	 0.00821318
30.92 	 0.00846
30.93 	 0.00870279
30.94 	 0.00894019
30.95 	 0.00917063
30.96 	 0.00939249
30.97 	 0.00960421
30.98 	 0.00980434
30.99 	 0.00999159
31 	 0.0101649
31.01 	 0.0103234
31.02 	 0.0104666
31.03 	 0.0105941
31.04 	 0.0107059
31.05 	 0.0108024
31.06 	 0.0108843
31.07 	 0.0109525
31.08 	 0.0110079
31.09 	 0.0110514
31.1 	 0.0110837
31.11 	 0.0111055
31.12 	 0.0111172
31.13 	 0.0111187
31.14 	 0.0111099
31.15 	 0.0110903
31.16 	 0.0110594
31.17 	 0.0110169
31.18 	 0.0109626
31.19 	 0.0108964
31.2 	 0.0108183
31.21 	 0.0107288
31.22 	 0.0106286
31.23 	 0.0105188
31.24 	 0.0104004
31.25 	 0.0102744
31.26 	 0.0101415
31.27 	 0.0100023
31.28 	 0.00985696
31.29 	 0.00970538
31.3 	 0.00954736
31.31 	 0.00938263
31.32 	 0.009211
31.33 	 0.00903226
31.34 	 0.00884629
31.35 	 0.00865309
31.36 	 0.00845302
31.37 	 0.00824681
31.38 	 0.00803546
31.39 	 0.00781998
31.4 	 0.00760121
31.41 	 0.00737979
31.42 	 0.00715614
31.43 	 0.00693062
31.44 	 0.00670354
31.45 	 0.00647524
31.46 	 0.00624605
31.47 	 0.0060163
31.48 	 0.00578638
31.49 	 0.00555682
31.5 	 0.00532839
31.51 	 0.00510198
31.52 	 0.00487841
31.53 	 0.00465817
31.54 	 0.00444144
31.55 	 0.00422806
31.56 	 0.00401775
31.57 	 0.00381013
31.58 	 0.00360462
31.59 	 0.00340038
31.6 	 0.00319631
31.61 	 0.0029912
31.62 	 0.00278391
31.63 	 0.0025733
31.64 	 0.00235823
31.65 	 0.0021376
31.66 	 0.00191062
31.67 	 0.00167699
31.68 	 0.0014369
31.69 	 0.00119094
31.7 	 0.000940013
31.71 	 0.000685369
31.72 	 0.000428543
31.73 	 0.000171149
31.74 	 -8.54767e-05
31.75 	 -0.00034052
31.76 	 -0.000593759
31.77 	 -0.000845383
31.78 	 -0.00109578
31.79 	 -0.00134535
31.8 	 -0.00159442
31.81 	 -0.00184313
31.82 	 -0.00209134
31.83 	 -0.00233845
31.84 	 -0.00258339
31.85 	 -0.0028247
31.86 	 -0.00306079
31.87 	 -0.00329013
31.88 	 -0.00351151
31.89 	 -0.00372412
31.9 	 -0.00392753
31.91 	 -0.00412157
31.92 	 -0.00430627
31.93 	 -0.00448176
31.94 	 -0.00464831
31.95 	 -0.00480616
31.96 	 -0.00495553
31.97 	 -0.00509646
31.98 	 -0.00522885
31.99 	 -0.00535241
32 	 -0.00546671
32.01 	 -0.00557119
32.02 	 -0.00566519
32.03 	 -0.00574803
32.04 	 -0.00581907
32.05 	 -0.00587773
32.06 	 -0.00592348
32.07 	 -0.00595582
32.08 	 -0.0059742
32.09 	 -0.00597813
32.1 	 -0.00596723
32.11 	 -0.00594129
32.12 	 -0.00590037
32.13 	 -0.00584481
32.14 	 -0.00577528
32.15 	 -0.00569272
32.16 	 -0.00559824
32.17 	 -0.00549284
32.18 	 -0.00537736
32.19 	 -0.00525238
32.2 	 -0.00511823
32.21 	 -0.00497499
32.22 	 -0.0048224
32.23 	 -0.00465988
32.24 	 -0.00448659
32.25 	 -0.00430159
32.26 	 -0.00410399
32.27 	 -0.00389318
32.28 	 -0.00366893
32.29 	 -0.00343135
32.3 	 -0.00318081
32.31 	 -0.00291774
32.32 	 -0.00264259
32.33 	 -0.00235592
32.34 	 -0.0020584
32.35 	 -0.00175083
32.36 	 -0.00143401
32.37 	 -0.00110876
32.38 	 -0.000775935
32.39 	 -0.000436604
32.4 	 -9.21049e-05
32.41 	 0.000255993
32.42 	 0.000606018
32.43 	 0.000956418
32.44 	 0.00130591
32.45 	 0.00165357
32.46 	 0.00199872
32.47 	 0.00234083
32.48 	 0.00267948
32.49 	 0.00301445
32.5 	 0.00334564
32.51 	 0.00367307
32.52 	 0.00399664
32.53 	 0.00431596
32.54 	 0.00463034
32.55 	 0.00493884
32.56 	 0.00524043
32.57 	 0.00553413
32.58 	 0.00581899
32.59 	 0.00609415
32.6 	 0.00635879
32.61 	 0.00661229
32.62 	 0.00685434
32.63 	 0.0070849
32.64 	 0.00730411
32.65 	 0.00751212
32.66 	 0.00770904
32.67 	 0.00789489
32.68 	 0.00806953
32.69 	 0.00823274
32.7 	 0.00838422
32.71 	 0.00852375
32.72 	 0.00865127
32.73 	 0.00876688
32.74 	 0.00887068
32.75 	 0.00896278
32.76 	 0.00904327
32.77 	 0.0091124
32.78 	 0.00917055
32.79 	 0.00921828
32.8 	 0.00925612
32.81 	 0.00928453
32.82 	 0.00930365
32.83 	 0.00931337
32.84 	 0.00931341
32.85 	 0.00930358
32.86 	 0.0092839
32.87 	 0.00925471
32.88 	 0.00921647
32.89 	 0.00916963
32.9 	 0.00911454
32.91 	 0.00905157
32.92 	 0.0089812
32.93 	 0.00890423
32.94 	 0.00882176
32.95 	 0.00873503
32.96 	 0.0086451
32.97 	 0.00855248
32.98 	 0.00845706
32.99 	 0.00835823
33 	 0.00825516
33.01 	 0.00814707
33.02 	 0.0080331
33.03 	 0.00791212
33.04 	 0.00778253
33.05 	 0.00764236
33.06 	 0.00748952
33.07 	 0.00732216
33.08 	 0.00713872
33.09 	 0.00693789
33.1 	 0.00671856
33.11 	 0.00647986
33.12 	 0.00622144
33.13 	 0.00594367
33.14 	 0.00564779
33.15 	 0.00533587
33.16 	 0.00501058
33.17 	 0.00467498
33.18 	 0.00433212
33.19 	 0.00398491
33.2 	 0.00363597
33.21 	 0.00328752
33.22 	 0.00294131
33.23 	 0.00259853
33.24 	 0.0022598
33.25 	 0.00192536
33.26 	 0.00159513
33.27 	 0.00126889
33.28 	 0.000946359
33.29 	 0.000627382
33.3 	 0.000312006
33.31 	 5.38878e-07
33.32 	 -0.000306499
33.33 	 -0.000608423
33.34 	 -0.000904494
33.35 	 -0.00119394
33.36 	 -0.00147597
33.37 	 -0.00174969
33.38 	 -0.00201403
33.39 	 -0.00226786
33.4 	 -0.0025101
33.41 	 -0.00274003
33.42 	 -0.00295743
33.43 	 -0.00316257
33.44 	 -0.00335617
33.45 	 -0.00353924
33.46 	 -0.00371296
33.47 	 -0.00387853
33.48 	 -0.0040371
33.49 	 -0.00418971
33.5 	 -0.00433729
33.51 	 -0.00448056
33.52 	 -0.00461997
33.53 	 -0.00475563
33.54 	 -0.0048873
33.55 	 -0.00501448
33.56 	 -0.00513642
33.57 	 -0.00525226
33.58 	 -0.00536116
33.59 	 -0.00546236
33.6 	 -0.00555528
33.61 	 -0.00563946
33.62 	 -0.00571462
33.63 	 -0.00578073
33.64 	 -0.00583805
33.65 	 -0.00588716
33.66 	 -0.00592893
33.67 	 -0.00596429
33.68 	 -0.00599411
33.69 	 -0.00601895
33.7 	 -0.00603899
33.71 	 -0.00605389
33.72 	 -0.00606283
33.73 	 -0.00606457
33.74 	 -0.00605762
33.75 	 -0.00604029
33.76 	 -0.00601091
33.77 	 -0.0059679
33.78 	 -0.00591002
33.79 	 -0.00583655
33.8 	 -0.00574745
33.81 	 -0.00564327
33.82 	 -0.00552507
33.83 	 -0.00539419
33.84 	 -0.00525209
33.85 	 -0.00510011
33.86 	 -0.0049394
33.87 	 -0.00477077
33.88 	 -0.00459486
33.89 	 -0.00441222
33.9 	 -0.00422339
33.91 	 -0.00402877
33.92 	 -0.00382874
33.93 	 -0.00362366
33.94 	 -0.00341411
33.95 	 -0.00320092
33.96 	 -0.00298509
33.97 	 -0.00276771
33.98 	 -0.00254987
33.99 	 -0.00233266
34 	 -0.00211713
34.01 	 -0.00190413
34.02 	 -0.00169431
34.03 	 -0.00148806
34.04 	 -0.0012857
34.05 	 -0.00108739
34.06 	 -0.000893102
34.07 	 -0.000702471
34.08 	 -0.000514855
34.09 	 -0.000329398
34.1 	 -0.000145203
34.11 	 3.86048e-05
34.12 	 0.000222818
34.13 	 0.000408171
34.14 	 0.000595283
34.15 	 0.000784626
34.16 	 0.00097642
34.17 	 0.00117061
34.18 	 0.00136681
34.19 	 0.00156443
34.2 	 0.00176274
34.21 	 0.00196106
34.22 	 0.00215876
34.23 	 0.00235547
34.24 	 0.00255107
34.25 	 0.00274582
34.26 	 0.00294036
34.27 	 0.00313575
34.28 	 0.00333328
34.29 	 0.00353439
34.3 	 0.00374035
34.31 	 0.00395216
34.32 	 0.00417032
34.33 	 0.00439479
34.34 	 0.00462485
34.35 	 0.00485919
34.36 	 0.00509581
34.37 	 0.00533212
34.38 	 0.00556507
34.39 	 0.00579147
34.4 	 0.00600834
34.41 	 0.00621323
34.42 	 0.00640438
34.43 	 0.00658074
34.44 	 0.00674184
34.45 	 0.00688778
34.46 	 0.00701911
34.47 	 0.00713688
34.48 	 0.00724244
34.49 	 0.00733731
34.5 	 0.00742294
34.51 	 0.00750049
34.52 	 0.00757066
34.53 	 0.0076336
34.54 	 0.00768883
34.55 	 0.00773558
34.56 	 0.00777295
34.57 	 0.00780027
34.58 	 0.00781703
34.59 	 0.00782288
34.6 	 0.00781758
34.61 	 0.00780128
34.62 	 0.00777449
34.63 	 0.00773808
34.64 	 0.00769294
34.65 	 0.00763987
34.66 	 0.00757946
34.67 	 0.00751226
34.68 	 0.00743872
34.69 	 0.00735919
34.7 	 0.00727373
34.71 	 0.00718212
34.72 	 0.00708399
34.73 	 0.00697894
34.74 	 0.00686661
34.75 	 0.00674674
34.76 	 0.00661926
34.77 	 0.00648431
34.78 	 0.0063423
34.79 	 0.00619383
34.8 	 0.00603973
34.81 	 0.00588105
34.82 	 0.00571911
34.83 	 0.0055554
34.84 	 0.00539142
34.85 	 0.00522851
34.86 	 0.00506777
34.87 	 0.00491002
34.88 	 0.00475576
34.89 	 0.00460513
34.9 	 0.00445792
34.91 	 0.00431369
34.92 	 0.00417185
34.93 	 0.00403173
34.94 	 0.00389247
34.95 	 0.00375312
34.96 	 0.00361264
34.97 	 0.00347008
34.98 	 0.00332464
34.99 	 0.00317569
35 	 0.0030227
35.01 	 0.00286528
35.02 	 0.00270321
35.03 	 0.00253653
35.04 	 0.0023655
35.05 	 0.00219063
35.06 	 0.00201252
35.07 	 0.00183185
35.08 	 0.00164924
35.09 	 0.00146527
35.1 	 0.00128048
35.11 	 0.00109541
35.12 	 0.000910608
35.13 	 0.000726566
35.14 	 0.000543733
35.15 	 0.000362635
35.16 	 0.000183928
35.17 	 8.46503e-06
35.18 	 -0.000162815
35.19 	 -0.000328914
35.2 	 -0.000488869
35.21 	 -0.000641729
35.22 	 -0.000786648
35.23 	 -0.000922891
35.24 	 -0.00104994
35.25 	 -0.0011675
35.26 	 -0.00127556
35.27 	 -0.0013743
35.28 	 -0.00146415
35.29 	 -0.00154566
35.3 	 -0.0016196
35.31 	 -0.00168682
35.32 	 -0.00174827
35.33 	 -0.0018049
35.34 	 -0.00185764
35.35 	 -0.00190734
35.36 	 -0.00195475
35.37 	 -0.0020004
35.38 	 -0.00204465
35.39 	 -0.00208756
35.4 	 -0.00212899
35.41 	 -0.00216862
35.42 	 -0.00220611
35.43 	 -0.00224121
35.44 	 -0.00227386
35.45 	 -0.00230412
35.46 	 -0.00233211
35.47 	 -0.00235795
35.48 	 -0.00238191
35.49 	 -0.00240439
35.5 	 -0.00242589
35.51 	 -0.00244672
35.52 	 -0.00246696
35.53 	 -0.0024863
35.54 	 -0.00250429
35.55 	 -0.00252029
35.56 	 -0.00253371
35.57 	 -0.00254399
35.58 	 -0.00255087
35.59 	 -0.00255429
35.6 	 -0.00255443
35.61 	 -0.00255157
35.62 	 -0.00254604
35.63 	 -0.00253825
35.64 	 -0.00252861
35.65 	 -0.00251747
35.66 	 -0.00250509
35.67 	 -0.00249149
35.68 	 -0.00247657
35.69 	 -0.00246008
35.7 	 -0.00244177
35.71 	 -0.00242136
35.72 	 -0.00239872
35.73 	 -0.00237381
35.74 	 -0.00234686
35.75 	 -0.00231827
35.76 	 -0.00228856
35.77 	 -0.00225827
35.78 	 -0.00222795
35.79 	 -0.0021981
35.8 	 -0.00216922
35.81 	 -0.00214173
35.82 	 -0.00211603
35.83 	 -0.0020925
35.84 	 -0.00207156
35.85 	 -0.00205367
35.86 	 -0.00203932
35.87 	 -0.00202894
35.88 	 -0.00202289
35.89 	 -0.00202128
35.9 	 -0.00202398
35.91 	 -0.00203051
35.92 	 -0.00204007
35.93 	 -0.00205141
35.94 	 -0.00206302
35.95 	 -0.00207323
35.96 	 -0.00208053
35.97 	 -0.00208366
35.98 	 -0.00208175
35.99 	 -0.00207419
36 	 -0.00206061
36.01 	 -0.00204087
36.02 	 -0.00201515
36.03 	 -0.0019839
36.04 	 -0.00194782
36.05 	 -0.0019076
36.06 	 -0.00186372
36.07 	 -0.00181632
36.08 	 -0.00176536
36.09 	 -0.00171067
36.1 	 -0.0016521
36.11 	 -0.00158952
36.12 	 -0.00152276
36.13 	 -0.00145167
36.14 	 -0.0013762
36.15 	 -0.00129641
36.16 	 -0.00121255
36.17 	 -0.00112487
36.18 	 -0.00103362
36.19 	 -0.000938939
36.2 	 -0.000840956
36.21 	 -0.000739793
36.22 	 -0.000635659
36.23 	 -0.000528692
36.24 	 -0.000418887
36.25 	 -0.000305958
36.26 	 -0.000189569
36.27 	 -6.95797e-05
36.28 	 5.3602e-05
36.29 	 0.000179064
36.3 	 0.000305498
36.31 	 0.000431486
36.32 	 0.000555487
36.33 	 0.000675926
36.34 	 0.000791194
36.35 	 0.00089991
36.36 	 0.001001
36.37 	 0.00109384
36.38 	 0.00117815
36.39 	 0.00125412
36.4 	 0.00132228
36.41 	 0.00138348
36.42 	 0.00143859
36.43 	 0.00148838
36.44 	 0.00153328
36.45 	 0.0015735
36.46 	 0.00160901
36.47 	 0.0016397
36.48 	 0.0016654
36.49 	 0.00168592
36.5 	 0.001701
36.51 	 0.00171045
36.52 	 0.0017141
36.53 	 0.00171181
36.54 	 0.00170338
36.55 	 0.0016886
36.56 	 0.00166731
36.57 	 0.00163953
36.58 	 0.00160543
36.59 	 0.00156532
36.6 	 0.00151948
36.61 	 0.00146832
36.62 	 0.00141231
36.63 	 0.00135219
36.64 	 0.00128876
36.65 	 0.00122274
36.66 	 0.00115445
36.67 	 0.00108383
36.68 	 0.00101031
36.69 	 0.000933175
36.7 	 0.000851529
36.71 	 0.000764541
36.72 	 0.00067139
36.73 	 0.000571447
36.74 	 0.000464254
36.75 	 0.000349681
36.76 	 0.000227886
36.77 	 9.94502e-05
36.78 	 -3.47717e-05
36.79 	 -0.000173695
36.8 	 -0.000316283
36.81 	 -0.000461577
36.82 	 -0.000608856
36.83 	 -0.000757535
36.84 	 -0.000907247
36.85 	 -0.00105768
36.86 	 -0.00120863
36.87 	 -0.0013598
36.88 	 -0.00151095
36.89 	 -0.00166178
36.9 	 -0.00181207
36.91 	 -0.00196153
36.92 	 -0.00210975
36.93 	 -0.00225615
36.94 	 -0.00240017
36.95 	 -0.00254137
36.96 	 -0.0026796
36.97 	 -0.00281492
36.98 	 -0.00294754
36.99 	 -0.00307757
37 	 -0.00320501
37.01 	 -0.00332948
37.02 	 -0.00345036
37.03 	 -0.00356674
37.04 	 -0.00367767
37.05 	 -0.0037822
37.06 	 -0.00387942
37.07 	 -0.0039683
37.08 	 -0.00404783
37.09 	 -0.00411706
37.1 	 -0.0041755
37.11 	 -0.00422315
37.12 	 -0.00426055
37.13 	 -0.00428846
37.14 	 -0.00430781
37.15 	 -0.00431944
37.16 	 -0.00432423
37.17 	 -0.00432295
37.18 	 -0.00431646
37.19 	 -0.00430551
37.2 	 -0.0042908
37.21 	 -0.00427277
37.22 	 -0.00425178
37.23 	 -0.00422791
37.24 	 -0.0042012
37.25 	 -0.00417147
37.26 	 -0.00413845
37.27 	 -0.00410166
37.28 	 -0.00406062
37.29 	 -0.00401482
37.3 	 -0.003964
37.31 	 -0.00390799
37.32 	 -0.00384692
37.33 	 -0.00378102
37.34 	 -0.0037107
37.35 	 -0.00363628
37.36 	 -0.00355807
37.37 	 -0.00347623
37.38 	 -0.00339103
37.39 	 -0.00330264
37.4 	 -0.00321124
37.41 	 -0.00311677
37.42 	 -0.00301913
37.43 	 -0.00291814
37.44 	 -0.0028138
37.45 	 -0.00270612
37.46 	 -0.00259514
37.47 	 -0.00248062
37.48 	 -0.00236223
37.49 	 -0.0022395
37.5 	 -0.00211204
37.51 	 -0.00197943
37.52 	 -0.00184134
37.53 	 -0.00169748
37.54 	 -0.00154788
37.55 	 -0.00139282
37.56 	 -0.00123304
37.57 	 -0.0010695
37.58 	 -0.000903458
37.59 	 -0.000736152
37.6 	 -0.00056886
37.61 	 -0.000402597
37.62 	 -0.000238243
37.63 	 -7.63543e-05
37.64 	 8.26491e-05
37.65 	 0.000238667
37.66 	 0.000391709
37.67 	 0.000541988
37.68 	 0.000689612
37.69 	 0.000834736
37.7 	 0.000977395
37.71 	 0.00111771
37.72 	 0.00125565
37.73 	 0.00139113
37.74 	 0.00152385
37.75 	 0.00165358
37.76 	 0.00178002
37.77 	 0.00190305
37.78 	 0.00202253
37.79 	 0.00213842
37.8 	 0.00225051
37.81 	 0.00235854
37.82 	 0.002462
37.83 	 0.00256045
37.84 	 0.00265344
37.85 	 0.00274086
37.86 	 0.00282271
37.87 	 0.00289929
37.88 	 0.00297096
37.89 	 0.00303839
37.9 	 0.00310232
37.91 	 0.00316371
37.92 	 0.00322333
37.93 	 0.0032819
37.94 	 0.00333975
37.95 	 0.00339704
37.96 	 0.00345343
37.97 	 0.00350825
37.98 	 0.00356037
37.99 	 0.00360855
38 	 0.00365137
38.01 	 0.00368778
38.02 	 0.00371683
38.03 	 0.00373801
38.04 	 0.00375085
38.05 	 0.00375514
38.06 	 0.0037507
38.07 	 0.00373772
38.08 	 0.0037166
38.09 	 0.00368815
38.1 	 0.00365311
38.11 	 0.00361219
38.12 	 0.00356571
38.13 	 0.00351388
38.14 	 0.0034567
38.15 	 0.00339433
38.16 	 0.00332673
38.17 	 0.00325396
38.18 	 0.00317581
38.19 	 0.00309221
38.2 	 0.00300292
38.21 	 0.002908
38.22 	 0.0028075
38.23 	 0.00270192
38.24 	 0.00259182
38.25 	 0.00247811
38.26 	 0.00236156
38.27 	 0.00224305
38.28 	 0.00212322
38.29 	 0.00200286
38.3 	 0.00188259
38.31 	 0.00176323
38.32 	 0.00164539
38.33 	 0.00152974
38.34 	 0.00141665
38.35 	 0.00130655
38.36 	 0.00119979
38.37 	 0.00109696
38.38 	 0.000998543
38.39 	 0.000905073
38.4 	 0.000816768
38.41 	 0.000733975
38.42 	 0.0006568
38.43 	 0.000585465
38.44 	 0.000519789
38.45 	 0.000459626
38.46 	 0.000404534
38.47 	 0.000354334
38.48 	 0.0003087
38.49 	 0.000267567
38.5 	 0.00023064
38.51 	 0.000197849
38.52 	 0.000168889
38.53 	 0.000143667
38.54 	 0.000121792
38.55 	 0.000103047
38.56 	 8.69284e-05
38.57 	 7.31782e-05
38.58 	 6.1296e-05
38.59 	 5.1058e-05
38.6 	 4.20405e-05
38.61 	 3.4221e-05
38.62 	 2.74809e-05
38.63 	 2.21035e-05
38.64 	 1.81298e-05
38.65 	 1.58523e-05
38.66 	 1.5243e-05
38.67 	 1.65486e-05
38.68 	 1.96935e-05
38.69 	 2.48118e-05
38.7 	 3.15831e-05
38.71 	 3.98433e-05
38.72 	 4.90429e-05
38.73 	 5.89896e-05
38.74 	 6.92959e-05
38.75 	 8.00705e-05
38.76 	 9.12496e-05
38.77 	 0.000103205
38.78 	 0.000115966
38.79 	 0.000129838
38.8 	 0.000144704
38.81 	 0.000160781
38.82 	 0.000177895
38.83 	 0.000196169
38.84 	 0.000215211
38.85 	 0.000234882
38.86 	 0.000254571
38.87 	 0.000274054
38.88 	 0.000292757
38.89 	 0.000310622
38.9 	 0.000327305
38.91 	 0.000343022
38.92 	 0.000357647
38.93 	 0.000371559
38.94 	 0.000384705
38.95 	 0.000397481
38.96 	 0.000409762
38.97 	 0.000421818
38.98 	 0.000433339
38.99 	 0.000444454
39 	 0.000454745
39.01 	 0.000464283
39.02 	 0.000472561
39.03 	 0.000479555
39.04 	 0.000484646
39.05 	 0.000487757
39.06 	 0.000488253
39.07 	 0.000486129
39.08 	 0.000480854
39.09 	 0.000472591
39.1 	 0.000460939
39.11 	 0.000446183
39.12 	 0.000427994
39.13 	 0.000406751
39.14 	 0.00038216
39.15 	 0.00035463
39.16 	 0.000323873
39.17 	 0.000290378
39.18 	 0.00025392
39.19 	 0.000215037
39.2 	 0.000173453
39.21 	 0.0001297
39.22 	 8.35355e-05
39.23 	 3.56357e-05
39.24 	 -1.41442e-05
39.25 	 -6.50475e-05
39.26 	 -0.000117256
39.27 	 -0.000170028
39.28 	 -0.00022361
39.29 	 -0.000277282
39.3 	 -0.000331394
39.31 	 -0.000385303
39.32 	 -0.000439483
39.33 	 -0.000493298
39.34 	 -0.000547238
39.35 	 -0.000600571
39.36 	 -0.000653767
39.37 	 -0.000706045
39.38 	 -0.000757968
39.39 	 -0.00080881
39.4 	 -0.000859262
39.41 	 -0.000908587
39.42 	 -0.000957514
39.43 	 -0.00100523
39.44 	 -0.00105248
39.45 	 -0.00109836
39.46 	 -0.00114364
39.47 	 -0.0011873
39.48 	 -0.00123013
39.49 	 -0.00127098
39.5 	 -0.00131071
39.51 	 -0.00134806
39.52 	 -0.00138399
39.53 	 -0.00141722
39.54 	 -0.00144889
39.55 	 -0.0014778
39.56 	 -0.00150529
39.57 	 -0.00153007
39.58 	 -0.00155358
39.59 	 -0.00157437
39.6 	 -0.00159398
39.61 	 -0.00161079
39.62 	 -0.00162652
39.63 	 -0.00163932
39.64 	 -0.00165107
39.65 	 -0.00165969
39.66 	 -0.00166729
39.67 	 -0.00167155
39.68 	 -0.00167487
39.69 	 -0.00167468
39.7 	 -0.0016737
39.71 	 -0.00166903
39.72 	 -0.00166382
39.73 	 -0.00165473
39.74 	 -0.00164543
39.75 	 -0.00163205
39.76 	 -0.00161888
39.77 	 -0.00160136
39.78 	 -0.00158457
39.79 	 -0.0015631
39.8 	 -0.00154309
39.81 	 -0.00151798
39.82 	 -0.00149525
39.83 	 -0.00146675
39.84 	 -0.00144182
39.85 	 -0.00141003
39.86 	 -0.00138343
39.87 	 -0.00134824
39.88 	 -0.00132068
39.89 	 -0.00128175
39.9 	 -0.00125446
39.91 	 -0.00121077
39.92 	 -0.00118617
39.93 	 -0.0011347
39.94 	 -0.00111924
39.95 	 -0.00104808
39.96 	 -0.0010737
39.97 	 -0.000836497
39.98 	 -0.000442667
39.99 	 -0.000561302
