0 	 -0.0023735
0.01 	 -0.00249324
0.02 	 -0.00236995
0.03 	 -0.00277955
0.04 	 -0.00301481
0.05 	 -0.00291456
0.06 	 -0.00183953
0.07 	 0.00102989
0.08 	 0.00596626
0.09 	 0.0125123
0.1 	 0.0196395
0.11 	 0.0262883
0.12 	 0.0324023
0.13 	 0.0380294
0.14 	 0.0431636
0.15 	 0.0473144
0.16 	 0.0493565
0.17 	 0.0487065
0.18 	 0.0454625
0.19 	 0.0407677
0.2 	 0.0361705
0.21 	 0.0325556
0.22 	 0.030048
0.23 	 0.0281139
0.24 	 0.0261927
0.25 	 0.023914
0.26 	 0.0207166
0.27 	 0.0161917
0.28 	 0.0096063
0.29 	 0.000813581
0.3 	 -0.0102665
0.31 	 -0.0229889
0.32 	 -0.0365327
0.33 	 -0.0497932
0.34 	 -0.0610705
0.35 	 -0.0687859
0.36 	 -0.071328
0.37 	 -0.0681888
0.38 	 -0.05957
0.39 	 -0.0467713
0.4 	 -0.0316064
0.41 	 -0.0161387
0.42 	 -0.00244358
0.43 	 0.00810966
0.44 	 0.0147233
0.45 	 0.0173946
0.46 	 0.0165557
0.47 	 0.0128499
0.48 	 0.00772076
0.49 	 0.00346648
0.5 	 0.0029057
0.51 	 0.00787962
0.52 	 0.0185088
0.53 	 0.0329517
0.54 	 0.048894
0.55 	 0.0644387
0.56 	 0.0783862
0.57 	 0.0899209
0.58 	 0.0976886
0.59 	 0.0997971
0.6 	 0.094555
0.61 	 0.0808342
0.62 	 0.0592347
0.63 	 0.0313878
0.64 	 -0.000252389
0.65 	 -0.0333739
0.66 	 -0.0664791
0.67 	 -0.0982124
0.68 	 -0.127242
0.69 	 -0.151212
0.7 	 -0.167525
0.71 	 -0.174338
0.72 	 -0.17106
0.73 	 -0.158403
0.74 	 -0.13788
0.75 	 -0.110948
0.76 	 -0.0798621
0.77 	 -0.0471916
0.78 	 -0.0157472
0.79 	 0.0119393
0.8 	 0.0344176
0.81 	 0.0506252
0.82 	 0.0602666
0.83 	 0.0633583
0.84 	 0.0604973
0.85 	 0.0525022
0.86 	 0.0400761
0.87 	 0.024218
0.88 	 0.00638742
0.89 	 -0.0108681
0.9 	 -0.0241183
0.91 	 -0.030302
0.92 	 -0.0269711
0.93 	 -0.0138542
0.94 	 0.00748744
0.95 	 0.0337603
0.96 	 0.0616665
0.97 	 0.0888573
0.98 	 0.113568
0.99 	 0.133307
1 	 0.144556
1.01 	 0.143641
1.02 	 0.128476
1.03 	 0.0999024
1.04 	 0.0612344
1.05 	 0.0170607
1.06 	 -0.0284902
1.07 	 -0.0727164
1.08 	 -0.114305
1.09 	 -0.152797
1.1 	 -0.187614
1.11 	 -0.217019
1.12 	 -0.238768
1.13 	 -0.25062
1.14 	 -0.251149
1.15 	 -0.239178
1.16 	 -0.213722
1.17 	 -0.174472
1.18 	 -0.122734
1.19 	 -0.0622456
1.2 	 0.00141894
1.21 	 0.0621095
1.22 	 0.114019
1.23 	 0.152505
1.24 	 0.174508
1.25 	 0.179515
1.26 	 0.169927
1.27 	 0.150269
1.28 	 0.126209
1.29 	 0.103546
1.3 	 0.0877211
1.31 	 0.0827621
1.32 	 0.0904169
1.33 	 0.109446
1.34 	 0.135357
1.35 	 0.161545
1.36 	 0.180845
1.37 	 0.187541
1.38 	 0.179526
1.39 	 0.158656
1.4 	 0.130337
1.41 	 0.101297
1.42 	 0.0766016
1.43 	 0.0587578
1.44 	 0.0476379
1.45 	 0.0419529
1.46 	 0.039954
1.47 	 0.0385473
1.48 	 0.0324453
1.49 	 0.0146331
1.5 	 -0.0211268
1.51 	 -0.0766345
1.52 	 -0.148179
1.53 	 -0.227708
1.54 	 -0.304618
1.55 	 -0.36807
1.56 	 -0.408532
1.57 	 -0.419658
1.58 	 -0.398535
1.59 	 -0.345024
1.6 	 -0.261304
1.61 	 -0.1527
1.62 	 -0.0279601
1.63 	 0.100854
1.64 	 0.220279
1.65 	 0.317615
1.66 	 0.383128
1.67 	 0.411778
1.68 	 0.403916
1.69 	 0.364683
1.7 	 0.301744
1.71 	 0.222668
1.72 	 0.134749
1.73 	 0.0455986
1.74 	 -0.036665
1.75 	 -0.104647
1.76 	 -0.152706
1.77 	 -0.176632
1.78 	 -0.174023
1.79 	 -0.145143
1.8 	 -0.0949156
1.81 	 -0.0324699
1.82 	 0.0310952
1.83 	 0.0858663
1.84 	 0.124748
1.85 	 0.14241
1.86 	 0.134941
1.87 	 0.100484
1.88 	 0.0405016
1.89 	 -0.039315
1.9 	 -0.130344
1.91 	 -0.221982
1.92 	 -0.303012
1.93 	 -0.361853
1.94 	 -0.388188
1.95 	 -0.375002
1.96 	 -0.320796
1.97 	 -0.230244
1.98 	 -0.113269
1.99 	 0.0164911
2 	 0.144417
2.01 	 0.257262
2.02 	 0.345313
2.03 	 0.402586
2.04 	 0.425653
2.05 	 0.412501
2.06 	 0.362262
2.07 	 0.277079
2.08 	 0.164284
2.09 	 0.0372138
2.1 	 -0.0875998
2.11 	 -0.194404
2.12 	 -0.272299
2.13 	 -0.315764
2.14 	 -0.323441
2.15 	 -0.296482
2.16 	 -0.237769
2.17 	 -0.152777
2.18 	 -0.0510661
2.19 	 0.0536286
2.2 	 0.145134
2.21 	 0.208783
2.22 	 0.236444
2.23 	 0.228548
2.24 	 0.192581
2.25 	 0.138737
2.26 	 0.0766205
2.27 	 0.0141862
2.28 	 -0.0422243
2.29 	 -0.0875401
2.3 	 -0.118485
2.31 	 -0.133353
2.32 	 -0.133226
2.33 	 -0.121676
2.34 	 -0.103822
2.35 	 -0.0848887
2.36 	 -0.0687764
2.37 	 -0.0586008
2.38 	 -0.0571085
2.39 	 -0.0661446
2.4 	 -0.0843321
2.41 	 -0.105634
2.42 	 -0.121986
2.43 	 -0.1284
2.44 	 -0.12693
2.45 	 -0.125185
2.46 	 -0.131408
2.47 	 -0.148754
2.48 	 -0.173475
2.49 	 -0.197067
2.5 	 -0.212006
2.51 	 -0.215222
2.52 	 -0.206843
2.53 	 -0.186204
2.54 	 -0.148362
2.55 	 -0.086745
2.56 	 0.00243822
2.57 	 0.115372
2.58 	 0.239599
2.59 	 0.357552
2.6 	 0.452894
2.61 	 0.515821
2.62 	 0.543509
2.63 	 0.536863
2.64 	 0.496614
2.65 	 0.423857
2.66 	 0.322981
2.67 	 0.204165
2.68 	 0.0816662
2.69 	 -0.0318552
2.7 	 -0.129368
2.71 	 -0.209794
2.72 	 -0.274194
2.73 	 -0.321288
2.74 	 -0.345596
2.75 	 -0.338687
2.76 	 -0.294152
2.77 	 -0.212173
2.78 	 -0.102118
2.79 	 0.0197348
2.8 	 0.134703
2.81 	 0.226212
2.82 	 0.281543
2.83 	 0.291922
2.84 	 0.252294
2.85 	 0.162183
2.86 	 0.0265546
2.87 	 -0.142707
2.88 	 -0.326599
2.89 	 -0.501067
2.9 	 -0.641825
2.91 	 -0.730788
2.92 	 -0.759753
2.93 	 -0.730259
2.94 	 -0.650479
2.95 	 -0.53102
2.96 	 -0.383141
2.97 	 -0.217947
2.98 	 -0.0466432
2.99 	 0.119022
3 	 0.267143
3.01 	 0.386343
3.02 	 0.467839
3.03 	 0.507472
3.04 	 0.505932
3.05 	 0.468412
3.06 	 0.402899
3.07 	 0.320422
3.08 	 0.23399
3.09 	 0.157651
3.1 	 0.103602
3.11 	 0.079076
3.12 	 0.0860939
3.13 	 0.121671
3.14 	 0.179729
3.15 	 0.251434
3.16 	 0.325476
3.17 	 0.38942
3.18 	 0.431218
3.19 	 0.440964
3.2 	 0.412247
3.21 	 0.343058
3.22 	 0.236695
3.23 	 0.101924
3.24 	 -0.0481604
3.25 	 -0.198134
3.26 	 -0.332802
3.27 	 -0.439575
3.28 	 -0.509662
3.29 	 -0.537827
3.3 	 -0.520662
3.31 	 -0.455937
3.32 	 -0.345216
3.33 	 -0.19729
3.34 	 -0.0294578
3.35 	 0.13623
3.36 	 0.280583
3.37 	 0.392321
3.38 	 0.469866
3.39 	 0.51725
3.4 	 0.539911
3.41 	 0.542269
3.42 	 0.528804
3.43 	 0.505128
3.44 	 0.47828
3.45 	 0.454155
3.46 	 0.434632
3.47 	 0.416421
3.48 	 0.39192
3.49 	 0.352559
3.5 	 0.29215
3.51 	 0.208697
3.52 	 0.103674
3.53 	 -0.0194605
3.54 	 -0.156047
3.55 	 -0.299624
3.56 	 -0.441572
3.57 	 -0.572988
3.58 	 -0.686266
3.59 	 -0.776609
3.6 	 -0.841028
3.61 	 -0.877427
3.62 	 -0.884074
3.63 	 -0.860563
3.64 	 -0.809178
3.65 	 -0.735212
3.66 	 -0.646582
3.67 	 -0.551569
3.68 	 -0.457306
3.69 	 -0.367632
3.7 	 -0.281988
3.71 	 -0.195923
3.72 	 -0.10367
3.73 	 -0.00233591
3.74 	 0.105982
3.75 	 0.214357
3.76 	 0.314301
3.77 	 0.397781
3.78 	 0.458099
3.79 	 0.489706
3.8 	 0.488434
3.81 	 0.454083
3.82 	 0.39056
3.83 	 0.306431
3.84 	 0.212396
3.85 	 0.120009
3.86 	 0.0393196
3.87 	 -0.0232213
3.88 	 -0.0653464
3.89 	 -0.0887276
3.9 	 -0.097001
3.91 	 -0.0939793
3.92 	 -0.0822895
3.93 	 -0.0631022
3.94 	 -0.0369446
3.95 	 -0.00446702
3.96 	 0.0354818
3.97 	 0.0861848
3.98 	 0.151781
3.99 	 0.231839
4 	 0.317413
4.01 	 0.392686
4.02 	 0.441444
4.03 	 0.455056
4.04 	 0.435015
4.05 	 0.389665
4.06 	 0.328636
4.07 	 0.259813
4.08 	 0.190138
4.09 	 0.12711
4.1 	 0.0790477
4.11 	 0.0518399
4.12 	 0.045438
4.13 	 0.051732
4.14 	 0.0565053
4.15 	 0.0442199
4.16 	 0.0032285
4.17 	 -0.0707652
4.18 	 -0.175204
4.19 	 -0.302429
4.2 	 -0.442027
4.21 	 -0.581434
4.22 	 -0.706507
4.23 	 -0.802683
4.24 	 -0.857231
4.25 	 -0.861752
4.26 	 -0.814414
4.27 	 -0.721187
4.28 	 -0.594302
4.29 	 -0.449823
4.3 	 -0.302816
4.31 	 -0.164129
4.32 	 -0.0399093
4.33 	 0.0666506
4.34 	 0.152794
4.35 	 0.215664
4.36 	 0.254274
4.37 	 0.270728
4.38 	 0.270788
4.39 	 0.261164
4.4 	 0.246766
4.41 	 0.228917
4.42 	 0.205744
4.43 	 0.174425
4.44 	 0.133078
4.45 	 0.0824036
4.46 	 0.02463
4.47 	 -0.0372217
4.48 	 -0.100935
4.49 	 -0.164713
4.5 	 -0.227144
4.51 	 -0.285887
4.52 	 -0.336273
4.53 	 -0.370215
4.54 	 -0.377227
4.55 	 -0.34769
4.56 	 -0.276241
4.57 	 -0.164017
4.58 	 -0.0183452
4.59 	 0.149382
4.6 	 0.32707
4.61 	 0.50378
4.62 	 0.669959
4.63 	 0.815231
4.64 	 0.927444
4.65 	 0.993252
4.66 	 1.00201
4.67 	 0.950088
4.68 	 0.842998
4.69 	 0.694115
4.7 	 0.520025
4.71 	 0.336374
4.72 	 0.155161
4.73 	 -0.0148562
4.74 	 -0.165322
4.75 	 -0.287193
4.76 	 -0.371857
4.77 	 -0.415215
4.78 	 -0.419891
4.79 	 -0.394972
4.8 	 -0.352441
4.81 	 -0.303756
4.82 	 -0.257666
4.83 	 -0.219044
4.84 	 -0.188864
4.85 	 -0.164174
4.86 	 -0.140133
4.87 	 -0.112435
4.88 	 -0.079145
4.89 	 -0.040471
4.9 	 0.00224967
4.91 	 0.0476275
4.92 	 0.0935015
4.93 	 0.136076
4.94 	 0.170104
4.95 	 0.190075
4.96 	 0.192525
4.97 	 0.177121
4.98 	 0.147239
4.99 	 0.109172
5 	 0.0695718
5.01 	 0.032475
5.02 	 -0.00255444
5.03 	 -0.0398882
5.04 	 -0.0833333
5.05 	 -0.132906
5.06 	 -0.184337
5.07 	 -0.231929
5.08 	 -0.272322
5.09 	 -0.304776
5.1 	 -0.329797
5.11 	 -0.346831
5.12 	 -0.353739
5.13 	 -0.347256
5.14 	 -0.3246
5.15 	 -0.284451
5.16 	 -0.227824
5.17 	 -0.158151
5.18 	 -0.0797594
5.19 	 0.00414068
5.2 	 0.0932248
5.21 	 0.190101
5.22 	 0.298666
5.23 	 0.421203
5.24 	 0.555481
5.25 	 0.693467
5.26 	 0.821847
5.27 	 0.92484
5.28 	 0.988425
5.29 	 1.00322
5.3 	 0.965193
5.31 	 0.874117
5.32 	 0.732206
5.33 	 0.543787
5.34 	 0.31699
5.35 	 0.0644959
5.36 	 -0.196336
5.37 	 -0.445941
5.38 	 -0.666577
5.39 	 -0.84557
5.4 	 -0.976213
5.41 	 -1.05738
5.42 	 -1.0913
5.43 	 -1.08375
5.44 	 -1.04259
5.45 	 -0.977039
5.46 	 -0.895807
5.47 	 -0.806078
5.48 	 -0.714251
5.49 	 -0.626881
5.5 	 -0.551932
5.51 	 -0.497605
5.52 	 -0.469723
5.53 	 -0.469053
5.54 	 -0.490956
5.55 	 -0.526697
5.56 	 -0.565437
5.57 	 -0.595368
5.58 	 -0.605691
5.59 	 -0.58747
5.6 	 -0.534334
5.61 	 -0.442291
5.62 	 -0.309565
5.63 	 -0.138743
5.64 	 0.0621296
5.65 	 0.278704
5.66 	 0.492698
5.67 	 0.685935
5.68 	 0.843077
5.69 	 0.953853
5.7 	 1.01382
5.71 	 1.02491
5.72 	 0.994072
5.73 	 0.930511
5.74 	 0.844373
5.75 	 0.745693
5.76 	 0.643945
5.77 	 0.547149
5.78 	 0.460566
5.79 	 0.387094
5.8 	 0.327386
5.81 	 0.280488
5.82 	 0.244635
5.83 	 0.217819
5.84 	 0.198882
5.85 	 0.18781
5.86 	 0.184691
5.87 	 0.188272
5.88 	 0.194123
5.89 	 0.194884
5.9 	 0.181074
5.91 	 0.143005
5.92 	 0.0729973
5.93 	 -0.0329849
5.94 	 -0.175162
5.95 	 -0.349827
5.96 	 -0.548878
5.97 	 -0.759761
5.98 	 -0.966855
5.99 	 -1.15499
6 	 -1.31197
6.01 	 -1.42885
6.02 	 -1.49965
6.03 	 -1.52055
6.04 	 -1.49018
6.05 	 -1.41002
6.06 	 -1.28293
6.07 	 -1.11248
6.08 	 -0.903401
6.09 	 -0.663731
6.1 	 -0.408023
6.11 	 -0.156387
6.12 	 0.0691938
6.13 	 0.25011
6.14 	 0.375733
6.15 	 0.443606
6.16 	 0.457116
6.17 	 0.422758
6.18 	 0.349078
6.19 	 0.248472
6.2 	 0.137368
6.21 	 0.0341427
6.22 	 -0.0453041
6.23 	 -0.0915359
6.24 	 -0.103126
6.25 	 -0.0858456
6.26 	 -0.0497107
6.27 	 -0.00584499
6.28 	 0.0367266
6.29 	 0.0733371
6.3 	 0.103194
6.31 	 0.127719
6.32 	 0.148482
6.33 	 0.166474
6.34 	 0.181393
6.35 	 0.191029
6.36 	 0.189956
6.37 	 0.170974
6.38 	 0.128867
6.39 	 0.0640821
6.4 	 -0.0164762
6.41 	 -0.101558
6.42 	 -0.176675
6.43 	 -0.223558
6.44 	 -0.222049
6.45 	 -0.153571
6.46 	 -0.00539626
6.47 	 0.228247
6.48 	 0.545703
6.49 	 0.937211
6.5 	 1.38335
6.51 	 1.85517
6.52 	 2.3197
6.53 	 2.74571
6.54 	 3.10583
6.55 	 3.37437
6.56 	 3.52723
6.57 	 3.54564
6.58 	 3.42262
6.59 	 3.16504
6.6 	 2.79106
6.61 	 2.32477
6.62 	 1.79109
6.63 	 1.21449
6.64 	 0.620242
6.65 	 0.0341446
6.66 	 -0.520001
6.67 	 -1.02484
6.68 	 -1.47045
6.69 	 -1.85274
6.7 	 -2.17036
6.71 	 -2.42189
6.72 	 -2.60304
6.73 	 -2.7048
6.74 	 -2.71698
6.75 	 -2.63071
6.76 	 -2.43616
6.77 	 -2.11816
6.78 	 -1.65862
6.79 	 -1.0523
6.8 	 -0.328884
6.81 	 0.441276
6.82 	 1.1672
6.83 	 1.76923
6.84 	 2.19864
6.85 	 2.43318
6.86 	 2.4655
6.87 	 2.29978
6.88 	 1.95633
6.89 	 1.47765
6.9 	 0.927464
6.91 	 0.382203
6.92 	 -0.0831479
6.93 	 -0.410507
6.94 	 -0.570174
6.95 	 -0.564979
6.96 	 -0.425518
6.97 	 -0.198111
6.98 	 0.0688068
6.99 	 0.334617
7 	 0.568655
7.01 	 0.747887
7.02 	 0.85433
7.03 	 0.875976
7.04 	 0.809527
7.05 	 0.66211
7.06 	 0.45091
7.07 	 0.200979
7.08 	 -0.060061
7.09 	 -0.306509
7.1 	 -0.518288
7.11 	 -0.681484
7.12 	 -0.786037
7.13 	 -0.824725
7.14 	 -0.793169
7.15 	 -0.693722
7.16 	 -0.539801
7.17 	 -0.356755
7.18 	 -0.177757
7.19 	 -0.0350356
7.2 	 0.0488481
7.21 	 0.0640054
7.22 	 0.00969766
7.23 	 -0.110347
7.24 	 -0.287655
7.25 	 -0.505018
7.26 	 -0.736047
7.27 	 -0.949201
7.28 	 -1.11426
7.29 	 -1.20471
7.3 	 -1.19703
7.31 	 -1.07186
7.32 	 -0.817663
7.33 	 -0.436775
7.34 	 0.0519714
7.35 	 0.616596
7.36 	 1.21743
7.37 	 1.81195
7.38 	 2.35347
7.39 	 2.79282
7.4 	 3.0879
7.41 	 3.21641
7.42 	 3.18139
7.43 	 3.00362
7.44 	 2.71025
7.45 	 2.32894
7.46 	 1.88937
7.47 	 1.42604
7.48 	 0.974971
7.49 	 0.565662
7.5 	 0.213941
7.51 	 -0.0789935
7.52 	 -0.322164
7.53 	 -0.52902
7.54 	 -0.711739
7.55 	 -0.877599
7.56 	 -1.02842
7.57 	 -1.1621
7.58 	 -1.27613
7.59 	 -1.37029
7.6 	 -1.44806
7.61 	 -1.51596
7.62 	 -1.58223
7.63 	 -1.65585
7.64 	 -1.74441
7.65 	 -1.85317
7.66 	 -1.98348
7.67 	 -2.13365
7.68 	 -2.30013
7.69 	 -2.47818
7.7 	 -2.66068
7.71 	 -2.83744
7.72 	 -2.99694
7.73 	 -3.12924
7.74 	 -3.22526
7.75 	 -3.27428
7.76 	 -3.26486
7.77 	 -3.18856
7.78 	 -3.04347
7.79 	 -2.83223
7.8 	 -2.55856
7.81 	 -2.22359
7.82 	 -1.82451
7.83 	 -1.36003
7.84 	 -0.844647
7.85 	 -0.318731
7.86 	 0.159069
7.87 	 0.53356
7.88 	 0.774556
7.89 	 0.877326
7.9 	 0.848132
7.91 	 0.690849
7.92 	 0.407308
7.93 	 0.0106746
7.94 	 -0.465891
7.95 	 -0.973173
7.96 	 -1.45822
7.97 	 -1.8771
7.98 	 -2.20177
7.99 	 -2.42182
8 	 -2.54073
8.01 	 -2.56915
8.02 	 -2.51817
8.03 	 -2.39499
8.04 	 -2.20359
8.05 	 -1.9422
8.06 	 -1.59442
8.07 	 -1.12806
8.08 	 -0.515061
8.09 	 0.240339
8.1 	 1.09167
8.11 	 1.97133
8.12 	 2.82329
8.13 	 3.61438
8.14 	 4.31663
8.15 	 4.88666
8.16 	 5.27049
8.17 	 5.43155
8.18 	 5.37087
8.19 	 5.12201
8.2 	 4.73357
8.21 	 4.25482
8.22 	 3.72758
8.23 	 3.18262
8.24 	 2.6414
8.25 	 2.11893
8.26 	 1.62333
8.27 	 1.15535
8.28 	 0.710123
8.29 	 0.283625
8.3 	 -0.122356
8.31 	 -0.499625
8.32 	 -0.835834
8.33 	 -1.11809
8.34 	 -1.33488
8.35 	 -1.47809
8.36 	 -1.54423
8.37 	 -1.53489
8.38 	 -1.45523
8.39 	 -1.31195
8.4 	 -1.1125
8.41 	 -0.866677
8.42 	 -0.587234
8.43 	 -0.289461
8.44 	 0.0115806
8.45 	 0.302667
8.46 	 0.573614
8.47 	 0.816972
8.48 	 1.02643
8.49 	 1.19647
8.5 	 1.32271
8.51 	 1.40373
8.52 	 1.44066
8.53 	 1.43595
8.54 	 1.39207
8.55 	 1.31099
8.56 	 1.19401
8.57 	 1.04178
8.58 	 0.855527
8.59 	 0.638783
8.6 	 0.397847
8.61 	 0.141024
8.62 	 -0.124004
8.63 	 -0.39052
8.64 	 -0.651896
8.65 	 -0.899422
8.66 	 -1.12299
8.67 	 -1.31388
8.68 	 -1.46654
8.69 	 -1.57858
8.7 	 -1.64882
8.71 	 -1.67601
8.72 	 -1.6589
8.73 	 -1.59771
8.74 	 -1.49638
8.75 	 -1.36373
8.76 	 -1.21253
8.77 	 -1.05607
8.78 	 -0.905529
8.79 	 -0.767691
8.8 	 -0.645224
8.81 	 -0.537694
8.82 	 -0.443384
8.83 	 -0.360469
8.84 	 -0.287297
8.85 	 -0.221046
8.86 	 -0.156401
8.87 	 -0.0858592
8.88 	 -0.00253847
8.89 	 0.0964107
8.9 	 0.209393
8.91 	 0.332785
8.92 	 0.464368
8.93 	 0.603806
8.94 	 0.751491
8.95 	 0.905838
8.96 	 1.06285
8.97 	 1.21699
8.98 	 1.36312
8.99 	 1.49749
9 	 1.61724
9.01 	 1.71866
9.02 	 1.79628
9.03 	 1.84307
9.04 	 1.85134
9.05 	 1.81517
9.06 	 1.73161
9.07 	 1.60246
9.08 	 1.43275
9.09 	 1.22887
9.1 	 0.997049
9.11 	 0.744009
9.12 	 0.478146
9.13 	 0.209075
9.14 	 -0.0539545
9.15 	 -0.304572
9.16 	 -0.539603
9.17 	 -0.758552
9.18 	 -0.963204
9.19 	 -1.1569
9.2 	 -1.34421
9.21 	 -1.52831
9.22 	 -1.70978
9.23 	 -1.88536
9.24 	 -2.04987
9.25 	 -2.19757
9.26 	 -2.32408
9.27 	 -2.42712
9.28 	 -2.50589
9.29 	 -2.56138
9.3 	 -2.59536
9.31 	 -2.61074
9.32 	 -2.61061
9.33 	 -2.59741
9.34 	 -2.57256
9.35 	 -2.53597
9.36 	 -2.48593
9.37 	 -2.41829
9.38 	 -2.32653
9.39 	 -2.20288
9.4 	 -2.04035
9.41 	 -1.83346
9.42 	 -1.57754
9.43 	 -1.26923
9.44 	 -0.912823
9.45 	 -0.526282
9.46 	 -0.140588
9.47 	 0.209996
9.48 	 0.500419
9.49 	 0.719828
9.5 	 0.866602
9.51 	 0.942646
9.52 	 0.953197
9.53 	 0.912623
9.54 	 0.846827
9.55 	 0.787636
9.56 	 0.763819
9.57 	 0.79434
9.58 	 0.883777
9.59 	 1.02156
9.6 	 1.18373
9.61 	 1.33926
9.62 	 1.4586
9.63 	 1.52142
9.64 	 1.51836
9.65 	 1.45027
9.66 	 1.32617
9.67 	 1.16368
9.68 	 0.988197
9.69 	 0.828486
9.7 	 0.710163
9.71 	 0.649372
9.72 	 0.650989
9.73 	 0.709355
9.74 	 0.811943
9.75 	 0.941733
9.76 	 1.08015
9.77 	 1.2092
9.78 	 1.31278
9.79 	 1.37838
9.8 	 1.39889
9.81 	 1.37427
9.82 	 1.31208
9.83 	 1.2248
9.84 	 1.12597
9.85 	 1.02624
9.86 	 0.93234
9.87 	 0.848256
9.88 	 0.777866
9.89 	 0.725232
9.9 	 0.693547
9.91 	 0.683172
9.92 	 0.690378
9.93 	 0.708297
9.94 	 0.728034
9.95 	 0.740102
9.96 	 0.736012
9.97 	 0.708903
9.98 	 0.654739
9.99 	 0.571621
10 	 0.459938
10.01 	 0.322268
10.02 	 0.164615
10.03 	 -0.00325806
10.04 	 -0.169786
10.05 	 -0.324564
10.06 	 -0.460395
10.07 	 -0.573465
10.08 	 -0.662638
10.09 	 -0.729205
10.1 	 -0.776602
10.11 	 -0.809478
10.12 	 -0.832333
10.13 	 -0.848704
10.14 	 -0.860114
10.15 	 -0.865598
10.16 	 -0.860922
10.17 	 -0.83881
10.18 	 -0.791713
10.19 	 -0.714137
10.2 	 -0.604724
10.21 	 -0.465581
10.22 	 -0.301672
10.23 	 -0.121118
10.24 	 0.0652297
10.25 	 0.244014
10.26 	 0.400752
10.27 	 0.521968
10.28 	 0.596851
10.29 	 0.619068
10.3 	 0.588047
10.31 	 0.508616
10.32 	 0.391215
10.33 	 0.249922
10.34 	 0.100959
10.35 	 -0.0389851
10.36 	 -0.154928
10.37 	 -0.235027
10.38 	 -0.272885
10.39 	 -0.267912
10.4 	 -0.225031
10.41 	 -0.1527
10.42 	 -0.0611961
10.43 	 0.0388591
10.44 	 0.137591
10.45 	 0.226138
10.46 	 0.298129
10.47 	 0.350234
10.48 	 0.382663
10.49 	 0.3983
10.5 	 0.401372
10.51 	 0.3965
10.52 	 0.387661
10.53 	 0.378153
10.54 	 0.370599
10.55 	 0.367545
10.56 	 0.372056
10.57 	 0.387087
10.58 	 0.414845
10.59 	 0.455171
10.6 	 0.505578
10.61 	 0.561475
10.62 	 0.615889
10.63 	 0.659283
10.64 	 0.681037
10.65 	 0.671894
10.66 	 0.626515
10.67 	 0.543481
10.68 	 0.424656
10.69 	 0.274547
10.7 	 0.100676
10.71 	 -0.0864545
10.72 	 -0.274912
10.73 	 -0.453503
10.74 	 -0.613589
10.75 	 -0.749204
10.76 	 -0.856588
10.77 	 -0.933232
10.78 	 -0.976577
10.79 	 -0.983767
10.8 	 -0.952532
10.81 	 -0.883109
10.82 	 -0.778371
10.83 	 -0.643008
10.84 	 -0.484165
10.85 	 -0.313144
10.86 	 -0.147544
10.87 	 -0.00911494
10.88 	 0.0818906
10.89 	 0.112289
10.9 	 0.0781333
10.91 	 -0.0176131
10.92 	 -0.167612
10.93 	 -0.360919
10.94 	 -0.582429
10.95 	 -0.813137
10.96 	 -1.03312
10.97 	 -1.22538
10.98 	 -1.37849
10.99 	 -1.48707
11 	 -1.54959
11.01 	 -1.5671
11.02 	 -1.54167
11.03 	 -1.47584
11.04 	 -1.37242
11.05 	 -1.23409
11.06 	 -1.06392
11.07 	 -0.865571
11.08 	 -0.644755
11.09 	 -0.410078
11.1 	 -0.173596
11.11 	 0.0502469
11.12 	 0.247008
11.13 	 0.404877
11.14 	 0.516818
11.15 	 0.581514
11.16 	 0.602275
11.17 	 0.585434
11.18 	 0.538207
11.19 	 0.467396
11.2 	 0.380075
11.21 	 0.283406
11.22 	 0.185273
11.23 	 0.0922781
11.24 	 0.00837587
11.25 	 -0.0652484
11.26 	 -0.128636
11.27 	 -0.180511
11.28 	 -0.217383
11.29 	 -0.234568
11.3 	 -0.22726
11.31 	 -0.191461
11.32 	 -0.125082
11.33 	 -0.028914
11.34 	 0.091587
11.35 	 0.226564
11.36 	 0.362899
11.37 	 0.486544
11.38 	 0.584021
11.39 	 0.644073
11.4 	 0.658805
11.41 	 0.625753
11.42 	 0.548393
11.43 	 0.435261
11.44 	 0.29844
11.45 	 0.151368
11.46 	 0.00798006
11.47 	 -0.11855
11.48 	 -0.217223
11.49 	 -0.281081
11.5 	 -0.308341
11.51 	 -0.302488
11.52 	 -0.270594
11.53 	 -0.222028
11.54 	 -0.16595
11.55 	 -0.110209
11.56 	 -0.0605096
11.57 	 -0.0204166
11.58 	 0.00840752
11.59 	 0.025937
11.6 	 0.0335362
11.61 	 0.0335328
11.62 	 0.0296272
11.63 	 0.0262377
11.64 	 0.0283689
11.65 	 0.040727
11.66 	 0.0670699
11.67 	 0.109992
11.68 	 0.170915
11.69 	 0.251001
11.7 	 0.350187
11.71 	 0.466712
11.72 	 0.596037
11.73 	 0.731414
11.74 	 0.865347
11.75 	 0.990671
11.76 	 1.10191
11.77 	 1.19455
11.78 	 1.26548
11.79 	 1.31248
11.8 	 1.33467
11.81 	 1.33227
11.82 	 1.30602
11.83 	 1.25735
11.84 	 1.18854
11.85 	 1.10331
11.86 	 1.00645
11.87 	 0.903114
11.88 	 0.797208
11.89 	 0.6908
11.9 	 0.584245
11.91 	 0.477382
11.92 	 0.371201
11.93 	 0.267727
11.94 	 0.168749
11.95 	 0.0743121
11.96 	 -0.017879
11.97 	 -0.110717
11.98 	 -0.205874
11.99 	 -0.30271
12 	 -0.399137
12.01 	 -0.493287
12.02 	 -0.584666
12.03 	 -0.673487
12.04 	 -0.760059
12.05 	 -0.843974
12.06 	 -0.924943
12.07 	 -1.00262
12.08 	 -1.07709
12.09 	 -1.14821
12.1 	 -1.21523
12.11 	 -1.277
12.12 	 -1.33133
12.13 	 -1.37604
12.14 	 -1.40829
12.15 	 -1.42574
12.16 	 -1.42623
12.17 	 -1.40828
12.18 	 -1.37118
12.19 	 -1.3153
12.2 	 -1.24233
12.21 	 -1.15467
12.22 	 -1.05586
12.23 	 -0.950048
12.24 	 -0.841643
12.25 	 -0.733978
12.26 	 -0.628444
12.27 	 -0.525296
12.28 	 -0.423939
12.29 	 -0.324006
12.3 	 -0.225595
12.31 	 -0.128626
12.32 	 -0.0332534
12.33 	 0.0605344
12.34 	 0.152859
12.35 	 0.243671
12.36 	 0.33359
12.37 	 0.423638
12.38 	 0.515379
12.39 	 0.610734
12.4 	 0.711713
12.41 	 0.81994
12.42 	 0.935866
12.43 	 1.05729
12.44 	 1.17907
12.45 	 1.29304
12.46 	 1.38843
12.47 	 1.45305
12.48 	 1.47434
12.49 	 1.44261
12.5 	 1.35348
12.51 	 1.20928
12.52 	 1.01798
12.53 	 0.790486
12.54 	 0.539827
12.55 	 0.280697
12.56 	 0.0284658
12.57 	 -0.202256
12.58 	 -0.398995
12.59 	 -0.551609
12.6 	 -0.652379
12.61 	 -0.697027
12.62 	 -0.685604
12.63 	 -0.622914
12.64 	 -0.517568
12.65 	 -0.380591
12.66 	 -0.224516
12.67 	 -0.0630709
12.68 	 0.0890041
12.69 	 0.216922
12.7 	 0.307211
12.71 	 0.349701
12.72 	 0.339344
12.73 	 0.277249
12.74 	 0.170179
12.75 	 0.0294247
12.76 	 -0.130998
12.77 	 -0.296124
12.78 	 -0.452091
12.79 	 -0.587784
12.8 	 -0.694665
12.81 	 -0.765954
12.82 	 -0.797095
12.83 	 -0.786912
12.84 	 -0.738081
12.85 	 -0.655856
12.86 	 -0.546164
12.87 	 -0.415354
12.88 	 -0.270477
12.89 	 -0.120272
12.9 	 0.0251062
12.91 	 0.15476
12.92 	 0.259064
12.93 	 0.331401
12.94 	 0.369413
12.95 	 0.374996
12.96 	 0.35292
12.97 	 0.309566
12.98 	 0.25193
12.99 	 0.18766
13 	 0.124042
13.01 	 0.0669657
13.02 	 0.0196365
13.03 	 -0.0174035
13.04 	 -0.0455645
13.05 	 -0.0675629
13.06 	 -0.0860474
13.07 	 -0.103035
13.08 	 -0.118851
13.09 	 -0.132424
13.1 	 -0.142004
13.11 	 -0.145951
13.12 	 -0.143609
13.13 	 -0.135023
13.14 	 -0.120852
13.15 	 -0.10198
13.16 	 -0.0797575
13.17 	 -0.0560517
13.18 	 -0.0332362
13.19 	 -0.0140868
13.2 	 -0.0010589
13.21 	 0.00412954
13.22 	 0.000599873
13.23 	 -0.0112923
13.24 	 -0.0303522
13.25 	 -0.0543529
13.26 	 -0.0805235
13.27 	 -0.105817
13.28 	 -0.126269
13.29 	 -0.137294
13.3 	 -0.134066
13.31 	 -0.112364
13.32 	 -0.0691869
13.33 	 -0.00320329
13.34 	 0.0852469
13.35 	 0.193095
13.36 	 0.315105
13.37 	 0.443176
13.38 	 0.567254
13.39 	 0.67626
13.4 	 0.758958
13.41 	 0.805693
13.42 	 0.809514
13.43 	 0.768122
13.44 	 0.683586
13.45 	 0.561787
13.46 	 0.411277
13.47 	 0.2432
13.48 	 0.0703438
13.49 	 -0.0948146
13.5 	 -0.241784
13.51 	 -0.36384
13.52 	 -0.457213
13.53 	 -0.521442
13.54 	 -0.558599
13.55 	 -0.573151
13.56 	 -0.57157
13.57 	 -0.560703
13.58 	 -0.546734
13.59 	 -0.534053
13.6 	 -0.525302
13.61 	 -0.521116
13.62 	 -0.520847
13.63 	 -0.522571
13.64 	 -0.523794
13.65 	 -0.521398
13.66 	 -0.512017
13.67 	 -0.492373
13.68 	 -0.459746
13.69 	 -0.412584
13.7 	 -0.350479
13.71 	 -0.274624
13.72 	 -0.187908
13.73 	 -0.0944112
13.74 	 0.00126095
13.75 	 0.0952575
13.76 	 0.185133
13.77 	 0.269507
13.78 	 0.34784
13.79 	 0.419929
13.8 	 0.486157
13.81 	 0.547306
13.82 	 0.60498
13.83 	 0.660648
13.84 	 0.715451
13.85 	 0.769081
13.86 	 0.819913
13.87 	 0.865836
13.88 	 0.903789
13.89 	 0.930285
13.9 	 0.940873
13.91 	 0.931667
13.92 	 0.901319
13.93 	 0.85183
13.94 	 0.787948
13.95 	 0.715081
13.96 	 0.637911
13.97 	 0.561123
13.98 	 0.490412
13.99 	 0.431886
14 	 0.391114
14.01 	 0.370407
14.02 	 0.368208
14.03 	 0.379158
14.04 	 0.395078
14.05 	 0.406741
14.06 	 0.405651
14.07 	 0.385538
14.08 	 0.343302
14.09 	 0.278301
14.1 	 0.192398
14.11 	 0.0894065
14.12 	 -0.0249132
14.13 	 -0.143106
14.14 	 -0.257199
14.15 	 -0.359427
14.16 	 -0.443551
14.17 	 -0.505346
14.18 	 -0.542855
14.19 	 -0.557151
14.2 	 -0.552069
14.21 	 -0.533354
14.22 	 -0.507622
14.23 	 -0.481163
14.24 	 -0.45988
14.25 	 -0.448866
14.26 	 -0.451418
14.27 	 -0.46874
14.28 	 -0.499439
14.29 	 -0.540239
14.3 	 -0.5867
14.31 	 -0.633365
14.32 	 -0.673651
14.33 	 -0.699562
14.34 	 -0.702597
14.35 	 -0.675683
14.36 	 -0.614762
14.37 	 -0.518871
14.38 	 -0.389586
14.39 	 -0.229724
14.4 	 -0.0433315
14.41 	 0.164229
14.42 	 0.385064
14.43 	 0.608887
14.44 	 0.823722
14.45 	 1.01802
14.46 	 1.18177
14.47 	 1.30745
14.48 	 1.39
14.49 	 1.4269
14.5 	 1.41853
14.51 	 1.36843
14.52 	 1.28276
14.53 	 1.16926
14.54 	 1.03598
14.55 	 0.891018
14.56 	 0.74186
14.57 	 0.594639
14.58 	 0.453371
14.59 	 0.319858
14.6 	 0.194513
14.61 	 0.0774865
14.62 	 -0.030565
14.63 	 -0.12859
14.64 	 -0.215081
14.65 	 -0.288636
14.66 	 -0.347327
14.67 	 -0.389102
14.68 	 -0.412328
14.69 	 -0.416648
14.7 	 -0.403696
14.71 	 -0.377047
14.72 	 -0.341209
14.73 	 -0.301297
14.74 	 -0.262434
14.75 	 -0.229848
14.76 	 -0.208673
14.77 	 -0.202795
14.78 	 -0.213697
14.79 	 -0.239625
14.8 	 -0.276855
14.81 	 -0.321202
14.82 	 -0.368884
14.83 	 -0.416358
14.84 	 -0.460136
14.85 	 -0.497235
14.86 	 -0.525883
14.87 	 -0.545515
14.88 	 -0.556672
14.89 	 -0.560722
14.9 	 -0.559024
14.91 	 -0.552814
14.92 	 -0.542495
14.93 	 -0.528131
14.94 	 -0.509309
14.95 	 -0.486021
14.96 	 -0.45866
14.97 	 -0.42837
14.98 	 -0.396997
14.99 	 -0.367007
15 	 -0.341095
15.01 	 -0.321686
15.02 	 -0.310504
15.03 	 -0.308183
15.04 	 -0.314204
15.05 	 -0.326721
15.06 	 -0.342865
15.07 	 -0.358836
15.08 	 -0.370614
15.09 	 -0.374228
15.1 	 -0.367136
15.11 	 -0.348032
15.12 	 -0.317532
15.13 	 -0.277557
15.14 	 -0.231197
15.15 	 -0.182044
15.16 	 -0.134087
15.17 	 -0.091308
15.18 	 -0.0573364
15.19 	 -0.0349607
15.2 	 -0.0253918
15.21 	 -0.0285215
15.22 	 -0.0431308
15.23 	 -0.0673745
15.24 	 -0.0991632
15.25 	 -0.136222
15.26 	 -0.176312
15.27 	 -0.21717
15.28 	 -0.256214
15.29 	 -0.290694
15.3 	 -0.317761
15.31 	 -0.334664
15.32 	 -0.338543
15.33 	 -0.326914
15.34 	 -0.297635
15.35 	 -0.249804
15.36 	 -0.183906
15.37 	 -0.102489
15.38 	 -0.0100935
15.39 	 0.0872929
15.4 	 0.182782
15.41 	 0.269784
15.42 	 0.342328
15.43 	 0.395722
15.44 	 0.426555
15.45 	 0.433486
15.46 	 0.416903
15.47 	 0.379166
15.48 	 0.323576
15.49 	 0.254474
15.5 	 0.177029
15.51 	 0.0962502
15.52 	 0.0168936
15.53 	 -0.0574534
15.54 	 -0.124223
15.55 	 -0.181866
15.56 	 -0.229839
15.57 	 -0.268068
15.58 	 -0.297066
15.59 	 -0.317756
15.6 	 -0.331434
15.61 	 -0.339132
15.62 	 -0.341288
15.63 	 -0.336796
15.64 	 -0.323816
15.65 	 -0.300402
15.66 	 -0.26571
15.67 	 -0.22067
15.68 	 -0.166985
15.69 	 -0.106604
15.7 	 -0.041425
15.71 	 0.0263324
15.72 	 0.0937271
15.73 	 0.157492
15.74 	 0.214856
15.75 	 0.264045
15.76 	 0.304694
15.77 	 0.337319
15.78 	 0.362645
15.79 	 0.380877
15.8 	 0.391784
15.81 	 0.39454
15.82 	 0.388192
15.83 	 0.371979
15.84 	 0.345914
15.85 	 0.311296
15.86 	 0.270358
15.87 	 0.226483
15.88 	 0.183299
15.89 	 0.144369
15.9 	 0.112747
15.91 	 0.0902462
15.92 	 0.0780041
15.93 	 0.0758082
15.94 	 0.082616
15.95 	 0.0961443
15.96 	 0.113534
15.97 	 0.131646
15.98 	 0.147805
15.99 	 0.159961
16 	 0.167151
16.01 	 0.169679
16.02 	 0.168842
16.03 	 0.16675
16.04 	 0.165588
16.05 	 0.167505
16.06 	 0.174094
16.07 	 0.186168
16.08 	 0.203774
16.09 	 0.225686
16.1 	 0.249892
16.11 	 0.273184
16.12 	 0.292282
16.13 	 0.303988
16.14 	 0.305643
16.15 	 0.295799
16.16 	 0.274253
16.17 	 0.242726
16.18 	 0.203894
16.19 	 0.160773
16.2 	 0.11621
16.21 	 0.0729515
16.22 	 0.0336075
16.23 	 0.000825913
16.24 	 -0.0234931
16.25 	 -0.0384941
16.26 	 -0.0443176
16.27 	 -0.0421486
16.28 	 -0.032984
16.29 	 -0.0182517
16.3 	 0.000960371
16.31 	 0.0234456
16.32 	 0.0485034
16.33 	 0.0757808
16.34 	 0.105091
16.35 	 0.136179
16.36 	 0.168502
16.37 	 0.200813
16.38 	 0.231488
16.39 	 0.258632
16.4 	 0.280532
16.41 	 0.295575
16.42 	 0.302031
16.43 	 0.298214
16.44 	 0.282706
16.45 	 0.254819
16.46 	 0.21531
16.47 	 0.166516
16.48 	 0.111975
16.49 	 0.0557486
16.5 	 0.00203193
16.51 	 -0.0456787
16.52 	 -0.0843089
16.53 	 -0.111847
16.54 	 -0.126437
16.55 	 -0.126602
16.56 	 -0.111517
16.57 	 -0.0815608
16.58 	 -0.0389387
16.59 	 0.0130111
16.6 	 0.0703808
16.61 	 0.129243
16.62 	 0.185951
16.63 	 0.236609
16.64 	 0.277793
16.65 	 0.306895
16.66 	 0.322511
16.67 	 0.324855
16.68 	 0.314907
16.69 	 0.294849
16.7 	 0.267377
16.71 	 0.235366
16.72 	 0.201673
16.73 	 0.168435
16.74 	 0.137194
16.75 	 0.108325
16.76 	 0.0815332
16.77 	 0.0562969
16.78 	 0.0322986
16.79 	 0.00971681
16.8 	 -0.0111224
16.81 	 -0.029648
16.82 	 -0.0455268
16.83 	 -0.0583331
16.84 	 -0.0679819
16.85 	 -0.0744665
16.86 	 -0.0777058
16.87 	 -0.0777757
16.88 	 -0.0744171
16.89 	 -0.0680338
16.9 	 -0.0590783
16.91 	 -0.04842
16.92 	 -0.0370114
16.93 	 -0.025303
16.94 	 -0.014047
16.95 	 -0.00389878
16.96 	 0.00371587
16.97 	 0.00739358
16.98 	 0.00596614
16.99 	 -0.00153757
17 	 -0.0157798
17.01 	 -0.0372779
17.02 	 -0.0659509
17.03 	 -0.100892
17.04 	 -0.140681
17.05 	 -0.183516
17.06 	 -0.227681
17.07 	 -0.271479
17.08 	 -0.313258
17.09 	 -0.35117
17.1 	 -0.383502
17.11 	 -0.408652
17.12 	 -0.425481
17.13 	 -0.433229
17.14 	 -0.431406
17.15 	 -0.419886
17.16 	 -0.399016
17.17 	 -0.369665
17.18 	 -0.333391
17.19 	 -0.292181
17.2 	 -0.24851
17.21 	 -0.205038
17.22 	 -0.164472
17.23 	 -0.128969
17.24 	 -0.0999367
17.25 	 -0.0779623
17.26 	 -0.0629121
17.27 	 -0.054064
17.28 	 -0.0501053
17.29 	 -0.049638
17.3 	 -0.0517173
17.31 	 -0.0557194
17.32 	 -0.0615191
17.33 	 -0.0692611
17.34 	 -0.0793127
17.35 	 -0.0926506
17.36 	 -0.110055
17.37 	 -0.132254
17.38 	 -0.159505
17.39 	 -0.191183
17.4 	 -0.226365
17.41 	 -0.263515
17.42 	 -0.301103
17.43 	 -0.337831
17.44 	 -0.372306
17.45 	 -0.4035
17.46 	 -0.430349
17.47 	 -0.451729
17.48 	 -0.466739
17.49 	 -0.474435
17.5 	 -0.474415
17.51 	 -0.466637
17.52 	 -0.45122
17.53 	 -0.428636
17.54 	 -0.399326
17.55 	 -0.36402
17.56 	 -0.323587
17.57 	 -0.279202
17.58 	 -0.232219
17.59 	 -0.184021
17.6 	 -0.136048
17.61 	 -0.0893211
17.62 	 -0.04478
17.63 	 -0.00301891
17.64 	 0.0354366
17.65 	 0.0697307
17.66 	 0.0995387
17.67 	 0.124291
17.68 	 0.14409
17.69 	 0.159421
17.7 	 0.171142
17.71 	 0.180923
17.72 	 0.190687
17.73 	 0.202777
17.74 	 0.219255
17.75 	 0.241673
17.76 	 0.270381
17.77 	 0.304983
17.78 	 0.344058
17.79 	 0.385691
17.8 	 0.427052
17.81 	 0.464673
17.82 	 0.49487
17.83 	 0.514328
17.84 	 0.520757
17.85 	 0.513271
17.86 	 0.49257
17.87 	 0.460888
17.88 	 0.421168
17.89 	 0.376853
17.9 	 0.331405
17.91 	 0.287582
17.92 	 0.247684
17.93 	 0.212881
17.94 	 0.183453
17.95 	 0.158506
17.96 	 0.136285
17.97 	 0.114477
17.98 	 0.0911582
17.99 	 0.0647086
18 	 0.0343611
18.01 	 -0.000227638
18.02 	 -0.038994
18.03 	 -0.0814809
18.04 	 -0.126654
18.05 	 -0.172742
18.06 	 -0.217402
18.07 	 -0.258022
18.08 	 -0.291989
18.09 	 -0.316755
18.1 	 -0.330242
18.11 	 -0.330974
18.12 	 -0.318632
18.13 	 -0.293759
18.14 	 -0.257829
18.15 	 -0.21331
18.16 	 -0.163896
18.17 	 -0.114384
18.18 	 -0.0696779
18.19 	 -0.0340565
18.2 	 -0.010259
18.21 	 0.00043793
18.22 	 -0.00148956
18.23 	 -0.0143445
18.24 	 -0.0352281
18.25 	 -0.0601351
18.26 	 -0.0845117
18.27 	 -0.103687
18.28 	 -0.113808
18.29 	 -0.112224
18.3 	 -0.0979857
18.31 	 -0.0720812
18.32 	 -0.0370039
18.33 	 0.00373991
18.34 	 0.0463315
18.35 	 0.0871321
18.36 	 0.122795
18.37 	 0.150787
18.38 	 0.169402
18.39 	 0.178403
18.4 	 0.178829
18.41 	 0.172673
18.42 	 0.162449
18.43 	 0.150818
18.44 	 0.140325
18.45 	 0.133005
18.46 	 0.130003
18.47 	 0.131429
18.48 	 0.13657
18.49 	 0.144152
18.5 	 0.152362
18.51 	 0.159279
18.52 	 0.162529
18.53 	 0.160097
18.54 	 0.150151
18.55 	 0.131449
18.56 	 0.103705
18.57 	 0.0676841
18.58 	 0.0254394
18.59 	 -0.0203319
18.6 	 -0.0666066
18.61 	 -0.110363
18.62 	 -0.149146
18.63 	 -0.181123
18.64 	 -0.204917
18.65 	 -0.219689
18.66 	 -0.22516
18.67 	 -0.221997
18.68 	 -0.211739
18.69 	 -0.195879
18.7 	 -0.176176
18.71 	 -0.153892
18.72 	 -0.130046
18.73 	 -0.105639
18.74 	 -0.0813395
18.75 	 -0.0582219
18.76 	 -0.0373638
18.77 	 -0.0198447
18.78 	 -0.0068735
18.79 	 0.000838307
18.8 	 0.00278257
18.81 	 -0.000852599
18.82 	 -0.00940949
18.83 	 -0.0213175
18.84 	 -0.0343934
18.85 	 -0.0460397
18.86 	 -0.0538055
18.87 	 -0.0558977
18.88 	 -0.0510121
18.89 	 -0.0386495
18.9 	 -0.018802
18.91 	 0.00791337
18.92 	 0.0399885
18.93 	 0.0751946
18.94 	 0.110458
18.95 	 0.142639
18.96 	 0.168489
18.97 	 0.185527
18.98 	 0.191849
18.99 	 0.186273
19 	 0.168322
19.01 	 0.137952
19.02 	 0.0959647
19.03 	 0.043706
19.04 	 -0.0163373
19.05 	 -0.0809981
19.06 	 -0.146415
19.07 	 -0.208859
19.08 	 -0.264563
19.09 	 -0.310155
19.1 	 -0.342944
19.11 	 -0.361274
19.12 	 -0.364693
19.13 	 -0.353967
19.14 	 -0.331062
19.15 	 -0.299302
19.16 	 -0.262754
19.17 	 -0.226195
19.18 	 -0.193789
19.19 	 -0.169005
19.2 	 -0.153416
19.21 	 -0.147237
19.22 	 -0.149533
19.23 	 -0.158177
19.24 	 -0.170872
19.25 	 -0.184548
19.26 	 -0.19669
19.27 	 -0.205369
19.28 	 -0.209572
19.29 	 -0.209271
19.3 	 -0.204881
19.31 	 -0.196818
19.32 	 -0.185404
19.33 	 -0.170306
19.34 	 -0.150653
19.35 	 -0.125259
19.36 	 -0.0926618
19.37 	 -0.0519545
19.38 	 -0.00299879
19.39 	 0.0534064
19.4 	 0.115131
19.41 	 0.179514
19.42 	 0.242728
19.43 	 0.300651
19.44 	 0.348953
19.45 	 0.383843
19.46 	 0.403122
19.47 	 0.406164
19.48 	 0.394001
19.49 	 0.368996
19.5 	 0.334162
19.51 	 0.293351
19.52 	 0.250657
19.53 	 0.210523
19.54 	 0.176893
19.55 	 0.152621
19.56 	 0.138743
19.57 	 0.134923
19.58 	 0.139422
19.59 	 0.150045
19.6 	 0.163992
19.61 	 0.178034
19.62 	 0.18912
19.63 	 0.19443
19.64 	 0.192394
19.65 	 0.182361
19.66 	 0.164386
19.67 	 0.139578
19.68 	 0.109444
19.69 	 0.0759007
19.7 	 0.0409806
19.71 	 0.00650748
19.72 	 -0.0256246
19.73 	 -0.0540354
19.74 	 -0.0776389
19.75 	 -0.0955086
19.76 	 -0.106955
19.77 	 -0.111367
19.78 	 -0.108651
19.79 	 -0.0993312
19.8 	 -0.0845893
19.81 	 -0.0664884
19.82 	 -0.047711
19.83 	 -0.0316265
19.84 	 -0.0214795
19.85 	 -0.0203289
19.86 	 -0.0305795
19.87 	 -0.0536978
19.88 	 -0.0900891
19.89 	 -0.138183
19.9 	 -0.195487
19.91 	 -0.258488
19.92 	 -0.32357
19.93 	 -0.3869
19.94 	 -0.444686
19.95 	 -0.493362
19.96 	 -0.530039
19.97 	 -0.552332
19.98 	 -0.55851
19.99 	 -0.547793
20 	 -0.520671
20.01 	 -0.479346
20.02 	 -0.427064
20.03 	 -0.367506
20.04 	 -0.304133
20.05 	 -0.240328
20.06 	 -0.179193
20.07 	 -0.123915
20.08 	 -0.0772205
20.09 	 -0.0407789
20.1 	 -0.0149063
20.11 	 0.0018806
20.12 	 0.0124336
20.13 	 0.020417
20.14 	 0.0293395
20.15 	 0.0418144
20.16 	 0.059288
20.17 	 0.0821176
20.18 	 0.110122
20.19 	 0.142045
20.2 	 0.176165
20.21 	 0.210052
20.22 	 0.240989
20.23 	 0.26658
20.24 	 0.284854
20.25 	 0.294589
20.26 	 0.295508
20.27 	 0.288212
20.28 	 0.274559
20.29 	 0.257206
20.3 	 0.239327
20.31 	 0.22435
20.32 	 0.215329
20.33 	 0.214633
20.34 	 0.223504
20.35 	 0.241951
20.36 	 0.269109
20.37 	 0.30357
20.38 	 0.343389
20.39 	 0.386381
20.4 	 0.430091
20.41 	 0.472249
20.42 	 0.511312
20.43 	 0.54618
20.44 	 0.576188
20.45 	 0.600926
20.46 	 0.619875
20.47 	 0.632664
20.48 	 0.63849
20.49 	 0.636626
20.5 	 0.625891
20.51 	 0.605167
20.52 	 0.573636
20.53 	 0.530981
20.54 	 0.478021
20.55 	 0.416115
20.56 	 0.347293
20.57 	 0.273789
20.58 	 0.197905
20.59 	 0.122117
20.6 	 0.0488702
20.61 	 -0.0197837
20.62 	 -0.082348
20.63 	 -0.138013
20.64 	 -0.186434
20.65 	 -0.227554
20.66 	 -0.261531
20.67 	 -0.288627
20.68 	 -0.309381
20.69 	 -0.324091
20.7 	 -0.333483
20.71 	 -0.337763
20.72 	 -0.337138
20.73 	 -0.331896
20.74 	 -0.321969
20.75 	 -0.307637
20.76 	 -0.288731
20.77 	 -0.265054
20.78 	 -0.236383
20.79 	 -0.202385
20.8 	 -0.163212
20.81 	 -0.119413
20.82 	 -0.072313
20.83 	 -0.0234389
20.84 	 0.02522
20.85 	 0.0714313
20.86 	 0.112689
20.87 	 0.146403
20.88 	 0.170452
20.89 	 0.183485
20.9 	 0.18492
20.91 	 0.175435
20.92 	 0.156298
20.93 	 0.129462
20.94 	 0.0972533
20.95 	 0.0618434
20.96 	 0.0254598
20.97 	 -0.010367
20.98 	 -0.0445779
20.99 	 -0.0765593
21 	 -0.105943
21.01 	 -0.132229
21.02 	 -0.154912
21.03 	 -0.173195
21.04 	 -0.186055
21.05 	 -0.192355
21.06 	 -0.191167
21.07 	 -0.182109
21.08 	 -0.165237
21.09 	 -0.141265
21.1 	 -0.111323
21.11 	 -0.077111
21.12 	 -0.0409218
21.13 	 -0.00553177
21.14 	 0.0264928
21.15 	 0.0530536
21.16 	 0.0727144
21.17 	 0.0847731
21.18 	 0.089056
21.19 	 0.0861457
21.2 	 0.0770557
21.21 	 0.063398
21.22 	 0.0471391
21.23 	 0.0298049
21.24 	 0.0126976
21.25 	 -0.0037529
21.26 	 -0.0190324
21.27 	 -0.0331423
21.28 	 -0.0461338
21.29 	 -0.0581291
21.3 	 -0.069503
21.31 	 -0.080541
21.32 	 -0.0914407
21.33 	 -0.101847
21.34 	 -0.11113
21.35 	 -0.118641
21.36 	 -0.124061
21.37 	 -0.127232
21.38 	 -0.128366
21.39 	 -0.127974
21.4 	 -0.127022
21.41 	 -0.126874
21.42 	 -0.128929
21.43 	 -0.134262
21.44 	 -0.143434
21.45 	 -0.156542
21.46 	 -0.173302
21.47 	 -0.193157
21.48 	 -0.215178
21.49 	 -0.238333
21.5 	 -0.261625
21.51 	 -0.283954
21.52 	 -0.304762
21.53 	 -0.323551
21.54 	 -0.340283
21.55 	 -0.354941
21.56 	 -0.367735
21.57 	 -0.378822
21.58 	 -0.388098
21.59 	 -0.394822
21.6 	 -0.397784
21.61 	 -0.395807
21.62 	 -0.387708
21.63 	 -0.372871
21.64 	 -0.350934
21.65 	 -0.322134
21.66 	 -0.286909
21.67 	 -0.246385
21.68 	 -0.201887
21.69 	 -0.155161
21.7 	 -0.108226
21.71 	 -0.0630566
21.72 	 -0.021976
21.73 	 0.0136511
21.74 	 0.042718
21.75 	 0.0647315
21.76 	 0.0797854
21.77 	 0.0882854
21.78 	 0.0913895
21.79 	 0.0902549
21.8 	 0.0863392
21.81 	 0.0809849
21.82 	 0.0755841
21.83 	 0.0716274
21.84 	 0.0707158
21.85 	 0.0742106
21.86 	 0.0829515
21.87 	 0.096977
21.88 	 0.11603
21.89 	 0.139369
21.9 	 0.165789
21.91 	 0.193799
21.92 	 0.221255
21.93 	 0.246087
21.94 	 0.265953
21.95 	 0.27861
21.96 	 0.282637
21.97 	 0.277174
21.98 	 0.262647
21.99 	 0.240136
22 	 0.211557
22.01 	 0.179207
22.02 	 0.145525
22.03 	 0.112822
22.04 	 0.083007
22.05 	 0.0576719
22.06 	 0.0374368
22.07 	 0.0221424
22.08 	 0.0107305
22.09 	 0.0016926
22.1 	 -0.00649709
22.11 	 -0.0153095
22.12 	 -0.0254333
22.13 	 -0.0368658
22.14 	 -0.048986
22.15 	 -0.060756
22.16 	 -0.0708077
22.17 	 -0.0775135
22.18 	 -0.0788935
22.19 	 -0.0733666
22.2 	 -0.0593659
22.21 	 -0.0359124
22.22 	 -0.00291116
22.23 	 0.0389894
22.24 	 0.0877006
22.25 	 0.140798
22.26 	 0.19532
22.27 	 0.248208
22.28 	 0.296252
22.29 	 0.336216
22.3 	 0.365279
22.31 	 0.381548
22.32 	 0.384343
22.33 	 0.374645
22.34 	 0.355149
22.35 	 0.329517
22.36 	 0.302194
22.37 	 0.27743
22.38 	 0.258943
22.39 	 0.249531
22.4 	 0.250195
22.41 	 0.260589
22.42 	 0.278713
22.43 	 0.301591
22.44 	 0.325704
22.45 	 0.347301
22.46 	 0.363136
22.47 	 0.371005
22.48 	 0.370064
22.49 	 0.360566
22.5 	 0.343746
22.51 	 0.321139
22.52 	 0.294748
22.53 	 0.266469
22.54 	 0.237771
22.55 	 0.209259
22.56 	 0.180989
22.57 	 0.152405
22.58 	 0.123226
22.59 	 0.0931072
22.6 	 0.0620509
22.61 	 0.0308052
22.62 	 0.000365492
22.63 	 -0.0279228
22.64 	 -0.0531756
22.65 	 -0.0747614
22.66 	 -0.0925034
22.67 	 -0.106717
22.68 	 -0.117975
22.69 	 -0.127293
22.7 	 -0.135581
22.71 	 -0.143887
22.72 	 -0.152905
22.73 	 -0.163031
22.74 	 -0.174211
22.75 	 -0.185697
22.76 	 -0.196197
22.77 	 -0.203987
22.78 	 -0.207386
22.79 	 -0.205196
22.8 	 -0.196963
22.81 	 -0.1828
22.82 	 -0.1637
22.83 	 -0.140946
22.84 	 -0.11659
22.85 	 -0.0927042
22.86 	 -0.0714845
22.87 	 -0.0547205
22.88 	 -0.0436628
22.89 	 -0.0387424
22.9 	 -0.0398658
22.91 	 -0.0462259
22.92 	 -0.0567841
22.93 	 -0.0701573
22.94 	 -0.0850754
22.95 	 -0.100733
22.96 	 -0.116679
22.97 	 -0.133079
22.98 	 -0.150178
22.99 	 -0.16801
23 	 -0.18657
23.01 	 -0.205672
23.02 	 -0.224988
23.03 	 -0.244059
23.04 	 -0.261952
23.05 	 -0.277599
23.06 	 -0.289934
23.07 	 -0.297898
23.08 	 -0.301056
23.09 	 -0.299417
23.1 	 -0.293243
23.11 	 -0.283118
23.12 	 -0.269552
23.13 	 -0.253079
23.14 	 -0.234245
23.15 	 -0.213088
23.16 	 -0.189467
23.17 	 -0.163065
23.18 	 -0.133503
23.19 	 -0.100571
23.2 	 -0.0640095
23.21 	 -0.023597
23.22 	 0.0205392
23.23 	 0.0679319
23.24 	 0.11738
23.25 	 0.167343
23.26 	 0.215958
23.27 	 0.261553
23.28 	 0.302573
23.29 	 0.337329
23.3 	 0.364337
23.31 	 0.382323
23.32 	 0.390863
23.33 	 0.390005
23.34 	 0.380146
23.35 	 0.362117
23.36 	 0.336825
23.37 	 0.305451
23.38 	 0.269202
23.39 	 0.229548
23.4 	 0.187974
23.41 	 0.146138
23.42 	 0.105733
23.43 	 0.0685588
23.44 	 0.0364648
23.45 	 0.0111339
23.46 	 -0.00626187
23.47 	 -0.0154864
23.48 	 -0.0169028
23.49 	 -0.011575
23.5 	 -0.000978809
23.51 	 0.0125594
23.52 	 0.0263749
23.53 	 0.0379996
23.54 	 0.0453241
23.55 	 0.0469406
23.56 	 0.0420708
23.57 	 0.0305386
23.58 	 0.0129284
23.59 	 -0.00972116
23.6 	 -0.0358055
23.61 	 -0.0637616
23.62 	 -0.0925674
23.63 	 -0.121305
23.64 	 -0.149814
23.65 	 -0.177773
23.66 	 -0.205306
23.67 	 -0.232244
23.68 	 -0.258237
23.69 	 -0.282766
23.7 	 -0.305215
23.71 	 -0.324769
23.72 	 -0.34032
23.73 	 -0.350692
23.74 	 -0.354576
23.75 	 -0.351268
23.76 	 -0.340185
23.77 	 -0.321401
23.78 	 -0.295296
23.79 	 -0.26304
23.8 	 -0.226602
23.81 	 -0.188298
23.82 	 -0.15085
23.83 	 -0.116498
23.84 	 -0.0873551
23.85 	 -0.0644812
23.86 	 -0.0484306
23.87 	 -0.0388436
23.88 	 -0.0347674
23.89 	 -0.0345537
23.9 	 -0.03577
23.91 	 -0.0360915
23.92 	 -0.0331912
23.93 	 -0.0259591
23.94 	 -0.0139481
23.95 	 0.00224639
23.96 	 0.0213329
23.97 	 0.0413407
23.98 	 0.059838
23.99 	 0.0746724
24 	 0.0842028
24.01 	 0.0876688
24.02 	 0.0852899
24.03 	 0.0785478
24.04 	 0.0700021
24.05 	 0.0629362
24.06 	 0.0604121
24.07 	 0.0647688
24.08 	 0.0771834
24.09 	 0.0974464
24.1 	 0.124588
24.11 	 0.157038
24.12 	 0.192487
24.13 	 0.228302
24.14 	 0.261243
24.15 	 0.288472
24.16 	 0.308048
24.17 	 0.318954
24.18 	 0.321534
24.19 	 0.317117
24.2 	 0.307487
24.21 	 0.294846
24.22 	 0.280758
24.23 	 0.266574
24.24 	 0.252734
24.25 	 0.239192
24.26 	 0.225259
24.27 	 0.210052
24.28 	 0.192408
24.29 	 0.171377
24.3 	 0.146119
24.31 	 0.116402
24.32 	 0.0827892
24.33 	 0.0463879
24.34 	 0.00915343
24.35 	 -0.0269889
24.36 	 -0.0598408
24.37 	 -0.0876041
24.38 	 -0.109049
24.39 	 -0.123877
24.4 	 -0.132954
24.41 	 -0.137609
24.42 	 -0.139759
24.43 	 -0.140896
24.44 	 -0.142603
24.45 	 -0.145853
24.46 	 -0.151212
24.47 	 -0.158779
24.48 	 -0.167662
24.49 	 -0.176616
24.5 	 -0.183951
24.51 	 -0.188162
24.52 	 -0.188226
24.53 	 -0.183387
24.54 	 -0.173692
24.55 	 -0.159679
24.56 	 -0.142499
24.57 	 -0.123695
24.58 	 -0.104974
24.59 	 -0.0879259
24.6 	 -0.0738083
24.61 	 -0.0630478
24.62 	 -0.0556326
24.63 	 -0.0513871
24.64 	 -0.0499688
24.65 	 -0.0508612
24.66 	 -0.0531496
24.67 	 -0.0560452
24.68 	 -0.05882
24.69 	 -0.0613858
24.7 	 -0.0640181
24.71 	 -0.0672524
24.72 	 -0.0712374
24.73 	 -0.0757376
24.74 	 -0.0803843
24.75 	 -0.0846926
24.76 	 -0.0882971
24.77 	 -0.0904969
24.78 	 -0.0906391
24.79 	 -0.0879388
24.8 	 -0.0818852
24.81 	 -0.0723166
24.82 	 -0.0595823
24.83 	 -0.0442196
24.84 	 -0.0272433
24.85 	 -0.00943283
24.86 	 0.0080454
24.87 	 0.0242444
24.88 	 0.0380615
24.89 	 0.0485602
24.9 	 0.055022
24.91 	 0.0570714
24.92 	 0.0546424
24.93 	 0.0482317
24.94 	 0.0385864
24.95 	 0.0270843
24.96 	 0.0151169
24.97 	 0.00399048
24.98 	 -0.00500867
24.99 	 -0.010643
25 	 -0.0118061
25.01 	 -0.00781593
25.02 	 0.0013311
25.03 	 0.0147071
25.04 	 0.0313329
25.05 	 0.0499483
25.06 	 0.069629
25.07 	 0.0891529
25.08 	 0.107195
25.09 	 0.122662
25.1 	 0.134667
25.11 	 0.142939
25.12 	 0.147444
25.13 	 0.148599
25.14 	 0.146845
25.15 	 0.142544
25.16 	 0.136181
25.17 	 0.127852
25.18 	 0.118125
25.19 	 0.107417
25.2 	 0.0962304
25.21 	 0.084876
25.22 	 0.0733723
25.23 	 0.0618434
25.24 	 0.050486
25.25 	 0.0397454
25.26 	 0.0300306
25.27 	 0.0216616
25.28 	 0.0146302
25.29 	 0.0089297
25.3 	 0.00447825
25.31 	 0.0008953
25.32 	 -0.00228209
25.33 	 -0.00599116
25.34 	 -0.0110303
25.35 	 -0.0180585
25.36 	 -0.0276118
25.37 	 -0.0396557
25.38 	 -0.0539274
25.39 	 -0.069561
25.4 	 -0.0856202
25.41 	 -0.101096
25.42 	 -0.114833
25.43 	 -0.125953
25.44 	 -0.133697
25.45 	 -0.137587
25.46 	 -0.137707
25.47 	 -0.134217
25.48 	 -0.128004
25.49 	 -0.119768
25.5 	 -0.110521
25.51 	 -0.101452
25.52 	 -0.0931112
25.53 	 -0.0859203
25.54 	 -0.0794634
25.55 	 -0.0735671
25.56 	 -0.068052
25.57 	 -0.0628829
25.58 	 -0.0579766
25.59 	 -0.0530627
25.6 	 -0.0476309
25.61 	 -0.0416929
25.62 	 -0.0355944
25.63 	 -0.0303942
25.64 	 -0.0272412
25.65 	 -0.0269852
25.66 	 -0.0303119
25.67 	 -0.037414
25.68 	 -0.0484498
25.69 	 -0.0629821
25.7 	 -0.0804551
25.71 	 -0.0996346
25.72 	 -0.119239
25.73 	 -0.137569
25.74 	 -0.153075
25.75 	 -0.164444
25.76 	 -0.170788
25.77 	 -0.171723
25.78 	 -0.167541
25.79 	 -0.159097
25.8 	 -0.147752
25.81 	 -0.134765
25.82 	 -0.121263
25.83 	 -0.108166
25.84 	 -0.0960496
25.85 	 -0.0850854
25.86 	 -0.0749633
25.87 	 -0.0650684
25.88 	 -0.054968
25.89 	 -0.0443083
25.9 	 -0.0329192
25.91 	 -0.020941
25.92 	 -0.00864681
25.93 	 0.00322304
25.94 	 0.0140378
25.95 	 0.0229988
25.96 	 0.0298353
25.97 	 0.0346791
25.98 	 0.0384743
25.99 	 0.0423852
26 	 0.0478371
26.01 	 0.056159
26.02 	 0.0684006
26.03 	 0.0851304
26.04 	 0.106324
26.05 	 0.131324
26.06 	 0.15902
26.07 	 0.18762
26.08 	 0.214863
26.09 	 0.238186
26.1 	 0.25553
26.11 	 0.265404
26.12 	 0.267321
26.13 	 0.261419
26.14 	 0.248382
26.15 	 0.229433
26.16 	 0.206077
26.17 	 0.180077
26.18 	 0.153467
26.19 	 0.127781
26.2 	 0.104183
26.21 	 0.0829737
26.22 	 0.0641342
26.23 	 0.0469742
26.24 	 0.0309417
26.25 	 0.0152291
26.26 	 -0.000691873
26.27 	 -0.0168961
26.28 	 -0.0332793
26.29 	 -0.0490555
26.3 	 -0.0634281
26.31 	 -0.0751002
26.32 	 -0.082864
26.33 	 -0.0855572
26.34 	 -0.0825491
26.35 	 -0.0739837
26.36 	 -0.0605345
26.37 	 -0.0433349
26.38 	 -0.0236108
26.39 	 -0.00266003
26.4 	 0.0182155
26.41 	 0.0377557
26.42 	 0.0550931
26.43 	 0.0696573
26.44 	 0.0812079
26.45 	 0.0896854
26.46 	 0.0950842
26.47 	 0.0976424
26.48 	 0.0976794
26.49 	 0.0953481
26.5 	 0.0906576
26.51 	 0.0837889
26.52 	 0.0750172
26.53 	 0.0649412
26.54 	 0.0539172
26.55 	 0.0424641
26.56 	 0.0311895
26.57 	 0.0208786
26.58 	 0.0122572
26.59 	 0.0055738
26.6 	 0.000778294
26.61 	 -0.00295415
26.62 	 -0.00641306
26.63 	 -0.0105964
26.64 	 -0.0161147
26.65 	 -0.0233945
26.66 	 -0.0325584
26.67 	 -0.0434948
26.68 	 -0.0557813
26.69 	 -0.0686802
26.7 	 -0.0812121
26.71 	 -0.0921169
26.72 	 -0.100528
26.73 	 -0.105827
26.74 	 -0.107753
26.75 	 -0.106289
26.76 	 -0.101651
26.77 	 -0.0939307
26.78 	 -0.0833633
26.79 	 -0.0700392
26.8 	 -0.0544218
26.81 	 -0.0371324
26.82 	 -0.01847
26.83 	 0.00128069
26.84 	 0.0220149
26.85 	 0.0432692
26.86 	 0.0644471
26.87 	 0.0848199
26.88 	 0.103654
26.89 	 0.120422
26.9 	 0.134513
26.91 	 0.145749
26.92 	 0.153994
26.93 	 0.159665
26.94 	 0.163242
26.95 	 0.165112
26.96 	 0.165502
26.97 	 0.164644
26.98 	 0.162904
26.99 	 0.160704
27 	 0.158351
27.01 	 0.15586
27.02 	 0.153252
27.03 	 0.150337
27.04 	 0.147078
27.05 	 0.143212
27.06 	 0.138417
27.07 	 0.132427
27.08 	 0.125115
27.09 	 0.116695
27.1 	 0.107351
27.11 	 0.0974828
27.12 	 0.0872842
27.13 	 0.0776124
27.14 	 0.0688676
27.15 	 0.0615435
27.16 	 0.0554265
27.17 	 0.0498404
27.18 	 0.0441299
27.19 	 0.037329
27.2 	 0.028816
27.21 	 0.0181923
27.22 	 0.00512939
27.23 	 -0.0101927
27.24 	 -0.0270759
27.25 	 -0.0443852
27.26 	 -0.060435
27.27 	 -0.0738468
27.28 	 -0.0834895
27.29 	 -0.0890058
27.3 	 -0.0908422
27.31 	 -0.0900139
27.32 	 -0.0877431
27.33 	 -0.085344
27.34 	 -0.0840487
27.35 	 -0.0850451
27.36 	 -0.0891022
27.37 	 -0.096499
27.38 	 -0.106847
27.39 	 -0.119351
27.4 	 -0.13301
27.41 	 -0.147015
27.42 	 -0.160812
27.43 	 -0.173896
27.44 	 -0.185634
27.45 	 -0.195604
27.46 	 -0.203571
27.47 	 -0.209275
27.48 	 -0.212459
27.49 	 -0.213033
27.5 	 -0.211362
27.51 	 -0.207935
27.52 	 -0.203482
27.53 	 -0.19847
27.54 	 -0.193457
27.55 	 -0.18886
27.56 	 -0.184993
27.57 	 -0.182186
27.58 	 -0.180251
27.59 	 -0.178504
27.6 	 -0.176096
27.61 	 -0.171928
27.62 	 -0.165278
27.63 	 -0.155638
27.64 	 -0.14285
27.65 	 -0.127057
27.66 	 -0.108501
27.67 	 -0.0878518
27.68 	 -0.0658356
27.69 	 -0.0434804
27.7 	 -0.021797
27.71 	 -0.00138735
27.72 	 0.017194
27.73 	 0.0339165
27.74 	 0.0487031
27.75 	 0.0614905
27.76 	 0.0723841
27.77 	 0.0814442
27.78 	 0.0891531
27.79 	 0.0957744
27.8 	 0.101532
27.81 	 0.106583
27.82 	 0.111054
27.83 	 0.115489
27.84 	 0.120154
27.85 	 0.125316
27.86 	 0.130945
27.87 	 0.137229
27.88 	 0.14428
27.89 	 0.15219
27.9 	 0.160801
27.91 	 0.169406
27.92 	 0.177361
27.93 	 0.183498
27.94 	 0.18681
27.95 	 0.186426
27.96 	 0.181408
27.97 	 0.171328
27.98 	 0.156288
27.99 	 0.136976
28 	 0.114406
28.01 	 0.0894703
28.02 	 0.0631571
28.03 	 0.0368408
28.04 	 0.0121314
28.05 	 -0.00931537
28.06 	 -0.0264124
28.07 	 -0.0386031
28.08 	 -0.0460917
28.09 	 -0.0495979
28.1 	 -0.0501014
28.11 	 -0.0487971
28.12 	 -0.046862
28.13 	 -0.0455117
28.14 	 -0.0462622
28.15 	 -0.0501051
28.16 	 -0.0579518
28.17 	 -0.0697748
28.18 	 -0.0851752
28.19 	 -0.103291
28.2 	 -0.122897
28.21 	 -0.142576
28.22 	 -0.160697
28.23 	 -0.175883
28.24 	 -0.186913
28.25 	 -0.192987
28.26 	 -0.193681
28.27 	 -0.189356
28.28 	 -0.180624
28.29 	 -0.168592
28.3 	 -0.154237
28.31 	 -0.138775
28.32 	 -0.123146
28.33 	 -0.10827
28.34 	 -0.0946475
28.35 	 -0.0826118
28.36 	 -0.072384
28.37 	 -0.063989
28.38 	 -0.0574702
28.39 	 -0.0524768
28.4 	 -0.0484329
28.41 	 -0.0446751
28.42 	 -0.0406068
28.43 	 -0.0357241
28.44 	 -0.0296692
28.45 	 -0.0216948
28.46 	 -0.0109903
28.47 	 0.00327818
28.48 	 0.021513
28.49 	 0.0438009
28.5 	 0.0696053
28.51 	 0.0980885
28.52 	 0.127812
28.53 	 0.157258
28.54 	 0.184979
28.55 	 0.209722
28.56 	 0.230482
28.57 	 0.246234
28.58 	 0.25634
28.59 	 0.260532
28.6 	 0.259028
28.61 	 0.252194
28.62 	 0.240277
28.63 	 0.223572
28.64 	 0.202275
28.65 	 0.177113
28.66 	 0.148889
28.67 	 0.118504
28.68 	 0.08686
28.69 	 0.0547953
28.7 	 0.0234985
28.71 	 -0.00578378
28.72 	 -0.0315877
28.73 	 -0.0523432
28.74 	 -0.0668268
28.75 	 -0.0740435
28.76 	 -0.0736962
28.77 	 -0.0658042
28.78 	 -0.0510689
28.79 	 -0.0302121
28.8 	 -0.00446834
28.81 	 0.0248045
28.82 	 0.0557428
28.83 	 0.0862189
28.84 	 0.113951
28.85 	 0.137013
28.86 	 0.153813
28.87 	 0.163625
28.88 	 0.166172
28.89 	 0.161809
28.9 	 0.151463
28.91 	 0.136147
28.92 	 0.117499
28.93 	 0.0969245
28.94 	 0.076143
28.95 	 0.0564174
28.96 	 0.0387716
28.97 	 0.0235281
28.98 	 0.0106329
28.99 	 -0.000235465
29 	 -0.00955123
29.01 	 -0.0180489
29.02 	 -0.0267356
29.03 	 -0.0362601
29.04 	 -0.0469368
29.05 	 -0.058446
29.06 	 -0.0700008
29.07 	 -0.0806037
29.08 	 -0.0893381
29.09 	 -0.0956647
29.1 	 -0.0994634
29.11 	 -0.100685
29.12 	 -0.0996009
29.13 	 -0.0965145
29.14 	 -0.0919402
29.15 	 -0.0867098
29.16 	 -0.0820253
29.17 	 -0.0790601
29.18 	 -0.0786686
29.19 	 -0.0809489
29.2 	 -0.0858967
29.21 	 -0.0932392
29.22 	 -0.102672
29.23 	 -0.113588
29.24 	 -0.125275
29.25 	 -0.136768
29.26 	 -0.147246
29.27 	 -0.155884
29.28 	 -0.162226
29.29 	 -0.165867
29.3 	 -0.166614
29.31 	 -0.164728
29.32 	 -0.160569
29.33 	 -0.154772
29.34 	 -0.147643
29.35 	 -0.139753
29.36 	 -0.131644
29.37 	 -0.123763
29.38 	 -0.116374
29.39 	 -0.109196
29.4 	 -0.101876
29.41 	 -0.093826
29.42 	 -0.0848786
29.43 	 -0.0751939
29.44 	 -0.0651881
29.45 	 -0.0554182
29.46 	 -0.0461506
29.47 	 -0.0378366
29.48 	 -0.0304924
29.49 	 -0.0243634
29.5 	 -0.0194423
29.51 	 -0.0158653
29.52 	 -0.0135277
29.53 	 -0.0118929
29.54 	 -0.0102578
29.55 	 -0.00786779
29.56 	 -0.00455607
29.57 	 -0.000377906
29.58 	 0.00453299
29.59 	 0.0100401
29.6 	 0.0157388
29.61 	 0.0212349
29.62 	 0.0260651
29.63 	 0.0301176
29.64 	 0.0333947
29.65 	 0.0355641
29.66 	 0.0365621
29.67 	 0.036096
29.68 	 0.0342454
29.69 	 0.0314115
29.7 	 0.0280993
29.71 	 0.0248839
29.72 	 0.0223935
29.73 	 0.0213627
29.74 	 0.022766
29.75 	 0.0269497
29.76 	 0.0339832
29.77 	 0.0432819
29.78 	 0.0545398
29.79 	 0.0670219
29.8 	 0.0797795
29.81 	 0.0914493
29.82 	 0.100554
29.83 	 0.105656
29.84 	 0.105571
29.85 	 0.10009
29.86 	 0.0895451
29.87 	 0.0752057
29.88 	 0.0584247
29.89 	 0.0405198
29.9 	 0.0229914
29.91 	 0.00696908
29.92 	 -0.00609018
29.93 	 -0.0152464
29.94 	 -0.0199469
29.95 	 -0.02037
29.96 	 -0.0173067
29.97 	 -0.0118871
29.98 	 -0.00535755
29.99 	 0.00139374
30 	 0.0075794
30.01 	 0.0123831
30.02 	 0.0150316
30.03 	 0.01506
30.04 	 0.0125761
30.05 	 0.00807278
30.06 	 0.00220397
30.07 	 -0.00469353
30.08 	 -0.0122756
30.09 	 -0.020336
30.1 	 -0.0284944
30.11 	 -0.0363278
30.12 	 -0.0431252
30.13 	 -0.048105
30.14 	 -0.050589
30.15 	 -0.0505458
30.16 	 -0.0482256
30.17 	 -0.0438411
30.18 	 -0.0372571
30.19 	 -0.0283991
30.2 	 -0.0177277
30.21 	 -0.0062048
30.22 	 0.00471645
30.23 	 0.0138809
30.24 	 0.0201718
30.25 	 0.0230096
30.26 	 0.0221218
30.27 	 0.0178258
30.28 	 0.0108922
30.29 	 0.00204507
30.3 	 -0.00781296
30.31 	 -0.0178097
30.32 	 -0.026548
30.33 	 -0.0327259
30.34 	 -0.0355227
30.35 	 -0.0346084
30.36 	 -0.0300081
30.37 	 -0.0221248
30.38 	 -0.0116955
30.39 	 0.000399167
30.4 	 0.0131201
30.41 	 0.0255926
30.42 	 0.0368598
30.43 	 0.0459533
30.44 	 0.0523112
30.45 	 0.0555485
30.46 	 0.0555267
30.47 	 0.0524949
30.48 	 0.0463537
30.49 	 0.037588
30.5 	 0.0265568
30.51 	 0.0139205
30.52 	 6.61632e-05
30.53 	 -0.0145117
30.54 	 -0.0292275
30.55 	 -0.0434753
30.56 	 -0.0565789
30.57 	 -0.0685049
30.58 	 -0.0789865
30.59 	 -0.0876685
30.6 	 -0.0940295
30.61 	 -0.0974882
30.62 	 -0.0980863
30.63 	 -0.0960976
30.64 	 -0.0914693
30.65 	 -0.0843463
30.66 	 -0.07459
30.67 	 -0.0624974
30.68 	 -0.0485635
30.69 	 -0.0332217
30.7 	 -0.0169906
30.71 	 -0.000256608
30.72 	 0.0168528
30.73 	 0.0340557
30.74 	 0.0514705
30.75 	 0.0688235
30.76 	 0.0858775
30.77 	 0.102077
30.78 	 0.116929
30.79 	 0.130063
30.8 	 0.141275
30.81 	 0.150268
30.82 	 0.156642
30.83 	 0.160154
30.84 	 0.160928
30.85 	 0.159532
30.86 	 0.15675
30.87 	 0.153409
30.88 	 0.15027
30.89 	 0.147997
30.9 	 0.146944
30.91 	 0.147068
30.92 	 0.14796
30.93 	 0.148897
30.94 	 0.149321
30.95 	 0.1486
30.96 	 0.146276
30.97 	 0.141802
30.98 	 0.134947
30.99 	 0.12597
31 	 0.115501
31.01 	 0.104364
31.02 	 0.0930104
31.03 	 0.0820922
31.04 	 0.0720075
31.05 	 0.0633835
31.06 	 0.0562617
31.07 	 0.0504512
31.08 	 0.0454012
31.09 	 0.0404055
31.1 	 0.0349383
31.11 	 0.0285443
31.12 	 0.0211985
31.13 	 0.0130333
31.14 	 0.00430218
31.15 	 -0.00471336
31.16 	 -0.0136841
31.17 	 -0.0219809
31.18 	 -0.0290731
31.19 	 -0.034549
31.2 	 -0.0382968
31.21 	 -0.0402144
31.22 	 -0.0405685
31.23 	 -0.0396228
31.24 	 -0.0380416
31.25 	 -0.0366148
31.26 	 -0.0357863
31.27 	 -0.0359334
31.28 	 -0.0369582
31.29 	 -0.0388318
31.3 	 -0.041524
31.31 	 -0.044967
31.32 	 -0.0489288
31.33 	 -0.0532041
31.34 	 -0.0573577
31.35 	 -0.061116
31.36 	 -0.0644372
31.37 	 -0.0673014
31.38 	 -0.0696885
31.39 	 -0.0713607
31.4 	 -0.0721177
31.41 	 -0.0717252
31.42 	 -0.0699704
31.43 	 -0.0664091
31.44 	 -0.0610199
31.45 	 -0.0538414
31.46 	 -0.0449968
31.47 	 -0.0346537
31.48 	 -0.0226715
31.49 	 -0.00966031
31.5 	 0.00370394
31.51 	 0.016221
31.52 	 0.0268579
31.53 	 0.0350075
31.54 	 0.0401317
31.55 	 0.041965
31.56 	 0.0405598
31.57 	 0.0362258
31.58 	 0.0298174
31.59 	 0.022319
31.6 	 0.0149642
31.61 	 0.0088739
31.62 	 0.00511946
31.63 	 0.0043932
31.64 	 0.00694714
31.65 	 0.0124683
31.66 	 0.0200837
31.67 	 0.0287787
31.68 	 0.0373428
31.69 	 0.0449161
31.7 	 0.0507064
31.71 	 0.054585
31.72 	 0.0565944
31.73 	 0.0571388
31.74 	 0.0567655
31.75 	 0.0555291
31.76 	 0.0537881
31.77 	 0.0515622
31.78 	 0.0490119
31.79 	 0.0462741
31.8 	 0.0426983
31.81 	 0.0378579
31.82 	 0.0312833
31.83 	 0.0230334
31.84 	 0.0136914
31.85 	 0.00357755
31.86 	 -0.00672743
31.87 	 -0.0166745
31.88 	 -0.0257418
31.89 	 -0.0336148
31.9 	 -0.0404776
31.91 	 -0.046689
31.92 	 -0.0522402
31.93 	 -0.0571349
31.94 	 -0.0610656
31.95 	 -0.0638732
31.96 	 -0.0654507
31.97 	 -0.065569
31.98 	 -0.0641042
31.99 	 -0.060688
32 	 -0.055132
32.01 	 -0.0479041
32.02 	 -0.0395803
32.03 	 -0.031141
32.04 	 -0.0232721
32.05 	 -0.0166209
32.06 	 -0.0118959
32.07 	 -0.00944544
32.08 	 -0.00937632
32.09 	 -0.0113551
32.1 	 -0.0149604
32.11 	 -0.0196506
32.12 	 -0.0249891
32.13 	 -0.0301434
32.14 	 -0.034605
32.15 	 -0.0378668
32.16 	 -0.0398096
32.17 	 -0.0406938
32.18 	 -0.0407252
32.19 	 -0.0403361
32.2 	 -0.0398054
32.21 	 -0.0396395
32.22 	 -0.0404252
32.23 	 -0.0427748
32.24 	 -0.0465637
32.25 	 -0.0510674
32.26 	 -0.0552679
32.27 	 -0.0587452
32.28 	 -0.0615459
32.29 	 -0.0634191
32.3 	 -0.0641082
32.31 	 -0.0632177
32.32 	 -0.0607866
32.33 	 -0.0571015
32.34 	 -0.0526415
32.35 	 -0.0483139
32.36 	 -0.0449473
32.37 	 -0.0433096
32.38 	 -0.043793
32.39 	 -0.0463449
32.4 	 -0.0509355
32.41 	 -0.0574663
32.42 	 -0.0660136
32.43 	 -0.0764465
32.44 	 -0.088276
32.45 	 -0.100991
32.46 	 -0.114049
32.47 	 -0.126525
32.48 	 -0.137604
32.49 	 -0.14639
32.5 	 -0.15239
32.51 	 -0.155391
32.52 	 -0.155197
32.53 	 -0.152222
32.54 	 -0.147051
32.55 	 -0.140808
32.56 	 -0.134585
32.57 	 -0.129444
32.58 	 -0.126036
32.59 	 -0.124622
32.6 	 -0.125221
32.61 	 -0.127753
32.62 	 -0.13173
32.63 	 -0.136017
32.64 	 -0.13909
32.65 	 -0.139333
32.66 	 -0.135806
32.67 	 -0.128223
32.68 	 -0.116599
32.69 	 -0.101298
32.7 	 -0.0827807
32.71 	 -0.0616839
32.72 	 -0.0388959
32.73 	 -0.0151525
32.74 	 0.00863355
32.75 	 0.0316205
32.76 	 0.0530303
32.77 	 0.0725235
32.78 	 0.0902335
32.79 	 0.106584
32.8 	 0.121817
32.81 	 0.135963
32.82 	 0.148904
32.83 	 0.160652
32.84 	 0.171266
32.85 	 0.181035
32.86 	 0.190056
32.87 	 0.19827
32.88 	 0.205465
32.89 	 0.211331
32.9 	 0.215682
32.91 	 0.218439
32.92 	 0.219419
32.93 	 0.218911
32.94 	 0.216824
32.95 	 0.213221
32.96 	 0.208389
32.97 	 0.202444
32.98 	 0.196047
32.99 	 0.189178
33 	 0.181897
33.01 	 0.174003
33.02 	 0.16526
33.03 	 0.155877
33.04 	 0.14565
33.05 	 0.134727
33.06 	 0.122969
33.07 	 0.110586
33.08 	 0.097842
33.09 	 0.0848514
33.1 	 0.0720609
33.11 	 0.0596391
33.12 	 0.0479512
33.13 	 0.0373234
33.14 	 0.0278173
33.15 	 0.0193792
33.16 	 0.011579
33.17 	 0.00412302
33.18 	 -0.00309405
33.19 	 -0.00996799
33.2 	 -0.0163758
33.21 	 -0.022309
33.22 	 -0.0279871
33.23 	 -0.033422
33.24 	 -0.0386511
33.25 	 -0.043689
33.26 	 -0.0486499
33.27 	 -0.0534315
33.28 	 -0.0579208
33.29 	 -0.0618171
33.3 	 -0.0649762
33.31 	 -0.0672066
33.32 	 -0.0682343
33.33 	 -0.0678978
33.34 	 -0.0657852
33.35 	 -0.0619539
33.36 	 -0.056625
33.37 	 -0.050253
33.38 	 -0.0434515
33.39 	 -0.0367973
33.4 	 -0.0307072
33.41 	 -0.0256327
33.42 	 -0.0216695
33.43 	 -0.0190023
33.44 	 -0.0175682
33.45 	 -0.0169971
33.46 	 -0.0169027
33.47 	 -0.0167729
33.48 	 -0.0160869
33.49 	 -0.0145487
33.5 	 -0.0118636
33.51 	 -0.00814672
33.52 	 -0.00369072
33.53 	 0.00114117
33.54 	 0.00583756
33.55 	 0.0100286
33.56 	 0.0132987
33.57 	 0.0155138
33.58 	 0.0162734
33.59 	 0.0154647
33.6 	 0.0128202
33.61 	 0.00845624
33.62 	 0.00275264
33.63 	 -0.00403114
33.64 	 -0.0113581
33.65 	 -0.0189967
33.66 	 -0.0262298
33.67 	 -0.0325763
33.68 	 -0.0374223
33.69 	 -0.0406031
33.7 	 -0.0417742
33.71 	 -0.0407293
33.72 	 -0.0373884
33.73 	 -0.031804
33.74 	 -0.0244937
33.75 	 -0.0160398
33.76 	 -0.00730816
33.77 	 0.000710074
33.78 	 0.00733543
33.79 	 0.0118337
33.8 	 0.0141182
33.81 	 0.0139311
33.82 	 0.0114276
33.83 	 0.00688785
33.84 	 0.00080516
33.85 	 -0.00596811
33.86 	 -0.012744
33.87 	 -0.0189664
33.88 	 -0.0242097
33.89 	 -0.0283266
33.9 	 -0.031147
33.91 	 -0.0328582
33.92 	 -0.0334166
33.93 	 -0.0328924
33.94 	 -0.0312742
33.95 	 -0.0288436
33.96 	 -0.0258083
33.97 	 -0.0224821
33.98 	 -0.0191761
33.99 	 -0.0158957
34 	 -0.0127243
34.01 	 -0.00962969
34.02 	 -0.00693768
34.03 	 -0.00468397
34.04 	 -0.00267056
34.05 	 -0.000581579
34.06 	 0.00179339
34.07 	 0.00462759
34.08 	 0.00788986
34.09 	 0.0115262
34.1 	 0.0154304
34.11 	 0.0191428
34.12 	 0.0222255
34.13 	 0.0244031
34.14 	 0.0259523
34.15 	 0.0273919
34.16 	 0.0288211
34.17 	 0.030192
34.18 	 0.0316041
34.19 	 0.0335833
34.2 	 0.0368935
34.21 	 0.0419408
34.22 	 0.048389
34.23 	 0.0557578
34.24 	 0.0634485
34.25 	 0.0713679
34.26 	 0.0791089
34.27 	 0.0861632
34.28 	 0.0919567
34.29 	 0.095994
34.3 	 0.0980849
34.31 	 0.0979891
34.32 	 0.0956554
34.33 	 0.0911302
34.34 	 0.0844709
34.35 	 0.0759026
34.36 	 0.0657981
34.37 	 0.0545514
34.38 	 0.0428734
34.39 	 0.0311989
34.4 	 0.0200042
34.41 	 0.00948276
34.42 	 -0.000289414
34.43 	 -0.00918105
34.44 	 -0.0172218
34.45 	 -0.024343
34.46 	 -0.0306116
34.47 	 -0.0359643
34.48 	 -0.0401375
34.49 	 -0.0430327
34.5 	 -0.044552
34.51 	 -0.0446811
34.52 	 -0.0434498
34.53 	 -0.0411346
34.54 	 -0.0381227
34.55 	 -0.0350404
34.56 	 -0.0323867
34.57 	 -0.0307744
34.58 	 -0.0311302
34.59 	 -0.0339223
34.6 	 -0.039258
34.61 	 -0.0468064
34.62 	 -0.0560056
34.63 	 -0.0665291
34.64 	 -0.0776515
34.65 	 -0.0885209
34.66 	 -0.0981671
34.67 	 -0.105897
34.68 	 -0.111442
34.69 	 -0.114922
34.7 	 -0.116541
34.71 	 -0.116486
34.72 	 -0.115022
34.73 	 -0.112535
34.74 	 -0.109406
34.75 	 -0.105802
34.76 	 -0.101892
34.77 	 -0.0977744
34.78 	 -0.0934594
34.79 	 -0.0884864
34.8 	 -0.0825051
34.81 	 -0.0752618
34.82 	 -0.0668024
34.83 	 -0.0574876
34.84 	 -0.0478583
34.85 	 -0.0384744
34.86 	 -0.0300093
34.87 	 -0.0227442
34.88 	 -0.0171332
34.89 	 -0.0131785
34.9 	 -0.0110113
34.91 	 -0.0105355
34.92 	 -0.0116208
34.93 	 -0.0136165
34.94 	 -0.0156055
34.95 	 -0.0168958
34.96 	 -0.0169349
34.97 	 -0.0157075
34.98 	 -0.0131047
34.99 	 -0.00908173
35 	 -0.00360545
35.01 	 0.00305071
35.02 	 0.0102912
35.03 	 0.0176022
35.04 	 0.0244566
35.05 	 0.0307746
35.06 	 0.0363981
35.07 	 0.0411516
35.08 	 0.0448717
35.09 	 0.0473568
35.1 	 0.048722
35.11 	 0.0490038
35.12 	 0.0486443
35.13 	 0.0481403
35.14 	 0.048068
35.15 	 0.0486814
35.16 	 0.0495301
35.17 	 0.0502178
35.18 	 0.0502008
35.19 	 0.0491015
35.2 	 0.0467745
35.21 	 0.0429538
35.22 	 0.0376102
35.23 	 0.0307227
35.24 	 0.0223228
35.25 	 0.012941
35.26 	 0.00328605
35.27 	 -0.00571041
35.28 	 -0.0131206
35.29 	 -0.0187753
35.3 	 -0.0223877
35.31 	 -0.0243267
35.32 	 -0.0246229
35.33 	 -0.0232712
35.34 	 -0.0206103
35.35 	 -0.0170464
35.36 	 -0.0136
35.37 	 -0.0108266
35.38 	 -0.00913179
35.39 	 -0.00822579
35.4 	 -0.00787093
35.41 	 -0.00814588
35.42 	 -0.00928122
35.43 	 -0.0112354
35.44 	 -0.013325
35.45 	 -0.0146446
35.46 	 -0.0142813
35.47 	 -0.0115877
35.48 	 -0.00589696
35.49 	 0.00300992
35.5 	 0.0151387
35.51 	 0.0300786
35.52 	 0.0471614
35.53 	 0.0655724
35.54 	 0.0843682
35.55 	 0.102294
35.56 	 0.117911
35.57 	 0.130055
35.58 	 0.137994
35.59 	 0.141557
35.6 	 0.140747
35.61 	 0.136034
35.62 	 0.128274
35.63 	 0.118453
35.64 	 0.107655
35.65 	 0.0967515
35.66 	 0.0863431
35.67 	 0.0771065
35.68 	 0.0692074
35.69 	 0.0626115
35.7 	 0.0569492
35.71 	 0.0516933
35.72 	 0.0464263
35.73 	 0.0407013
35.74 	 0.0337746
35.75 	 0.0254701
35.76 	 0.0153865
35.77 	 0.00384397
35.78 	 -0.00864488
35.79 	 -0.0213476
35.8 	 -0.0336925
35.81 	 -0.0452641
35.82 	 -0.0554844
35.83 	 -0.0637299
35.84 	 -0.069346
35.85 	 -0.072098
35.86 	 -0.0720299
35.87 	 -0.0696292
35.88 	 -0.0654887
35.89 	 -0.060409
35.9 	 -0.0548985
35.91 	 -0.0496534
35.92 	 -0.0450287
35.93 	 -0.041372
35.94 	 -0.0388058
35.95 	 -0.0372562
35.96 	 -0.0362371
35.97 	 -0.0352132
35.98 	 -0.0336482
35.99 	 -0.0313294
36 	 -0.0285253
36.01 	 -0.0255108
36.02 	 -0.0226257
36.03 	 -0.019949
36.04 	 -0.0174825
36.05 	 -0.0153495
36.06 	 -0.013586
36.07 	 -0.0120634
36.08 	 -0.0105632
36.09 	 -0.00878295
36.1 	 -0.00639631
36.11 	 -0.00288223
36.12 	 0.00207918
36.13 	 0.00867495
36.14 	 0.016632
36.15 	 0.0253441
36.16 	 0.034331
36.17 	 0.0431308
36.18 	 0.0515549
36.19 	 0.0596127
36.2 	 0.067025
36.21 	 0.0737803
36.22 	 0.0797933
36.23 	 0.0851767
36.24 	 0.0901639
36.25 	 0.0946292
36.26 	 0.0984357
36.27 	 0.101209
36.28 	 0.102607
36.29 	 0.102158
36.3 	 0.0994844
36.31 	 0.0944997
36.32 	 0.0872989
36.33 	 0.0783091
36.34 	 0.0677659
36.35 	 0.0562033
36.36 	 0.0439528
36.37 	 0.0314422
36.38 	 0.019229
36.39 	 0.00774265
36.4 	 -0.00235148
36.41 	 -0.0110877
36.42 	 -0.0186789
36.43 	 -0.0254488
36.44 	 -0.0315613
36.45 	 -0.0368298
36.46 	 -0.0411078
36.47 	 -0.0446323
36.48 	 -0.0473351
36.49 	 -0.0494844
36.5 	 -0.0510282
36.51 	 -0.0519959
36.52 	 -0.05279
36.53 	 -0.0535127
36.54 	 -0.0545285
36.55 	 -0.0559938
36.56 	 -0.0580731
36.57 	 -0.0610589
36.58 	 -0.064835
36.59 	 -0.0692125
36.6 	 -0.0736281
36.61 	 -0.0773557
36.62 	 -0.0797433
36.63 	 -0.0801666
36.64 	 -0.0782886
36.65 	 -0.0739285
36.66 	 -0.0669906
36.67 	 -0.0578249
36.68 	 -0.047089
36.69 	 -0.0357696
36.7 	 -0.0250077
36.71 	 -0.0156443
36.72 	 -0.00843687
36.73 	 -0.00379399
36.74 	 -0.00174994
36.75 	 -0.00209618
36.76 	 -0.00417728
36.77 	 -0.00746456
36.78 	 -0.0110137
36.79 	 -0.0141091
36.8 	 -0.0160731
36.81 	 -0.016514
36.82 	 -0.015655
36.83 	 -0.013729
36.84 	 -0.0114968
36.85 	 -0.00934161
36.86 	 -0.00763398
36.87 	 -0.00694474
36.88 	 -0.00774936
36.89 	 -0.0103459
36.9 	 -0.0146599
36.91 	 -0.020458
36.92 	 -0.0274601
36.93 	 -0.035238
36.94 	 -0.0431736
36.95 	 -0.0508355
36.96 	 -0.0578279
36.97 	 -0.0638397
36.98 	 -0.0686252
36.99 	 -0.0719025
37 	 -0.0734921
37.01 	 -0.0733828
37.02 	 -0.0718651
37.03 	 -0.0691214
37.04 	 -0.0654789
37.05 	 -0.0611862
37.06 	 -0.0565898
37.07 	 -0.0522401
37.08 	 -0.0482931
37.09 	 -0.0451914
37.1 	 -0.043055
37.11 	 -0.0418818
37.12 	 -0.0416371
37.13 	 -0.0417573
37.14 	 -0.0418205
37.15 	 -0.0413255
37.16 	 -0.0400351
37.17 	 -0.0379257
37.18 	 -0.0348632
37.19 	 -0.0309093
37.2 	 -0.0259134
37.21 	 -0.0200388
37.22 	 -0.0134242
37.23 	 -0.00654607
37.24 	 0.000119056
37.25 	 0.006201
37.26 	 0.011404
37.27 	 0.0156441
37.28 	 0.0186708
37.29 	 0.0202587
37.3 	 0.0203295
37.31 	 0.0190821
37.32 	 0.0167268
37.33 	 0.0137098
37.34 	 0.010323
37.35 	 0.00694131
37.36 	 0.00400409
37.37 	 0.00165336
37.38 	 0.000266123
37.39 	 -3.10304e-05
37.4 	 0.000936453
37.41 	 0.00336527
37.42 	 0.00701908
37.43 	 0.0115555
37.44 	 0.0167545
37.45 	 0.0222944
37.46 	 0.0280986
37.47 	 0.0336641
37.48 	 0.038469
37.49 	 0.0422043
37.5 	 0.0444438
37.51 	 0.0450943
37.52 	 0.0441314
37.53 	 0.0418273
37.54 	 0.0385853
37.55 	 0.0348072
37.56 	 0.0308109
37.57 	 0.0269782
37.58 	 0.0236108
37.59 	 0.0208945
37.6 	 0.0187877
37.61 	 0.0170947
37.62 	 0.0156466
37.63 	 0.0142733
37.64 	 0.0130681
37.65 	 0.0122002
37.66 	 0.0117106
37.67 	 0.0119968
37.68 	 0.0129026
37.69 	 0.0146556
37.7 	 0.0171395
37.71 	 0.0202694
37.72 	 0.0240729
37.73 	 0.0281406
37.74 	 0.0322405
37.75 	 0.0359534
37.76 	 0.039054
37.77 	 0.0413419
37.78 	 0.0428606
37.79 	 0.0437231
37.8 	 0.0438647
37.81 	 0.0432263
37.82 	 0.0416078
37.83 	 0.0391119
37.84 	 0.0356345
37.85 	 0.0313886
37.86 	 0.0263505
37.87 	 0.0209062
37.88 	 0.0152053
37.89 	 0.00961048
37.9 	 0.00459266
37.91 	 0.000389893
37.92 	 -0.00249709
37.93 	 -0.00388702
37.94 	 -0.00352674
37.95 	 -0.00138698
37.96 	 0.00230088
37.97 	 0.00734724
37.98 	 0.01321
37.99 	 0.0195892
38 	 0.0258579
38.01 	 0.031622
38.02 	 0.0363429
38.03 	 0.0397221
38.04 	 0.0414971
38.05 	 0.041783
38.06 	 0.0406957
38.07 	 0.0384954
38.08 	 0.0355805
38.09 	 0.032017
38.1 	 0.0281595
38.11 	 0.0240792
38.12 	 0.0199852
38.13 	 0.0160308
38.14 	 0.012411
38.15 	 0.00902114
38.16 	 0.00586124
38.17 	 0.00283306
38.18 	 3.30839e-05
38.19 	 -0.00224154
38.2 	 -0.00400848
38.21 	 -0.00515932
38.22 	 -0.00594102
38.23 	 -0.00650686
38.24 	 -0.0071112
38.25 	 -0.00790235
38.26 	 -0.00901048
38.27 	 -0.0105886
38.28 	 -0.0125987
38.29 	 -0.0150738
38.3 	 -0.0177069
38.31 	 -0.0203202
38.32 	 -0.0224972
38.33 	 -0.0239108
38.34 	 -0.0243423
38.35 	 -0.0235984
38.36 	 -0.0218325
38.37 	 -0.0191755
38.38 	 -0.0159214
38.39 	 -0.0123243
38.4 	 -0.00849904
38.41 	 -0.00481832
38.42 	 -0.00145234
38.43 	 0.00113022
38.44 	 0.00312967
38.45 	 0.00442412
38.46 	 0.00521765
38.47 	 0.00566525
38.48 	 0.00580293
38.49 	 0.00585854
38.5 	 0.00575804
38.51 	 0.00551822
38.52 	 0.00521833
38.53 	 0.00484457
38.54 	 0.00447075
38.55 	 0.00409323
38.56 	 0.00355508
38.57 	 0.00288723
38.58 	 0.00198374
38.59 	 0.000891186
38.6 	 -0.000427219
38.61 	 -0.00188084
38.62 	 -0.00337946
38.63 	 -0.00485869
38.64 	 -0.00625167
38.65 	 -0.00759422
38.66 	 -0.00875782
38.67 	 -0.00966695
38.68 	 -0.0102021
38.69 	 -0.0103989
38.7 	 -0.0102798
38.71 	 -0.0100459
38.72 	 -0.00960995
38.73 	 -0.00911662
38.74 	 -0.00867009
38.75 	 -0.00827883
38.76 	 -0.00810756
38.77 	 -0.00813952
38.78 	 -0.00838034
38.79 	 -0.00882742
38.8 	 -0.00938007
38.81 	 -0.00988949
38.82 	 -0.0105076
38.83 	 -0.0109946
38.84 	 -0.0113946
38.85 	 -0.0115664
38.86 	 -0.0114201
38.87 	 -0.0109886
38.88 	 -0.0102873
38.89 	 -0.00930033
38.9 	 -0.00820479
38.91 	 -0.00708589
38.92 	 -0.00609794
38.93 	 -0.00516684
38.94 	 -0.00434106
38.95 	 -0.00358494
38.96 	 -0.00289294
38.97 	 -0.00233191
38.98 	 -0.00173989
38.99 	 -0.0010984
39 	 -0.000357626
39.01 	 0.000420115
39.02 	 0.00120457
39.03 	 0.00188844
39.04 	 0.00262293
39.05 	 0.00312208
39.06 	 0.00348743
39.07 	 0.0037098
39.08 	 0.00370675
39.09 	 0.00367094
39.1 	 0.00356728
39.11 	 0.00356314
39.12 	 0.00363227
39.13 	 0.00384705
39.14 	 0.00422886
39.15 	 0.00484056
39.16 	 0.00559112
39.17 	 0.00643502
39.18 	 0.00728749
39.19 	 0.00814573
39.2 	 0.0089733
39.21 	 0.00973119
39.22 	 0.0103244
39.23 	 0.0107186
39.24 	 0.010897
39.25 	 0.0108525
39.26 	 0.0106751
39.27 	 0.0102735
39.28 	 0.00979965
39.29 	 0.00911914
39.3 	 0.0083078
39.31 	 0.00747181
39.32 	 0.0064799
39.33 	 0.0056199
39.34 	 0.00472906
39.35 	 0.00391043
39.36 	 0.00318338
39.37 	 0.00246494
39.38 	 0.00192973
39.39 	 0.00144586
39.4 	 0.00101808
39.41 	 0.000741986
39.42 	 0.000527464
39.43 	 0.000465452
39.44 	 0.00045092
39.45 	 0.000393547
39.46 	 0.000383253
39.47 	 0.000378929
39.48 	 0.000338948
39.49 	 0.000302576
39.5 	 0.000205021
39.51 	 4.4944e-05
39.52 	 -0.000120595
39.53 	 -0.000392519
39.54 	 -0.000670807
39.55 	 -0.000931639
39.56 	 -0.00124583
39.57 	 -0.00149998
39.58 	 -0.00175137
39.59 	 -0.00195669
39.6 	 -0.0020661
39.61 	 -0.00218468
39.62 	 -0.00233246
39.63 	 -0.0024994
39.64 	 -0.00266702
39.65 	 -0.00272149
39.66 	 -0.00286195
39.67 	 -0.00291157
39.68 	 -0.00301304
39.69 	 -0.0030489
39.7 	 -0.00309384
39.71 	 -0.0031665
39.72 	 -0.00312914
39.73 	 -0.00313706
39.74 	 -0.00304326
39.75 	 -0.0030517
39.76 	 -0.00300483
39.77 	 -0.00299728
39.78 	 -0.00294911
39.79 	 -0.00287467
39.8 	 -0.00290872
39.81 	 -0.00287965
39.82 	 -0.00290312
39.83 	 -0.00277512
39.84 	 -0.00286046
39.85 	 -0.00252241
39.86 	 -0.00160154
39.87 	 -0.00150273
39.88 	 -0.00164745
