0 	 0.000334339
0.01 	 0.000462563
0.02 	 0.000139519
0.03 	 -3.87082e-05
0.04 	 1.68142e-05
0.05 	 -1.43152e-05
0.06 	 3.45169e-06
0.07 	 -1.14158e-05
0.08 	 -2.86843e-06
0.09 	 -1.12968e-05
0.1 	 -4.67163e-06
0.11 	 -7.1801e-06
0.12 	 2.06152e-06
0.13 	 6.85061e-06
0.14 	 2.20008e-05
0.15 	 3.57977e-05
0.16 	 5.92448e-05
0.17 	 8.31707e-05
0.18 	 0.000115835
0.19 	 0.000149561
0.2 	 0.000190502
0.21 	 0.00023224
0.22 	 0.00027978
0.23 	 0.000328059
0.24 	 0.000381258
0.25 	 0.000435133
0.26 	 0.000493158
0.27 	 0.000551548
0.28 	 0.000613149
0.29 	 0.000674165
0.3 	 0.000736585
0.31 	 0.000796694
0.32 	 0.000855681
0.33 	 0.000909891
0.34 	 0.0009602
0.35 	 0.00100351
0.36 	 0.00104094
0.37 	 0.00107046
0.38 	 0.00109404
0.39 	 0.00111099
0.4 	 0.00112404
0.41 	 0.00113322
0.42 	 0.00114142
0.43 	 0.00114869
0.44 	 0.00115732
0.45 	 0.00116674
0.46 	 0.00117847
0.47 	 0.00119121
0.48 	 0.00120574
0.49 	 0.00122058
0.5 	 0.00123627
0.51 	 0.00125197
0.52 	 0.0012689
0.53 	 0.00128735
0.54 	 0.00130956
0.55 	 0.00133619
0.56 	 0.00136971
0.57 	 0.00141055
0.58 	 0.00146079
0.59 	 0.00152029
0.6 	 0.00158999
0.61 	 0.00166871
0.62 	 0.00175563
0.63 	 0.00184814
0.64 	 0.00194397
0.65 	 0.00203951
0.66 	 0.00213196
0.67 	 0.00221749
0.68 	 0.00229349
0.69 	 0.00235671
0.7 	 0.00240508
0.71 	 0.00243666
0.72 	 0.00245119
0.73 	 0.00244852
0.74 	 0.0024304
0.75 	 0.0023984
0.76 	 0.00235553
0.77 	 0.00230458
0.78 	 0.00224897
0.79 	 0.0021916
0.8 	 0.00213549
0.81 	 0.0020826
0.82 	 0.00203478
0.83 	 0.00199271
0.84 	 0.00195705
0.85 	 0.00192715
0.86 	 0.00190269
0.87 	 0.00188193
0.88 	 0.00186372
0.89 	 0.00184607
0.9 	 0.00182747
0.91 	 0.0018065
0.92 	 0.00178278
0.93 	 0.00175632
0.94 	 0.00172886
0.95 	 0.00170203
0.96 	 0.0016788
0.97 	 0.00166151
0.98 	 0.00165321
0.99 	 0.00165613
1 	 0.00167231
1.01 	 0.00170262
1.02 	 0.00174717
1.03 	 0.00180426
1.04 	 0.00187126
1.05 	 0.00194416
1.06 	 0.00201889
1.07 	 0.00209068
1.08 	 0.0021553
1.09 	 0.00220851
1.1 	 0.00224654
1.11 	 0.00226583
1.12 	 0.00226361
1.13 	 0.00223762
1.14 	 0.00218688
1.15 	 0.00211104
1.16 	 0.00201169
1.17 	 0.00189105
1.18 	 0.0017533
1.19 	 0.00160332
1.2 	 0.00144726
1.21 	 0.00129121
1.22 	 0.00114133
1.23 	 0.00100249
1.24 	 0.000878737
1.25 	 0.000772092
1.26 	 0.000683184
1.27 	 0.000611089
1.28 	 0.000553968
1.29 	 0.000509448
1.3 	 0.00047545
1.31 	 0.000450336
1.32 	 0.000433769
1.33 	 0.000426365
1.34 	 0.000430103
1.35 	 0.000447332
1.36 	 0.00048066
1.37 	 0.000531722
1.38 	 0.000601416
1.39 	 0.000688794
1.4 	 0.000792022
1.41 	 0.000908132
1.42 	 0.00103455
1.43 	 0.00116864
1.44 	 0.00130881
1.45 	 0.00145379
1.46 	 0.00160308
1.47 	 0.00175634
1.48 	 0.00191334
1.49 	 0.00207343
1.5 	 0.00223469
1.51 	 0.00239349
1.52 	 0.00254439
1.53 	 0.00268032
1.54 	 0.0027935
1.55 	 0.00287647
1.56 	 0.00292301
1.57 	 0.00292922
1.58 	 0.00289396
1.59 	 0.00281934
1.6 	 0.00271084
1.61 	 0.00257651
1.62 	 0.00242732
1.63 	 0.00227522
1.64 	 0.00213318
1.65 	 0.00201272
1.66 	 0.00192357
1.67 	 0.00187206
1.68 	 0.00186113
1.69 	 0.00189006
1.7 	 0.0019551
1.71 	 0.00205002
1.72 	 0.00216704
1.73 	 0.0022975
1.74 	 0.00243268
1.75 	 0.00256441
1.76 	 0.00268604
1.77 	 0.00279278
1.78 	 0.00288227
1.79 	 0.00295479
1.8 	 0.0030132
1.81 	 0.00306229
1.82 	 0.00310823
1.83 	 0.00315702
1.84 	 0.00321419
1.85 	 0.0032835
1.86 	 0.00336658
1.87 	 0.00346274
1.88 	 0.00356853
1.89 	 0.00367802
1.9 	 0.00378343
1.91 	 0.00387573
1.92 	 0.00394602
1.93 	 0.00398644
1.94 	 0.00399116
1.95 	 0.00395774
1.96 	 0.00388746
1.97 	 0.00378575
1.98 	 0.00366151
1.99 	 0.00352603
2 	 0.00339233
2.01 	 0.00327266
2.02 	 0.00317843
2.03 	 0.00311816
2.04 	 0.00309756
2.05 	 0.00311899
2.06 	 0.00318101
2.07 	 0.00327866
2.08 	 0.00340358
2.09 	 0.00354463
2.1 	 0.00368954
2.11 	 0.00382596
2.12 	 0.00394337
2.13 	 0.00403415
2.14 	 0.00409395
2.15 	 0.00412205
2.16 	 0.00412098
2.17 	 0.00409652
2.18 	 0.00405716
2.19 	 0.00401265
2.2 	 0.00397337
2.21 	 0.00394808
2.22 	 0.00394308
2.23 	 0.00396119
2.24 	 0.00400156
2.25 	 0.00406098
2.26 	 0.00413411
2.27 	 0.0042149
2.28 	 0.00429724
2.29 	 0.0043755
2.3 	 0.00444525
2.31 	 0.00450342
2.32 	 0.00454853
2.33 	 0.00458045
2.34 	 0.00460041
2.35 	 0.00460992
2.36 	 0.00461091
2.37 	 0.00460495
2.38 	 0.00459295
2.39 	 0.00457508
2.4 	 0.00455048
2.41 	 0.00451731
2.42 	 0.00447378
2.43 	 0.0044181
2.44 	 0.00434979
2.45 	 0.00426872
2.46 	 0.00417509
2.47 	 0.00406802
2.48 	 0.00394607
2.49 	 0.00380671
2.5 	 0.00364782
2.51 	 0.00346791
2.52 	 0.00326664
2.53 	 0.00304494
2.54 	 0.00280492
2.55 	 0.00255043
2.56 	 0.00228771
2.57 	 0.00202558
2.58 	 0.00177528
2.59 	 0.00154881
2.6 	 0.0013577
2.61 	 0.00121131
2.62 	 0.00111595
2.63 	 0.00107438
2.64 	 0.00108593
2.65 	 0.00114653
2.66 	 0.00124918
2.67 	 0.00138373
2.68 	 0.00153869
2.69 	 0.00170194
2.7 	 0.00186222
2.71 	 0.00200996
2.72 	 0.00213691
2.73 	 0.00223673
2.74 	 0.00230482
2.75 	 0.00233885
2.76 	 0.00233971
2.77 	 0.00231172
2.78 	 0.00226295
2.79 	 0.00220422
2.8 	 0.00214734
2.81 	 0.0021035
2.82 	 0.00208174
2.83 	 0.00208734
2.84 	 0.00212136
2.85 	 0.0021797
2.86 	 0.00225351
2.87 	 0.00232943
2.88 	 0.00239085
2.89 	 0.00241974
2.9 	 0.00239912
2.91 	 0.00231514
2.92 	 0.0021591
2.93 	 0.0019281
2.94 	 0.00162484
2.95 	 0.00125724
2.96 	 0.000836987
2.97 	 0.000378711
2.98 	 -0.000101181
2.99 	 -0.000585961
3 	 -0.00105901
3.01 	 -0.00150591
3.02 	 -0.00191479
3.03 	 -0.00227756
3.04 	 -0.0025903
3.05 	 -0.00285304
3.06 	 -0.0030694
3.07 	 -0.00324576
3.08 	 -0.00339011
3.09 	 -0.00351093
3.1 	 -0.00361562
3.11 	 -0.00370945
3.12 	 -0.0037948
3.13 	 -0.0038711
3.14 	 -0.00393488
3.15 	 -0.00398042
3.16 	 -0.00400077
3.17 	 -0.00398878
3.18 	 -0.00393817
3.19 	 -0.00384505
3.2 	 -0.00370838
3.21 	 -0.00353127
3.22 	 -0.0033204
3.23 	 -0.00308635
3.24 	 -0.00284232
3.25 	 -0.00260314
3.26 	 -0.00238355
3.27 	 -0.00219675
3.28 	 -0.0020533
3.29 	 -0.00196013
3.3 	 -0.00191993
3.31 	 -0.00193105
3.32 	 -0.00198697
3.33 	 -0.00207686
3.34 	 -0.00218613
3.35 	 -0.0022983
3.36 	 -0.00239723
3.37 	 -0.00246866
3.38 	 -0.00250145
3.39 	 -0.00248776
3.4 	 -0.00242271
3.41 	 -0.00230403
3.42 	 -0.00213134
3.43 	 -0.00190604
3.44 	 -0.00163019
3.45 	 -0.00130655
3.46 	 -0.000937325
3.47 	 -0.000524676
3.48 	 -7.04853e-05
3.49 	 0.000422706
3.5 	 0.000950746
3.51 	 0.00150763
3.52 	 0.00208502
3.53 	 0.00267249
3.54 	 0.00325777
3.55 	 0.00382737
3.56 	 0.00436697
3.57 	 0.00486267
3.58 	 0.00530129
3.59 	 0.00567172
3.6 	 0.00596486
3.61 	 0.00617445
3.62 	 0.00629671
3.63 	 0.00633115
3.64 	 0.00627991
3.65 	 0.00614818
3.66 	 0.00594314
3.67 	 0.00567355
3.68 	 0.00534886
3.69 	 0.00497824
3.7 	 0.00457088
3.71 	 0.0041353
3.72 	 0.00368025
3.73 	 0.00321494
3.74 	 0.00274954
3.75 	 0.00229476
3.76 	 0.00186128
3.77 	 0.00145892
3.78 	 0.00109594
3.79 	 0.000778345
3.8 	 0.000509161
3.81 	 0.000288237
3.82 	 0.000112251
3.83 	 -2.50577e-05
3.84 	 -0.000131795
3.85 	 -0.000217342
3.86 	 -0.000290662
3.87 	 -0.000359754
3.88 	 -0.000430857
3.89 	 -0.000508137
3.9 	 -0.000594034
3.91 	 -0.000689451
3.92 	 -0.000794145
3.93 	 -0.000906968
3.94 	 -0.00102592
3.95 	 -0.0011485
3.96 	 -0.00127136
3.97 	 -0.00139059
3.98 	 -0.00150084
3.99 	 -0.00159571
4 	 -0.00166736
4.01 	 -0.00170735
4.02 	 -0.00170859
4.03 	 -0.00166617
4.04 	 -0.00157889
4.05 	 -0.00144853
4.06 	 -0.00127943
4.07 	 -0.00107765
4.08 	 -0.000849841
4.09 	 -0.000602947
4.1 	 -0.000343081
4.11 	 -7.49645e-05
4.12 	 0.000198633
4.13 	 0.000477081
4.14 	 0.000760597
4.15 	 0.00104953
4.16 	 0.00134237
4.17 	 0.00163502
4.18 	 0.00192011
4.19 	 0.00218721
4.2 	 0.0024239
4.21 	 0.00261639
4.22 	 0.00275104
4.23 	 0.00281546
4.24 	 0.0028003
4.25 	 0.00270025
4.26 	 0.00251495
4.27 	 0.00224891
4.28 	 0.00191137
4.29 	 0.00151464
4.3 	 0.00107301
4.31 	 0.000600976
4.32 	 0.000112188
4.33 	 -0.000380748
4.34 	 -0.000867466
4.35 	 -0.00133927
4.36 	 -0.00178988
4.37 	 -0.00221547
4.38 	 -0.0026142
4.39 	 -0.00298609
4.4 	 -0.00333189
4.41 	 -0.00365315
4.42 	 -0.0039515
4.43 	 -0.00422945
4.44 	 -0.00449009
4.45 	 -0.00473766
4.46 	 -0.00497706
4.47 	 -0.00521406
4.48 	 -0.0054548
4.49 	 -0.0057057
4.5 	 -0.00597298
4.51 	 -0.00626294
4.52 	 -0.00658132
4.53 	 -0.00693316
4.54 	 -0.00732148
4.55 	 -0.00774692
4.56 	 -0.00820648
4.57 	 -0.00869291
4.58 	 -0.00919526
4.59 	 -0.00969901
4.6 	 -0.0101877
4.61 	 -0.0106437
4.62 	 -0.0110495
4.63 	 -0.0113886
4.64 	 -0.0116468
4.65 	 -0.011813
4.66 	 -0.0118808
4.67 	 -0.0118494
4.68 	 -0.0117239
4.69 	 -0.0115149
4.7 	 -0.0112368
4.71 	 -0.0109069
4.72 	 -0.0105433
4.73 	 -0.010164
4.74 	 -0.00978593
4.75 	 -0.00942392
4.76 	 -0.00908991
4.77 	 -0.00879247
4.78 	 -0.00853585
4.79 	 -0.00832077
4.8 	 -0.00814489
4.81 	 -0.00800413
4.82 	 -0.00789381
4.83 	 -0.00780939
4.84 	 -0.007747
4.85 	 -0.00770356
4.86 	 -0.00767655
4.87 	 -0.0076636
4.88 	 -0.00766169
4.89 	 -0.00766766
4.9 	 -0.00767757
4.91 	 -0.0076872
4.92 	 -0.00769212
4.93 	 -0.00768771
4.94 	 -0.00766982
4.95 	 -0.00763517
4.96 	 -0.00758177
4.97 	 -0.00750944
4.98 	 -0.00741966
4.99 	 -0.00731523
5 	 -0.00719997
5.01 	 -0.00707769
5.02 	 -0.00695213
5.03 	 -0.00682684
5.04 	 -0.00670568
5.05 	 -0.00659289
5.06 	 -0.00649352
5.07 	 -0.00641247
5.08 	 -0.00635451
5.09 	 -0.00632359
5.1 	 -0.00632304
5.11 	 -0.00635539
5.12 	 -0.00642222
5.13 	 -0.00652423
5.14 	 -0.00666068
5.15 	 -0.00682928
5.16 	 -0.00702605
5.17 	 -0.00724541
5.18 	 -0.00748042
5.19 	 -0.00772334
5.2 	 -0.00796574
5.21 	 -0.00819869
5.22 	 -0.00841243
5.23 	 -0.00859608
5.24 	 -0.0087374
5.25 	 -0.00882313
5.26 	 -0.00883967
5.27 	 -0.00877445
5.28 	 -0.00861739
5.29 	 -0.00836231
5.3 	 -0.00800777
5.31 	 -0.00755764
5.32 	 -0.00702093
5.33 	 -0.00641174
5.34 	 -0.00574882
5.35 	 -0.00505468
5.36 	 -0.00435413
5.37 	 -0.00367313
5.38 	 -0.0030362
5.39 	 -0.00246521
5.4 	 -0.00197798
5.41 	 -0.00158752
5.42 	 -0.00130206
5.43 	 -0.00112506
5.44 	 -0.00105581
5.45 	 -0.00109043
5.46 	 -0.00122251
5.47 	 -0.00144405
5.48 	 -0.00174611
5.49 	 -0.00211974
5.5 	 -0.00255618
5.51 	 -0.00304825
5.52 	 -0.00359049
5.53 	 -0.0041801
5.54 	 -0.00481706
5.55 	 -0.00550331
5.56 	 -0.0062423
5.57 	 -0.00703768
5.58 	 -0.00789223
5.59 	 -0.00880692
5.6 	 -0.00977976
5.61 	 -0.0108053
5.62 	 -0.0118745
5.63 	 -0.012974
5.64 	 -0.0140869
5.65 	 -0.0151932
5.66 	 -0.0162718
5.67 	 -0.0173014
5.68 	 -0.0182631
5.69 	 -0.0191412
5.7 	 -0.0199248
5.71 	 -0.0206077
5.72 	 -0.021189
5.73 	 -0.0216713
5.74 	 -0.022061
5.75 	 -0.0223665
5.76 	 -0.0225974
5.77 	 -0.0227639
5.78 	 -0.0228754
5.79 	 -0.0229408
5.8 	 -0.0229671
5.81 	 -0.0229605
5.82 	 -0.0229257
5.83 	 -0.0228663
5.84 	 -0.0227849
5.85 	 -0.0226835
5.86 	 -0.0225632
5.87 	 -0.0224243
5.88 	 -0.0222666
5.89 	 -0.0220895
5.9 	 -0.0218932
5.91 	 -0.0216793
5.92 	 -0.0214514
5.93 	 -0.021217
5.94 	 -0.0209864
5.95 	 -0.0207739
5.96 	 -0.0205967
5.97 	 -0.0204747
5.98 	 -0.0204286
5.99 	 -0.0204788
6 	 -0.020644
6.01 	 -0.0209397
6.02 	 -0.0213776
6.03 	 -0.0219646
6.04 	 -0.0227028
6.05 	 -0.0235892
6.06 	 -0.0246157
6.07 	 -0.0257699
6.08 	 -0.0270347
6.09 	 -0.0283893
6.1 	 -0.02981
6.11 	 -0.0312716
6.12 	 -0.0327493
6.13 	 -0.0342207
6.14 	 -0.0356681
6.15 	 -0.0370789
6.16 	 -0.0384462
6.17 	 -0.0397687
6.18 	 -0.0410494
6.19 	 -0.0422957
6.2 	 -0.0435174
6.21 	 -0.0447252
6.22 	 -0.0459292
6.23 	 -0.0471371
6.24 	 -0.0483536
6.25 	 -0.04958
6.26 	 -0.0508146
6.27 	 -0.0520542
6.28 	 -0.0532942
6.29 	 -0.0545308
6.3 	 -0.0557601
6.31 	 -0.0569791
6.32 	 -0.0581855
6.33 	 -0.0593771
6.34 	 -0.060552
6.35 	 -0.061709
6.36 	 -0.0628469
6.37 	 -0.0639662
6.38 	 -0.0650688
6.39 	 -0.0661588
6.4 	 -0.0672428
6.41 	 -0.0683284
6.42 	 -0.0694241
6.43 	 -0.0705369
6.44 	 -0.0716713
6.45 	 -0.0728267
6.46 	 -0.0739962
6.47 	 -0.0751648
6.48 	 -0.0763092
6.49 	 -0.0773978
6.5 	 -0.0783917
6.51 	 -0.0792469
6.52 	 -0.0799167
6.53 	 -0.0803552
6.54 	 -0.0805202
6.55 	 -0.0803761
6.56 	 -0.0798965
6.57 	 -0.0790665
6.58 	 -0.0778842
6.59 	 -0.076362
6.6 	 -0.0745252
6.61 	 -0.0724107
6.62 	 -0.070065
6.63 	 -0.0675408
6.64 	 -0.0648956
6.65 	 -0.0621881
6.66 	 -0.0594766
6.67 	 -0.0568164
6.68 	 -0.0542577
6.69 	 -0.0518449
6.7 	 -0.0496163
6.71 	 -0.0476037
6.72 	 -0.0458321
6.73 	 -0.0443195
6.74 	 -0.0430758
6.75 	 -0.0421022
6.76 	 -0.0413899
6.77 	 -0.0409191
6.78 	 -0.0406579
6.79 	 -0.04056
6.8 	 -0.0405653
6.81 	 -0.0406029
6.82 	 -0.0405969
6.83 	 -0.0404764
6.84 	 -0.0401818
6.85 	 -0.0396706
6.86 	 -0.0389194
6.87 	 -0.037925
6.88 	 -0.0367036
6.89 	 -0.0352888
6.9 	 -0.0337274
6.91 	 -0.0320732
6.92 	 -0.0303794
6.93 	 -0.0286917
6.94 	 -0.0270422
6.95 	 -0.025447
6.96 	 -0.023906
6.97 	 -0.0224062
6.98 	 -0.0209255
6.99 	 -0.0194379
7 	 -0.0179174
7.01 	 -0.016341
7.02 	 -0.0146909
7.03 	 -0.0129569
7.04 	 -0.0111367
7.05 	 -0.00923694
7.06 	 -0.007272
7.07 	 -0.00526265
7.08 	 -0.00323333
7.09 	 -0.00120981
7.1 	 0.000783625
7.11 	 0.00272607
7.12 	 0.0046013
7.13 	 0.00639908
7.14 	 0.00811551
7.15 	 0.00975377
7.16 	 0.0113236
7.17 	 0.0128399
7.18 	 0.0143205
7.19 	 0.0157826
7.2 	 0.0172404
7.21 	 0.0187018
7.22 	 0.0201685
7.23 	 0.021635
7.24 	 0.0230896
7.25 	 0.0245148
7.26 	 0.0258891
7.27 	 0.0271903
7.28 	 0.0283973
7.29 	 0.0294941
7.3 	 0.030472
7.31 	 0.0313322
7.32 	 0.0320875
7.33 	 0.032763
7.34 	 0.0333967
7.35 	 0.0340368
7.36 	 0.0347391
7.37 	 0.0355632
7.38 	 0.0365675
7.39 	 0.0378055
7.4 	 0.0393203
7.41 	 0.0411412
7.42 	 0.043281
7.43 	 0.0457365
7.44 	 0.0484905
7.45 	 0.051514
7.46 	 0.0547695
7.47 	 0.0582135
7.48 	 0.0618003
7.49 	 0.0654853
7.5 	 0.0692278
7.51 	 0.0729927
7.52 	 0.0767505
7.53 	 0.0804768
7.54 	 0.0841504
7.55 	 0.0877533
7.56 	 0.0912685
7.57 	 0.0946813
7.58 	 0.0979782
7.59 	 0.101148
7.6 	 0.104181
7.61 	 0.107069
7.62 	 0.109805
7.63 	 0.112384
7.64 	 0.114796
7.65 	 0.117034
7.66 	 0.119086
7.67 	 0.120939
7.68 	 0.122579
7.69 	 0.123988
7.7 	 0.12515
7.71 	 0.126045
7.72 	 0.126657
7.73 	 0.12697
7.74 	 0.126971
7.75 	 0.12665
7.76 	 0.126002
7.77 	 0.125029
7.78 	 0.123739
7.79 	 0.122145
7.8 	 0.120268
7.81 	 0.118137
7.82 	 0.115785
7.83 	 0.113252
7.84 	 0.110583
7.85 	 0.10783
7.86 	 0.105044
7.87 	 0.102272
7.88 	 0.099552
7.89 	 0.0969067
7.9 	 0.094347
7.91 	 0.0918699
7.92 	 0.0894598
7.93 	 0.0870886
7.94 	 0.084717
7.95 	 0.0822984
7.96 	 0.0797829
7.97 	 0.0771226
7.98 	 0.0742761
7.99 	 0.0712113
8 	 0.0679059
8.01 	 0.064348
8.02 	 0.0605345
8.03 	 0.0564704
8.04 	 0.0521679
8.05 	 0.0476462
8.06 	 0.0429318
8.07 	 0.0380599
8.08 	 0.0330775
8.09 	 0.0280462
8.1 	 0.0230404
8.11 	 0.0181442
8.12 	 0.0134448
8.13 	 0.0090266
8.14 	 0.00496842
8.15 	 0.00133965
8.16 	 -0.00180347
8.17 	 -0.00442332
8.18 	 -0.00650371
8.19 	 -0.00805012
8.2 	 -0.00908666
8.21 	 -0.00965133
8.22 	 -0.00979135
8.23 	 -0.00955898
8.24 	 -0.00900818
8.25 	 -0.00819296
8.26 	 -0.00716543
8.27 	 -0.00597504
8.28 	 -0.00466887
8.29 	 -0.00329121
8.3 	 -0.00188496
8.31 	 -0.000490447
8.32 	 0.000854853
8.33 	 0.00211736
8.34 	 0.00326924
8.35 	 0.0042888
8.36 	 0.00516188
8.37 	 0.00588179
8.38 	 0.00644936
8.39 	 0.00687248
8.4 	 0.00716532
8.41 	 0.00734775
8.42 	 0.00744401
8.43 	 0.00748189
8.44 	 0.00749086
8.45 	 0.00750079
8.46 	 0.00754071
8.47 	 0.00763752
8.48 	 0.0078154
8.49 	 0.00809536
8.5 	 0.00849412
8.51 	 0.00902452
8.52 	 0.0096945
8.53 	 0.0105078
8.54 	 0.0114641
8.55 	 0.012559
8.56 	 0.0137844
8.57 	 0.0151286
8.58 	 0.0165764
8.59 	 0.0181093
8.6 	 0.0197055
8.61 	 0.0213414
8.62 	 0.0229913
8.63 	 0.0246287
8.64 	 0.0262271
8.65 	 0.0277605
8.66 	 0.0292045
8.67 	 0.0305366
8.68 	 0.0317381
8.69 	 0.0327935
8.7 	 0.0336918
8.71 	 0.0344259
8.72 	 0.0349932
8.73 	 0.0353953
8.74 	 0.0356383
8.75 	 0.0357322
8.76 	 0.03569
8.77 	 0.0355267
8.78 	 0.0352577
8.79 	 0.0348979
8.8 	 0.034461
8.81 	 0.0339594
8.82 	 0.0334038
8.83 	 0.0328037
8.84 	 0.0321673
8.85 	 0.0315021
8.86 	 0.0308148
8.87 	 0.030112
8.88 	 0.0294007
8.89 	 0.0286895
8.9 	 0.0279882
8.91 	 0.0273079
8.92 	 0.0266611
8.93 	 0.0260609
8.94 	 0.0255212
8.95 	 0.0250567
8.96 	 0.0246829
8.97 	 0.0244153
8.98 	 0.0242693
8.99 	 0.0242593
9 	 0.0243989
9.01 	 0.0246999
9.02 	 0.0251724
9.03 	 0.025824
9.04 	 0.0266592
9.05 	 0.0276788
9.06 	 0.0288793
9.07 	 0.030252
9.08 	 0.0317844
9.09 	 0.0334594
9.1 	 0.0352569
9.11 	 0.0371537
9.12 	 0.0391247
9.13 	 0.0411435
9.14 	 0.0431833
9.15 	 0.0452179
9.16 	 0.0472222
9.17 	 0.049173
9.18 	 0.051048
9.19 	 0.052827
9.2 	 0.0544904
9.21 	 0.0560194
9.22 	 0.0573956
9.23 	 0.0586009
9.24 	 0.0596179
9.25 	 0.0604302
9.26 	 0.0610231
9.27 	 0.0613839
9.28 	 0.0615025
9.29 	 0.0613708
9.3 	 0.0609834
9.31 	 0.0603368
9.32 	 0.0594292
9.33 	 0.058261
9.34 	 0.0568331
9.35 	 0.0551482
9.36 	 0.0532099
9.37 	 0.0510233
9.38 	 0.0485953
9.39 	 0.0459351
9.4 	 0.0430554
9.41 	 0.0399723
9.42 	 0.0367066
9.43 	 0.0332841
9.44 	 0.0297356
9.45 	 0.0260961
9.46 	 0.0224041
9.47 	 0.0186974
9.48 	 0.0150107
9.49 	 0.0113729
9.5 	 0.00780578
9.51 	 0.00432418
9.52 	 0.00093578
9.53 	 -0.00235821
9.54 	 -0.00556128
9.55 	 -0.00867962
9.56 	 -0.0117186
9.57 	 -0.0146803
9.58 	 -0.0175615
9.59 	 -0.0203536
9.6 	 -0.0230432
9.61 	 -0.0256144
9.62 	 -0.0280524
9.63 	 -0.0303454
9.64 	 -0.0324873
9.65 	 -0.0344786
9.66 	 -0.0363257
9.67 	 -0.0380409
9.68 	 -0.0396399
9.69 	 -0.0411398
9.7 	 -0.0425562
9.71 	 -0.0439006
9.72 	 -0.045179
9.73 	 -0.0463915
9.74 	 -0.0475321
9.75 	 -0.0485912
9.76 	 -0.049556
9.77 	 -0.0504129
9.78 	 -0.0511492
9.79 	 -0.051755
9.8 	 -0.0522237
9.81 	 -0.0525531
9.82 	 -0.0527459
9.83 	 -0.0528078
9.84 	 -0.0527475
9.85 	 -0.0525746
9.86 	 -0.0522988
9.87 	 -0.0519298
9.88 	 -0.0514757
9.89 	 -0.0509435
9.9 	 -0.0503384
9.91 	 -0.0496636
9.92 	 -0.0489203
9.93 	 -0.0481077
9.94 	 -0.0472242
9.95 	 -0.0462681
9.96 	 -0.0452382
9.97 	 -0.0441351
9.98 	 -0.0429616
9.99 	 -0.041723
10 	 -0.0404278
10.01 	 -0.039087
10.02 	 -0.0377143
10.03 	 -0.0363254
10.04 	 -0.0349367
10.05 	 -0.0335649
10.06 	 -0.0322251
10.07 	 -0.030931
10.08 	 -0.0296939
10.09 	 -0.0285226
10.1 	 -0.027424
10.11 	 -0.0264027
10.12 	 -0.0254623
10.13 	 -0.024605
10.14 	 -0.0238324
10.15 	 -0.0231458
10.16 	 -0.0225456
10.17 	 -0.0220312
10.18 	 -0.0216002
10.19 	 -0.0212479
10.2 	 -0.0209665
10.21 	 -0.020745
10.22 	 -0.0205697
10.23 	 -0.0204244
10.24 	 -0.0202909
10.25 	 -0.0201511
10.26 	 -0.0199873
10.27 	 -0.019784
10.28 	 -0.0195293
10.29 	 -0.0192157
10.3 	 -0.0188411
10.31 	 -0.0184086
10.32 	 -0.0179258
10.33 	 -0.0174043
10.34 	 -0.0168579
10.35 	 -0.0163013
10.36 	 -0.0157482
10.37 	 -0.01521
10.38 	 -0.0146945
10.39 	 -0.0142057
10.4 	 -0.013743
10.41 	 -0.0133023
10.42 	 -0.0128766
10.43 	 -0.0124568
10.44 	 -0.0120332
10.45 	 -0.011596
10.46 	 -0.0111365
10.47 	 -0.0106474
10.48 	 -0.0101237
10.49 	 -0.00956195
10.5 	 -0.00896069
10.51 	 -0.00831933
10.52 	 -0.00763841
10.53 	 -0.00691876
10.54 	 -0.00616123
10.55 	 -0.00536658
10.56 	 -0.00453502
10.57 	 -0.00366614
10.58 	 -0.00275831
10.59 	 -0.00180881
10.6 	 -0.000813527
10.61 	 0.000232344
10.62 	 0.00133433
10.63 	 0.0024977
10.64 	 0.00372662
10.65 	 0.00502323
10.66 	 0.00638638
10.67 	 0.00781153
10.68 	 0.00929045
10.69 	 0.0108113
10.7 	 0.0123592
10.71 	 0.013917
10.72 	 0.0154661
10.73 	 0.0169879
10.74 	 0.0184646
10.75 	 0.0198804
10.76 	 0.0212217
10.77 	 0.0224779
10.78 	 0.0236414
10.79 	 0.0247077
10.8 	 0.0256764
10.81 	 0.0265504
10.82 	 0.0273367
10.83 	 0.0280457
10.84 	 0.0286908
10.85 	 0.0292876
10.86 	 0.029853
10.87 	 0.0304032
10.88 	 0.0309518
10.89 	 0.0315075
10.9 	 0.0320734
10.91 	 0.032646
10.92 	 0.033216
10.93 	 0.0337685
10.94 	 0.0342844
10.95 	 0.034742
10.96 	 0.0351184
10.97 	 0.0353919
10.98 	 0.0355436
10.99 	 0.0355581
11 	 0.0354247
11.01 	 0.0351372
11.02 	 0.0346936
11.03 	 0.0340965
11.04 	 0.0333525
11.05 	 0.0324718
11.06 	 0.0314682
11.07 	 0.0303587
11.08 	 0.0291631
11.09 	 0.0279031
11.1 	 0.0266022
11.11 	 0.0252838
11.12 	 0.0239699
11.13 	 0.02268
11.14 	 0.02143
11.15 	 0.0202308
11.16 	 0.019089
11.17 	 0.0180068
11.18 	 0.0169826
11.19 	 0.0160119
11.2 	 0.0150876
11.21 	 0.0142012
11.22 	 0.0133431
11.23 	 0.0125036
11.24 	 0.0116735
11.25 	 0.0108444
11.26 	 0.010009
11.27 	 0.00916084
11.28 	 0.00829495
11.29 	 0.00740757
11.3 	 0.00649724
11.31 	 0.00556458
11.32 	 0.00461334
11.33 	 0.00365005
11.34 	 0.00268428
11.35 	 0.00172792
11.36 	 0.000794276
11.37 	 -0.00010336
11.38 	 -0.000952726
11.39 	 -0.00174432
11.4 	 -0.00247228
11.41 	 -0.00313515
11.42 	 -0.0037362
11.43 	 -0.00428298
11.44 	 -0.00478662
11.45 	 -0.00526058
11.46 	 -0.00571936
11.47 	 -0.00617708
11.48 	 -0.00664621
11.49 	 -0.00713642
11.5 	 -0.00765415
11.51 	 -0.00820214
11.52 	 -0.00877999
11.53 	 -0.00938463
11.54 	 -0.0100113
11.55 	 -0.0106546
11.56 	 -0.011309
11.57 	 -0.0119697
11.58 	 -0.0126325
11.59 	 -0.0132948
11.6 	 -0.0139545
11.61 	 -0.014611
11.62 	 -0.0152643
11.63 	 -0.0159146
11.64 	 -0.0165622
11.65 	 -0.0172068
11.66 	 -0.017847
11.67 	 -0.0184803
11.68 	 -0.0191023
11.69 	 -0.0197069
11.7 	 -0.020286
11.71 	 -0.0208299
11.72 	 -0.0213268
11.73 	 -0.0217641
11.74 	 -0.0221282
11.75 	 -0.0224059
11.76 	 -0.0225849
11.77 	 -0.0226539
11.78 	 -0.0226039
11.79 	 -0.0224276
11.8 	 -0.0221205
11.81 	 -0.0216805
11.82 	 -0.0211076
11.83 	 -0.0204044
11.84 	 -0.0195758
11.85 	 -0.0186286
11.86 	 -0.0175714
11.87 	 -0.0164136
11.88 	 -0.0151655
11.89 	 -0.0138377
11.9 	 -0.0124408
11.91 	 -0.0109855
11.92 	 -0.00948247
11.93 	 -0.00794226
11.94 	 -0.0063752
11.95 	 -0.00479117
11.96 	 -0.00319972
11.97 	 -0.00161007
11.98 	 -3.1497e-05
11.99 	 0.00152643
12 	 0.00305413
12.01 	 0.0045419
12.02 	 0.00598046
12.03 	 0.00736051
12.04 	 0.0086733
12.05 	 0.00991009
12.06 	 0.0110626
12.07 	 0.0121226
12.08 	 0.0130824
12.09 	 0.0139346
12.1 	 0.014672
12.11 	 0.015288
12.12 	 0.0157764
12.13 	 0.0161319
12.14 	 0.0163499
12.15 	 0.0164273
12.16 	 0.0163625
12.17 	 0.0161553
12.18 	 0.0158077
12.19 	 0.0153232
12.2 	 0.0147075
12.21 	 0.0139678
12.22 	 0.0131128
12.23 	 0.0121523
12.24 	 0.0110969
12.25 	 0.00995731
12.26 	 0.00874426
12.27 	 0.00746836
12.28 	 0.00613987
12.29 	 0.004769
12.3 	 0.00336564
12.31 	 0.0019397
12.32 	 0.00050093
12.33 	 -0.000941217
12.34 	 -0.00237732
12.35 	 -0.00379821
12.36 	 -0.00519473
12.37 	 -0.0065579
12.38 	 -0.00787864
12.39 	 -0.0091478
12.4 	 -0.0103558
12.41 	 -0.0114925
12.42 	 -0.0125471
12.43 	 -0.013508
12.44 	 -0.0143632
12.45 	 -0.0151006
12.46 	 -0.015709
12.47 	 -0.016179
12.48 	 -0.0165045
12.49 	 -0.0166835
12.5 	 -0.0167191
12.51 	 -0.0166203
12.52 	 -0.0164014
12.53 	 -0.0160813
12.54 	 -0.0156825
12.55 	 -0.0152298
12.56 	 -0.014749
12.57 	 -0.014265
12.58 	 -0.0138006
12.59 	 -0.0133754
12.6 	 -0.0130045
12.61 	 -0.0126979
12.62 	 -0.0124601
12.63 	 -0.0122899
12.64 	 -0.0121814
12.65 	 -0.0121241
12.66 	 -0.0121045
12.67 	 -0.0121073
12.68 	 -0.0121165
12.69 	 -0.0121172
12.7 	 -0.0120969
12.71 	 -0.0120467
12.72 	 -0.0119624
12.73 	 -0.011845
12.74 	 -0.0117006
12.75 	 -0.0115397
12.76 	 -0.0113763
12.77 	 -0.011226
12.78 	 -0.0111052
12.79 	 -0.0110292
12.8 	 -0.0110116
12.81 	 -0.0110628
12.82 	 -0.01119
12.83 	 -0.0113962
12.84 	 -0.0116804
12.85 	 -0.0120379
12.86 	 -0.0124605
12.87 	 -0.0129373
12.88 	 -0.0134555
12.89 	 -0.0140006
12.9 	 -0.0145579
12.91 	 -0.0151129
12.92 	 -0.0156528
12.93 	 -0.0161674
12.94 	 -0.0166494
12.95 	 -0.0170949
12.96 	 -0.0175035
12.97 	 -0.0178771
12.98 	 -0.01822
12.99 	 -0.0185378
13 	 -0.0188369
13.01 	 -0.0191234
13.02 	 -0.019403
13.03 	 -0.0196806
13.04 	 -0.0199597
13.05 	 -0.0202433
13.06 	 -0.0205336
13.07 	 -0.0208324
13.08 	 -0.0211415
13.09 	 -0.0214626
13.1 	 -0.0217967
13.11 	 -0.022145
13.12 	 -0.0225077
13.13 	 -0.0228847
13.14 	 -0.0232752
13.15 	 -0.0236776
13.16 	 -0.0240902
13.17 	 -0.0245107
13.18 	 -0.0249368
13.19 	 -0.0253664
13.2 	 -0.0257974
13.21 	 -0.0262287
13.22 	 -0.0266597
13.23 	 -0.0270908
13.24 	 -0.0275232
13.25 	 -0.0279586
13.26 	 -0.0283995
13.27 	 -0.0288485
13.28 	 -0.029308
13.29 	 -0.0297799
13.3 	 -0.0302653
13.31 	 -0.0307639
13.32 	 -0.0312733
13.33 	 -0.0317893
13.34 	 -0.0323052
13.35 	 -0.0328122
13.36 	 -0.0332997
13.37 	 -0.0337557
13.38 	 -0.0341673
13.39 	 -0.0345225
13.4 	 -0.0348104
13.41 	 -0.0350231
13.42 	 -0.0351559
13.43 	 -0.0352085
13.44 	 -0.0351852
13.45 	 -0.0350939
13.46 	 -0.034947
13.47 	 -0.0347593
13.48 	 -0.0345473
13.49 	 -0.0343282
13.5 	 -0.0341182
13.51 	 -0.033932
13.52 	 -0.0337817
13.53 	 -0.0336767
13.54 	 -0.0336233
13.55 	 -0.0336254
13.56 	 -0.0336846
13.57 	 -0.0338007
13.58 	 -0.0339729
13.59 	 -0.0341998
13.6 	 -0.0344802
13.61 	 -0.0348131
13.62 	 -0.0351982
13.63 	 -0.0356355
13.64 	 -0.036125
13.65 	 -0.0366668
13.66 	 -0.0372607
13.67 	 -0.0379056
13.68 	 -0.0385995
13.69 	 -0.0393391
13.7 	 -0.0401198
13.71 	 -0.0409352
13.72 	 -0.041778
13.73 	 -0.0426394
13.74 	 -0.0435102
13.75 	 -0.044381
13.76 	 -0.0452422
13.77 	 -0.0460851
13.78 	 -0.0469011
13.79 	 -0.0476824
13.8 	 -0.0484219
13.81 	 -0.0491128
13.82 	 -0.049749
13.83 	 -0.0503247
13.84 	 -0.0508345
13.85 	 -0.0512726
13.86 	 -0.051634
13.87 	 -0.0519134
13.88 	 -0.0521064
13.89 	 -0.0522091
13.9 	 -0.0522191
13.91 	 -0.0521354
13.92 	 -0.0519588
13.93 	 -0.0516925
13.94 	 -0.0513411
13.95 	 -0.0509111
13.96 	 -0.0504098
13.97 	 -0.0498446
13.98 	 -0.0492232
13.99 	 -0.0485525
14 	 -0.0478384
14.01 	 -0.0470848
14.02 	 -0.0462939
14.03 	 -0.0454659
14.04 	 -0.0446
14.05 	 -0.0436945
14.06 	 -0.0427486
14.07 	 -0.0417625
14.08 	 -0.0407382
14.09 	 -0.03968
14.1 	 -0.0385942
14.11 	 -0.0374895
14.12 	 -0.0363761
14.13 	 -0.0352652
14.14 	 -0.0341686
14.15 	 -0.0330974
14.16 	 -0.0320619
14.17 	 -0.0310704
14.18 	 -0.0301291
14.19 	 -0.0292416
14.2 	 -0.0284095
14.21 	 -0.0276324
14.22 	 -0.0269085
14.23 	 -0.0262354
14.24 	 -0.0256105
14.25 	 -0.0250317
14.26 	 -0.024498
14.27 	 -0.0240098
14.28 	 -0.0235686
14.29 	 -0.0231776
14.3 	 -0.0228407
14.31 	 -0.0225624
14.32 	 -0.0223474
14.33 	 -0.0221995
14.34 	 -0.0221211
14.35 	 -0.0221125
14.36 	 -0.022171
14.37 	 -0.0222903
14.38 	 -0.022461
14.39 	 -0.0226701
14.4 	 -0.0229017
14.41 	 -0.0231373
14.42 	 -0.0233563
14.43 	 -0.0235367
14.44 	 -0.0236564
14.45 	 -0.023694
14.46 	 -0.0236304
14.47 	 -0.0234492
14.48 	 -0.023138
14.49 	 -0.0226885
14.5 	 -0.0220972
14.51 	 -0.0213646
14.52 	 -0.0204958
14.53 	 -0.0194992
14.54 	 -0.018386
14.55 	 -0.0171694
14.56 	 -0.0158638
14.57 	 -0.0144839
14.58 	 -0.0130445
14.59 	 -0.0115596
14.6 	 -0.0100426
14.61 	 -0.00850599
14.62 	 -0.00696149
14.63 	 -0.00541989
14.64 	 -0.00389093
14.65 	 -0.00238326
14.66 	 -0.00090427
14.67 	 0.000540342
14.68 	 0.00194634
14.69 	 0.00331138
14.7 	 0.00463511
14.71 	 0.00591861
14.72 	 0.00716463
14.73 	 0.00837659
14.74 	 0.00955836
14.75 	 0.0107138
14.76 	 0.0118461
14.77 	 0.0129572
14.78 	 0.0140478
14.79 	 0.0151168
14.8 	 0.0161616
14.81 	 0.0171786
14.82 	 0.0181635
14.83 	 0.0191114
14.84 	 0.0200178
14.85 	 0.0208782
14.86 	 0.0216892
14.87 	 0.0224476
14.88 	 0.0231517
14.89 	 0.0238001
14.9 	 0.0243927
14.91 	 0.0249294
14.92 	 0.0254109
14.93 	 0.0258382
14.94 	 0.0262128
14.95 	 0.0265364
14.96 	 0.0268116
14.97 	 0.027041
14.98 	 0.0272275
14.99 	 0.0273744
15 	 0.0274844
15.01 	 0.0275603
15.02 	 0.0276037
15.03 	 0.0276161
15.04 	 0.0275975
15.05 	 0.0275473
15.06 	 0.0274644
15.07 	 0.0273472
15.08 	 0.0271942
15.09 	 0.0270042
15.1 	 0.0267771
15.11 	 0.0265134
15.12 	 0.0262151
15.13 	 0.0258852
15.14 	 0.0255277
15.15 	 0.0251471
15.16 	 0.0247482
15.17 	 0.0243359
15.18 	 0.0239143
15.19 	 0.0234867
15.2 	 0.0230555
15.21 	 0.0226215
15.22 	 0.0221845
15.23 	 0.021743
15.24 	 0.0212946
15.25 	 0.0208362
15.26 	 0.0203642
15.27 	 0.0198745
15.28 	 0.0193631
15.29 	 0.0188262
15.3 	 0.0182603
15.31 	 0.0176628
15.32 	 0.0170321
15.33 	 0.0163678
15.34 	 0.0156711
15.35 	 0.0149449
15.36 	 0.014194
15.37 	 0.0134251
15.38 	 0.012646
15.39 	 0.011866
15.4 	 0.0110948
15.41 	 0.0103416
15.42 	 0.00961528
15.43 	 0.00892278
15.44 	 0.00826948
15.45 	 0.00765842
15.46 	 0.00709038
15.47 	 0.00656366
15.48 	 0.00607458
15.49 	 0.00561756
15.5 	 0.00518587
15.51 	 0.00477186
15.52 	 0.00436746
15.53 	 0.00396489
15.54 	 0.00355667
15.55 	 0.00313617
15.56 	 0.00269767
15.57 	 0.0022363
15.58 	 0.00174834
15.59 	 0.00123079
15.6 	 0.00068156
15.61 	 9.93138e-05
15.62 	 -0.000516769
15.63 	 -0.00116685
15.64 	 -0.00185051
15.65 	 -0.00256634
15.66 	 -0.00331205
15.67 	 -0.00408413
15.68 	 -0.00487816
15.69 	 -0.00568875
15.7 	 -0.00650991
15.71 	 -0.0073352
15.72 	 -0.00815787
15.73 	 -0.0089712
15.74 	 -0.00976887
15.75 	 -0.0105452
15.76 	 -0.0112953
15.77 	 -0.0120151
15.78 	 -0.0127012
15.79 	 -0.0133512
15.8 	 -0.0139632
15.81 	 -0.0145362
15.82 	 -0.0150699
15.83 	 -0.0155649
15.84 	 -0.0160229
15.85 	 -0.0164464
15.86 	 -0.016839
15.87 	 -0.0172045
15.88 	 -0.0175474
15.89 	 -0.0178719
15.9 	 -0.0181817
15.91 	 -0.0184803
15.92 	 -0.0187695
15.93 	 -0.0190509
15.94 	 -0.0193245
15.95 	 -0.0195897
15.96 	 -0.0198452
15.97 	 -0.0200895
15.98 	 -0.0203205
15.99 	 -0.0205368
16 	 -0.0207372
16.01 	 -0.0209211
16.02 	 -0.021088
16.03 	 -0.021238
16.04 	 -0.0213713
16.05 	 -0.021488
16.06 	 -0.0215879
16.07 	 -0.0216703
16.08 	 -0.021734
16.09 	 -0.0217772
16.1 	 -0.0217978
16.11 	 -0.0217935
16.12 	 -0.0217619
16.13 	 -0.0217012
16.14 	 -0.0216102
16.15 	 -0.0214889
16.16 	 -0.0213382
16.17 	 -0.0211602
16.18 	 -0.0209581
16.19 	 -0.0207357
16.2 	 -0.0204972
16.21 	 -0.0202471
16.22 	 -0.0199896
16.23 	 -0.0197286
16.24 	 -0.0194674
16.25 	 -0.0192085
16.26 	 -0.0189531
16.27 	 -0.0187022
16.28 	 -0.0184553
16.29 	 -0.0182116
16.3 	 -0.0179697
16.31 	 -0.0177276
16.32 	 -0.0174831
16.33 	 -0.0172337
16.34 	 -0.0169768
16.35 	 -0.0167093
16.36 	 -0.0164281
16.37 	 -0.0161301
16.38 	 -0.015812
16.39 	 -0.0154709
16.4 	 -0.015104
16.41 	 -0.0147091
16.42 	 -0.0142848
16.43 	 -0.0138305
16.44 	 -0.0133466
16.45 	 -0.0128346
16.46 	 -0.0122973
16.47 	 -0.0117386
16.48 	 -0.0111634
16.49 	 -0.0105771
16.5 	 -0.0099851
16.51 	 -0.00939276
16.52 	 -0.00880486
16.53 	 -0.00822522
16.54 	 -0.00765658
16.55 	 -0.00710026
16.56 	 -0.00655642
16.57 	 -0.00602343
16.58 	 -0.0054984
16.59 	 -0.00497711
16.6 	 -0.00445445
16.61 	 -0.0039247
16.62 	 -0.00338204
16.63 	 -0.0028209
16.64 	 -0.00223631
16.65 	 -0.00162409
16.66 	 -0.000981399
16.67 	 -0.000306673
16.68 	 0.000400323
16.69 	 0.00113859
16.7 	 0.00190632
16.71 	 0.00270062
16.72 	 0.00351848
16.73 	 0.00435653
16.74 	 0.0052114
16.75 	 0.00608008
16.76 	 0.00695956
16.77 	 0.00784733
16.78 	 0.0087407
16.79 	 0.00963729
16.8 	 0.0105349
16.81 	 0.0114314
16.82 	 0.0123251
16.83 	 0.0132142
16.84 	 0.0140975
16.85 	 0.0149741
16.86 	 0.0158433
16.87 	 0.0167048
16.88 	 0.0175585
16.89 	 0.0184049
16.9 	 0.0192445
16.91 	 0.0200782
16.92 	 0.0209072
16.93 	 0.0217323
16.94 	 0.022555
16.95 	 0.0233762
16.96 	 0.024197
16.97 	 0.0250181
16.98 	 0.0258399
16.99 	 0.0266622
17 	 0.0274842
17.01 	 0.0283045
17.02 	 0.0291209
17.03 	 0.0299307
17.04 	 0.0307303
17.05 	 0.0315157
17.06 	 0.0322829
17.07 	 0.0330272
17.08 	 0.0337444
17.09 	 0.0344303
17.1 	 0.0350813
17.11 	 0.035694
17.12 	 0.036266
17.13 	 0.0367955
17.14 	 0.0372819
17.15 	 0.0377254
17.16 	 0.038127
17.17 	 0.0384888
17.18 	 0.0388138
17.19 	 0.0391055
17.2 	 0.039368
17.21 	 0.0396058
17.22 	 0.0398229
17.23 	 0.0400235
17.24 	 0.0402111
17.25 	 0.0403886
17.26 	 0.0405582
17.27 	 0.0407214
17.28 	 0.0408791
17.29 	 0.0410317
17.3 	 0.0411793
17.31 	 0.0413218
17.32 	 0.0414586
17.33 	 0.0415892
17.34 	 0.0417129
17.35 	 0.0418285
17.36 	 0.0419349
17.37 	 0.0420301
17.38 	 0.0421121
17.39 	 0.042178
17.4 	 0.0422248
17.41 	 0.0422488
17.42 	 0.0422465
17.43 	 0.0422142
17.44 	 0.042148
17.45 	 0.0420447
17.46 	 0.0419011
17.47 	 0.0417146
17.48 	 0.041483
17.49 	 0.0412048
17.5 	 0.0408793
17.51 	 0.0405066
17.52 	 0.0400872
17.53 	 0.0396229
17.54 	 0.0391159
17.55 	 0.0385689
17.56 	 0.0379857
17.57 	 0.0373701
17.58 	 0.0367267
17.59 	 0.0360602
17.6 	 0.0353751
17.61 	 0.0346765
17.62 	 0.0339689
17.63 	 0.0332567
17.64 	 0.0325443
17.65 	 0.0318353
17.66 	 0.0311332
17.67 	 0.0304409
17.68 	 0.029761
17.69 	 0.0290955
17.7 	 0.0284458
17.71 	 0.0278132
17.72 	 0.0271986
17.73 	 0.0266033
17.74 	 0.0260282
17.75 	 0.0254752
17.76 	 0.0249464
17.77 	 0.0244448
17.78 	 0.0239738
17.79 	 0.0235371
17.8 	 0.0231391
17.81 	 0.0227837
17.82 	 0.0224747
17.83 	 0.0222149
17.84 	 0.0220064
17.85 	 0.0218497
17.86 	 0.0217441
17.87 	 0.0216876
17.88 	 0.0216771
17.89 	 0.0217086
17.9 	 0.0217778
17.91 	 0.0218801
17.92 	 0.0220113
17.93 	 0.0221673
17.94 	 0.0223447
17.95 	 0.0225405
17.96 	 0.0227522
17.97 	 0.0229775
17.98 	 0.0232142
17.99 	 0.0234601
18 	 0.0237123
18.01 	 0.0239679
18.02 	 0.0242234
18.03 	 0.0244749
18.04 	 0.0247183
18.05 	 0.0249489
18.06 	 0.0251623
18.07 	 0.025354
18.08 	 0.0255201
18.09 	 0.0256571
18.1 	 0.0257626
18.11 	 0.0258353
18.12 	 0.0258751
18.13 	 0.0258833
18.14 	 0.0258623
18.15 	 0.0258157
18.16 	 0.0257477
18.17 	 0.0256635
18.18 	 0.0255676
18.19 	 0.0254647
18.2 	 0.0253582
18.21 	 0.0252504
18.22 	 0.0251425
18.23 	 0.0250342
18.24 	 0.0249244
18.25 	 0.0248109
18.26 	 0.0246915
18.27 	 0.0245637
18.28 	 0.0244257
18.29 	 0.0242764
18.3 	 0.0241163
18.31 	 0.0239464
18.32 	 0.0237695
18.33 	 0.0235891
18.34 	 0.023409
18.35 	 0.0232335
18.36 	 0.0230667
18.37 	 0.022912
18.38 	 0.0227722
18.39 	 0.0226492
18.4 	 0.0225439
18.41 	 0.0224564
18.42 	 0.0223861
18.43 	 0.022332
18.44 	 0.022293
18.45 	 0.0222681
18.46 	 0.0222565
18.47 	 0.0222581
18.48 	 0.0222728
18.49 	 0.0223012
18.5 	 0.0223441
18.51 	 0.0224022
18.52 	 0.0224761
18.53 	 0.0225662
18.54 	 0.0226722
18.55 	 0.022793
18.56 	 0.0229269
18.57 	 0.023071
18.58 	 0.0232217
18.59 	 0.023375
18.6 	 0.0235262
18.61 	 0.0236707
18.62 	 0.0238044
18.63 	 0.0239232
18.64 	 0.024024
18.65 	 0.0241045
18.66 	 0.0241632
18.67 	 0.0241996
18.68 	 0.0242139
18.69 	 0.0242069
18.7 	 0.0241807
18.71 	 0.0241367
18.72 	 0.0240774
18.73 	 0.0240051
18.74 	 0.0239222
18.75 	 0.0238313
18.76 	 0.0237343
18.77 	 0.0236337
18.78 	 0.0235309
18.79 	 0.0234275
18.8 	 0.0233239
18.81 	 0.0232206
18.82 	 0.0231171
18.83 	 0.0230126
18.84 	 0.022906
18.85 	 0.0227959
18.86 	 0.0226813
18.87 	 0.0225614
18.88 	 0.0224361
18.89 	 0.0223057
18.9 	 0.0221716
18.91 	 0.0220358
18.92 	 0.0219009
18.93 	 0.02177
18.94 	 0.0216465
18.95 	 0.0215341
18.96 	 0.0214359
18.97 	 0.0213544
18.98 	 0.0212913
18.99 	 0.0212471
19 	 0.0212213
19.01 	 0.0212122
19.02 	 0.0212167
19.03 	 0.0212306
19.04 	 0.0212487
19.05 	 0.0212651
19.06 	 0.0212735
19.07 	 0.0212672
19.08 	 0.0212401
19.09 	 0.0211868
19.1 	 0.0211026
19.11 	 0.0209844
19.12 	 0.0208303
19.13 	 0.02064
19.14 	 0.0204145
19.15 	 0.0201561
19.16 	 0.0198677
19.17 	 0.0195531
19.18 	 0.0192159
19.19 	 0.0188591
19.2 	 0.0184852
19.21 	 0.0180958
19.22 	 0.0176917
19.23 	 0.0172724
19.24 	 0.0168372
19.25 	 0.016385
19.26 	 0.0159143
19.27 	 0.015424
19.28 	 0.0149132
19.29 	 0.0143816
19.3 	 0.0138291
19.31 	 0.0132562
19.32 	 0.0126636
19.33 	 0.0120525
19.34 	 0.0114246
19.35 	 0.0107816
19.36 	 0.0101263
19.37 	 0.00946179
19.38 	 0.0087922
19.39 	 0.00812254
19.4 	 0.0074582
19.41 	 0.00680549
19.42 	 0.00617067
19.43 	 0.00556011
19.44 	 0.00497937
19.45 	 0.00443334
19.46 	 0.00392537
19.47 	 0.00345754
19.48 	 0.00303005
19.49 	 0.00264169
19.5 	 0.00229012
19.51 	 0.00197176
19.52 	 0.00168285
19.53 	 0.00141897
19.54 	 0.00117627
19.55 	 0.000951412
19.56 	 0.000741956
19.57 	 0.000546569
19.58 	 0.000364832
19.59 	 0.000197066
19.6 	 4.4432e-05
19.61 	 -9.181e-05
19.62 	 -0.000210324
19.63 	 -0.000310042
19.64 	 -0.000390429
19.65 	 -0.000451689
19.66 	 -0.000494813
19.67 	 -0.000521681
19.68 	 -0.000534658
19.69 	 -0.000536689
19.7 	 -0.000531254
19.71 	 -0.000521634
19.72 	 -0.000511379
19.73 	 -0.000503562
19.74 	 -0.000501095
19.75 	 -0.000506327
19.76 	 -0.000520968
19.77 	 -0.000546183
19.78 	 -0.000582438
19.79 	 -0.000629449
19.8 	 -0.000686267
19.81 	 -0.000751522
19.82 	 -0.000823405
19.83 	 -0.000900123
19.84 	 -0.00098005
19.85 	 -0.0010623
19.86 	 -0.0011468
19.87 	 -0.00123458
19.88 	 -0.00132791
19.89 	 -0.00143046
19.9 	 -0.00154695
19.91 	 -0.00168315
19.92 	 -0.00184519
19.93 	 -0.0020396
19.94 	 -0.00227259
19.95 	 -0.00254986
19.96 	 -0.00287629
19.97 	 -0.00325547
19.98 	 -0.00368966
19.99 	 -0.00417943
20 	 -0.00472363
20.01 	 -0.00531965
20.02 	 -0.00596347
20.03 	 -0.00664988
20.04 	 -0.00737301
20.05 	 -0.00812646
20.06 	 -0.00890401
20.07 	 -0.00969962
20.08 	 -0.0105077
20.09 	 -0.0113238
20.1 	 -0.012144
20.11 	 -0.012966
20.12 	 -0.0137878
20.13 	 -0.0146084
20.14 	 -0.015427
20.15 	 -0.0162426
20.16 	 -0.0170539
20.17 	 -0.0178592
20.18 	 -0.0186561
20.19 	 -0.019442
20.2 	 -0.0202138
20.21 	 -0.0209678
20.22 	 -0.0217009
20.23 	 -0.02241
20.24 	 -0.0230926
20.25 	 -0.0237468
20.26 	 -0.0243717
20.27 	 -0.0249672
20.28 	 -0.025534
20.29 	 -0.0260733
20.3 	 -0.026587
20.31 	 -0.0270767
20.32 	 -0.0275439
20.33 	 -0.0279893
20.34 	 -0.0284132
20.35 	 -0.0288146
20.36 	 -0.0291916
20.37 	 -0.0295415
20.38 	 -0.0298611
20.39 	 -0.0301462
20.4 	 -0.0303927
20.41 	 -0.0305962
20.42 	 -0.0307526
20.43 	 -0.0308578
20.44 	 -0.0309086
20.45 	 -0.0309017
20.46 	 -0.030835
20.47 	 -0.0307063
20.48 	 -0.0305145
20.49 	 -0.0302589
20.5 	 -0.0299399
20.51 	 -0.0295584
20.52 	 -0.0291165
20.53 	 -0.0286176
20.54 	 -0.0280656
20.55 	 -0.027466
20.56 	 -0.026825
20.57 	 -0.0261492
20.58 	 -0.0254461
20.59 	 -0.0247233
20.6 	 -0.0239882
20.61 	 -0.0232482
20.62 	 -0.0225099
20.63 	 -0.0217799
20.64 	 -0.0210635
20.65 	 -0.0203656
20.66 	 -0.0196904
20.67 	 -0.0190412
20.68 	 -0.0184208
20.69 	 -0.0178312
20.7 	 -0.0172739
20.71 	 -0.0167499
20.72 	 -0.0162596
20.73 	 -0.0158029
20.74 	 -0.0153794
20.75 	 -0.0149879
20.76 	 -0.0146271
20.77 	 -0.0142952
20.78 	 -0.0139896
20.79 	 -0.0137077
20.8 	 -0.0134458
20.81 	 -0.0132002
20.82 	 -0.0129665
20.83 	 -0.01274
20.84 	 -0.0125158
20.85 	 -0.0122891
20.86 	 -0.0120555
20.87 	 -0.0118105
20.88 	 -0.0115513
20.89 	 -0.0112751
20.9 	 -0.0109807
20.91 	 -0.010668
20.92 	 -0.010338
20.93 	 -0.00999251
20.94 	 -0.00963404
20.95 	 -0.00926596
20.96 	 -0.00889173
20.97 	 -0.00851493
20.98 	 -0.00813917
20.99 	 -0.00776779
21 	 -0.00740403
21.01 	 -0.00705081
21.02 	 -0.00671081
21.03 	 -0.00638615
21.04 	 -0.00607877
21.05 	 -0.00578984
21.06 	 -0.00552005
21.07 	 -0.00526927
21.08 	 -0.00503653
21.09 	 -0.00482021
21.1 	 -0.00461793
21.11 	 -0.0044267
21.12 	 -0.00424315
21.13 	 -0.00406375
21.14 	 -0.0038849
21.15 	 -0.00370354
21.16 	 -0.00351699
21.17 	 -0.00332326
21.18 	 -0.00312122
21.19 	 -0.00291035
21.2 	 -0.00269097
21.21 	 -0.002464
21.22 	 -0.00223071
21.23 	 -0.00199272
21.24 	 -0.00175178
21.25 	 -0.00150949
21.26 	 -0.00126762
21.27 	 -0.00102764
21.28 	 -0.000790912
21.29 	 -0.000558853
21.3 	 -0.00033247
21.31 	 -0.000113169
21.32 	 9.81161e-05
21.33 	 0.000300324
21.34 	 0.000492332
21.35 	 0.000673285
21.36 	 0.000842359
21.37 	 0.000999069
21.38 	 0.00114313
21.39 	 0.00127432
21.4 	 0.00139274
21.41 	 0.00149848
21.42 	 0.00159147
21.43 	 0.00167152
21.44 	 0.00173806
21.45 	 0.00179016
21.46 	 0.00182661
21.47 	 0.00184566
21.48 	 0.00184539
21.49 	 0.00182353
21.5 	 0.00177786
21.51 	 0.00170604
21.52 	 0.00160586
21.53 	 0.0014752
21.54 	 0.00131227
21.55 	 0.00111532
21.56 	 0.000882896
21.57 	 0.000613707
21.58 	 0.000306723
21.59 	 -3.90777e-05
21.6 	 -0.00042426
21.61 	 -0.000849183
21.62 	 -0.0013136
21.63 	 -0.00181659
21.64 	 -0.00235682
21.65 	 -0.00293202
21.66 	 -0.00353932
21.67 	 -0.00417525
21.68 	 -0.0048357
21.69 	 -0.00551631
21.7 	 -0.00621252
21.71 	 -0.00691949
21.72 	 -0.00763287
21.73 	 -0.00834852
21.74 	 -0.00906291
21.75 	 -0.00977315
21.76 	 -0.010477
21.77 	 -0.0111731
21.78 	 -0.0118604
21.79 	 -0.0125385
21.8 	 -0.0132078
21.81 	 -0.0138684
21.82 	 -0.0145209
21.83 	 -0.0151659
21.84 	 -0.0158036
21.85 	 -0.0164341
21.86 	 -0.0170572
21.87 	 -0.0176719
21.88 	 -0.0182768
21.89 	 -0.01887
21.9 	 -0.0194493
21.91 	 -0.0200119
21.92 	 -0.0205552
21.93 	 -0.0210764
21.94 	 -0.021573
21.95 	 -0.0220432
21.96 	 -0.0224856
21.97 	 -0.0229
21.98 	 -0.0232868
21.99 	 -0.0236474
22 	 -0.0239842
22.01 	 -0.0242998
22.02 	 -0.0245976
22.03 	 -0.0248807
22.04 	 -0.0251526
22.05 	 -0.0254161
22.06 	 -0.0256737
22.07 	 -0.0259275
22.08 	 -0.0261791
22.09 	 -0.0264295
22.1 	 -0.0266797
22.11 	 -0.0269306
22.12 	 -0.0271831
22.13 	 -0.0274381
22.14 	 -0.0276968
22.15 	 -0.0279604
22.16 	 -0.0282301
22.17 	 -0.0285067
22.18 	 -0.0287911
22.19 	 -0.0290832
22.2 	 -0.0293825
22.21 	 -0.0296876
22.22 	 -0.0299961
22.23 	 -0.0303048
22.24 	 -0.0306095
22.25 	 -0.0309052
22.26 	 -0.0311869
22.27 	 -0.0314492
22.28 	 -0.0316866
22.29 	 -0.0318946
22.3 	 -0.0320691
22.31 	 -0.0322074
22.32 	 -0.0323076
22.33 	 -0.0323697
22.34 	 -0.0323945
22.35 	 -0.0323838
22.36 	 -0.0323403
22.37 	 -0.0322664
22.38 	 -0.0321647
22.39 	 -0.032037
22.4 	 -0.0318842
22.41 	 -0.0317061
22.42 	 -0.0315019
22.43 	 -0.0312696
22.44 	 -0.0310073
22.45 	 -0.0307124
22.46 	 -0.0303829
22.47 	 -0.0300172
22.48 	 -0.0296145
22.49 	 -0.0291751
22.5 	 -0.0286996
22.51 	 -0.0281898
22.52 	 -0.0276481
22.53 	 -0.0270769
22.54 	 -0.026479
22.55 	 -0.0258573
22.56 	 -0.0252148
22.57 	 -0.0245541
22.58 	 -0.0238782
22.59 	 -0.02319
22.6 	 -0.0224925
22.61 	 -0.0217888
22.62 	 -0.0210821
22.63 	 -0.0203752
22.64 	 -0.0196711
22.65 	 -0.0189722
22.66 	 -0.0182807
22.67 	 -0.0175985
22.68 	 -0.0169269
22.69 	 -0.016267
22.7 	 -0.0156198
22.71 	 -0.0149862
22.72 	 -0.014367
22.73 	 -0.0137632
22.74 	 -0.0131756
22.75 	 -0.0126054
22.76 	 -0.0120538
22.77 	 -0.0115218
22.78 	 -0.0110101
22.79 	 -0.010519
22.8 	 -0.0100484
22.81 	 -0.00959732
22.82 	 -0.00916442
22.83 	 -0.00874791
22.84 	 -0.00834545
22.85 	 -0.00795463
22.86 	 -0.00757313
22.87 	 -0.00719881
22.88 	 -0.00683013
22.89 	 -0.00646588
22.9 	 -0.00610568
22.91 	 -0.00574949
22.92 	 -0.00539799
22.93 	 -0.00505221
22.94 	 -0.00471351
22.95 	 -0.00438334
22.96 	 -0.00406325
22.97 	 -0.00375478
22.98 	 -0.00345963
22.99 	 -0.00317957
23 	 -0.0029163
23.01 	 -0.00267172
23.02 	 -0.00244765
23.03 	 -0.00224611
23.04 	 -0.00206892
23.05 	 -0.00191792
23.06 	 -0.00179464
23.07 	 -0.0017003
23.08 	 -0.00163559
23.09 	 -0.00160095
23.1 	 -0.00159616
23.11 	 -0.00162062
23.12 	 -0.0016734
23.13 	 -0.00175305
23.14 	 -0.00185798
23.15 	 -0.00198627
23.16 	 -0.00213579
23.17 	 -0.00230429
23.18 	 -0.00248903
23.19 	 -0.00268706
23.2 	 -0.00289504
23.21 	 -0.00310938
23.22 	 -0.003326
23.23 	 -0.00354056
23.24 	 -0.0037483
23.25 	 -0.00394421
23.26 	 -0.00412346
23.27 	 -0.00428113
23.28 	 -0.00441276
23.29 	 -0.00451426
23.3 	 -0.00458208
23.31 	 -0.00461368
23.32 	 -0.00460713
23.33 	 -0.00456175
23.34 	 -0.00447747
23.35 	 -0.00435531
23.36 	 -0.00419706
23.37 	 -0.00400521
23.38 	 -0.00378293
23.39 	 -0.00353379
23.4 	 -0.00326169
23.41 	 -0.00297081
23.42 	 -0.00266527
23.43 	 -0.00234913
23.44 	 -0.00202609
23.45 	 -0.00169921
23.46 	 -0.0013711
23.47 	 -0.00104353
23.48 	 -0.000717329
23.49 	 -0.000392757
23.5 	 -6.91983e-05
23.51 	 0.000254299
23.52 	 0.000579013
23.53 	 0.00090636
23.54 	 0.00123744
23.55 	 0.00157296
23.56 	 0.00191306
23.57 	 0.00225725
23.58 	 0.00260435
23.59 	 0.00295279
23.6 	 0.00330007
23.61 	 0.00364379
23.62 	 0.00398109
23.63 	 0.00430917
23.64 	 0.00462515
23.65 	 0.00492612
23.66 	 0.00520928
23.67 	 0.00547195
23.68 	 0.00571145
23.69 	 0.00592511
23.7 	 0.00611057
23.71 	 0.0062655
23.72 	 0.00638805
23.73 	 0.0064767
23.74 	 0.0065303
23.75 	 0.00654866
23.76 	 0.00653198
23.77 	 0.00648136
23.78 	 0.00639882
23.79 	 0.00628678
23.8 	 0.00614855
23.81 	 0.00598767
23.82 	 0.00580791
23.83 	 0.00561309
23.84 	 0.00540648
23.85 	 0.00519109
23.86 	 0.00496906
23.87 	 0.00474212
23.88 	 0.00451119
23.89 	 0.00427671
23.9 	 0.00403876
23.91 	 0.00379725
23.92 	 0.00355219
23.93 	 0.00330387
23.94 	 0.00305298
23.95 	 0.00280082
23.96 	 0.00254896
23.97 	 0.00229921
23.98 	 0.00205353
23.99 	 0.00181381
24 	 0.00158152
24.01 	 0.00135749
24.02 	 0.0011421
24.03 	 0.00093518
24.04 	 0.000736153
24.05 	 0.000544117
24.06 	 0.00035844
24.07 	 0.000178889
24.08 	 5.98281e-06
24.09 	 -0.000159055
24.1 	 -0.000314261
24.11 	 -0.000456925
24.12 	 -0.000583815
24.13 	 -0.000691458
24.14 	 -0.000776334
24.15 	 -0.000835162
24.16 	 -0.000865296
24.17 	 -0.000864735
24.18 	 -0.000832458
24.19 	 -0.000768128
24.2 	 -0.000672128
24.21 	 -0.000545466
24.22 	 -0.000389381
24.23 	 -0.000205214
24.24 	 5.67026e-06
24.25 	 0.000241817
24.26 	 0.000501876
24.27 	 0.000784405
24.28 	 0.00108792
24.29 	 0.00141066
24.3 	 0.00175041
24.31 	 0.00210471
24.32 	 0.00247059
24.33 	 0.00284473
24.34 	 0.0032235
24.35 	 0.00360316
24.36 	 0.00398014
24.37 	 0.00435127
24.38 	 0.00471375
24.39 	 0.00506544
24.4 	 0.00540483
24.41 	 0.00573098
24.42 	 0.00604342
24.43 	 0.00634186
24.44 	 0.00662628
24.45 	 0.00689638
24.46 	 0.00715185
24.47 	 0.00739218
24.48 	 0.00761654
24.49 	 0.00782422
24.5 	 0.00801421
24.51 	 0.00818587
24.52 	 0.00833879
24.53 	 0.00847296
24.54 	 0.00858883
24.55 	 0.00868747
24.56 	 0.00877015
24.57 	 0.00883863
24.58 	 0.00889473
24.59 	 0.00894028
24.6 	 0.00897701
24.61 	 0.00900632
24.62 	 0.00902926
24.63 	 0.00904661
24.64 	 0.0090587
24.65 	 0.00906581
24.66 	 0.0090678
24.67 	 0.00906446
24.68 	 0.00905556
24.69 	 0.00904069
24.7 	 0.00901976
24.71 	 0.00899236
24.72 	 0.00895825
24.73 	 0.00891702
24.74 	 0.00886821
24.75 	 0.00881134
24.76 	 0.00874603
24.77 	 0.00867192
24.78 	 0.00858877
24.79 	 0.00849663
24.8 	 0.00839576
24.81 	 0.00828674
24.82 	 0.00817055
24.83 	 0.00804842
24.84 	 0.00792193
24.85 	 0.00779274
24.86 	 0.00766252
24.87 	 0.0075332
24.88 	 0.00740621
24.89 	 0.00728297
24.9 	 0.00716451
24.91 	 0.00705147
24.92 	 0.00694411
24.93 	 0.00684212
24.94 	 0.0067449
24.95 	 0.0066515
24.96 	 0.00656079
24.97 	 0.00647165
24.98 	 0.0063829
24.99 	 0.00629371
25 	 0.00620352
25.01 	 0.00611224
25.02 	 0.00602033
25.03 	 0.00592854
25.04 	 0.00583827
25.05 	 0.00575121
25.06 	 0.00566914
25.07 	 0.00559408
25.08 	 0.00552785
25.09 	 0.00547228
25.1 	 0.00542898
25.11 	 0.00539904
25.12 	 0.00538337
25.13 	 0.00538236
25.14 	 0.00539616
25.15 	 0.0054246
25.16 	 0.00546725
25.17 	 0.00552351
25.18 	 0.00559251
25.19 	 0.00567335
25.2 	 0.00576486
25.21 	 0.005866
25.22 	 0.00597569
25.23 	 0.00609262
25.24 	 0.00621582
25.25 	 0.00634403
25.26 	 0.00647625
25.27 	 0.00661153
25.28 	 0.00674892
25.29 	 0.00688788
25.3 	 0.00702766
25.31 	 0.00716804
25.32 	 0.00730841
25.33 	 0.00744859
25.34 	 0.00758811
25.35 	 0.00772648
25.36 	 0.00786308
25.37 	 0.00799682
25.38 	 0.00812661
25.39 	 0.00825091
25.4 	 0.00836829
25.41 	 0.00847709
25.42 	 0.00857583
25.43 	 0.00866311
25.44 	 0.00873789
25.45 	 0.00879932
25.46 	 0.00884714
25.47 	 0.00888114
25.48 	 0.00890179
25.49 	 0.00890971
25.5 	 0.00890566
25.51 	 0.0088906
25.52 	 0.00886529
25.53 	 0.00883069
25.54 	 0.00878749
25.55 	 0.00873636
25.56 	 0.00867783
25.57 	 0.00861252
25.58 	 0.00854088
25.59 	 0.00846346
25.6 	 0.00838075
25.61 	 0.00829329
25.62 	 0.00820166
25.63 	 0.00810646
25.64 	 0.00800817
25.65 	 0.00790714
25.66 	 0.0078033
25.67 	 0.00769645
25.68 	 0.00758571
25.69 	 0.00747014
25.7 	 0.00734812
25.71 	 0.00721812
25.72 	 0.00707813
25.73 	 0.00692623
25.74 	 0.00676062
25.75 	 0.00657972
25.76 	 0.00638256
25.77 	 0.00616833
25.78 	 0.00593707
25.79 	 0.00568907
25.8 	 0.00542527
25.81 	 0.00514668
25.82 	 0.00485467
25.83 	 0.00455047
25.84 	 0.00423543
25.85 	 0.0039108
25.86 	 0.00357768
25.87 	 0.00323704
25.88 	 0.00288984
25.89 	 0.00253715
25.9 	 0.00218011
25.91 	 0.00181979
25.92 	 0.00145735
25.93 	 0.001094
25.94 	 0.000730998
25.95 	 0.000369344
25.96 	 9.99231e-06
25.97 	 -0.000346435
25.98 	 -0.000699406
25.99 	 -0.00104853
26 	 -0.00139344
26.01 	 -0.00173346
26.02 	 -0.0020678
26.03 	 -0.00239525
26.04 	 -0.00271412
26.05 	 -0.00302228
26.06 	 -0.00331724
26.07 	 -0.00359629
26.08 	 -0.00385666
26.09 	 -0.00409557
26.1 	 -0.0043107
26.11 	 -0.00450048
26.12 	 -0.00466382
26.13 	 -0.00480058
26.14 	 -0.00491132
26.15 	 -0.00499728
26.16 	 -0.00506042
26.17 	 -0.00510295
26.18 	 -0.0051275
26.19 	 -0.00513673
26.2 	 -0.00513308
26.21 	 -0.00511903
26.22 	 -0.00509661
26.23 	 -0.00506778
26.24 	 -0.00503418
26.25 	 -0.00499753
26.26 	 -0.00495934
26.27 	 -0.00492125
26.28 	 -0.00488482
26.29 	 -0.00485169
26.3 	 -0.00482347
26.31 	 -0.00480154
26.32 	 -0.00478709
26.33 	 -0.0047808
26.34 	 -0.00478294
26.35 	 -0.00479326
26.36 	 -0.00481094
26.37 	 -0.00483459
26.38 	 -0.00486255
26.39 	 -0.00489276
26.4 	 -0.00492335
26.41 	 -0.00495207
26.42 	 -0.00497709
26.43 	 -0.0049966
26.44 	 -0.00500925
26.45 	 -0.0050138
26.46 	 -0.00500945
26.47 	 -0.00499563
26.48 	 -0.00497206
26.49 	 -0.00493882
26.5 	 -0.00489604
26.51 	 -0.00484426
26.52 	 -0.00478411
26.53 	 -0.00471649
26.54 	 -0.00464241
26.55 	 -0.00456291
26.56 	 -0.0044792
26.57 	 -0.00439229
26.58 	 -0.00430335
26.59 	 -0.00421307
26.6 	 -0.00412222
26.61 	 -0.00403131
26.62 	 -0.00394065
26.63 	 -0.00385066
26.64 	 -0.00376173
26.65 	 -0.00367443
26.66 	 -0.00358956
26.67 	 -0.00350793
26.68 	 -0.00343069
26.69 	 -0.00335905
26.7 	 -0.00329424
26.71 	 -0.00323753
26.72 	 -0.00318998
26.73 	 -0.00315244
26.74 	 -0.00312548
26.75 	 -0.00310916
26.76 	 -0.00310342
26.77 	 -0.00310784
26.78 	 -0.00312154
26.79 	 -0.00314363
26.8 	 -0.00317261
26.81 	 -0.00320702
26.82 	 -0.00324511
26.83 	 -0.00328508
26.84 	 -0.00332487
26.85 	 -0.00336248
26.86 	 -0.00339572
26.87 	 -0.00342253
26.88 	 -0.00344094
26.89 	 -0.00344899
26.9 	 -0.00344504
26.91 	 -0.00342768
26.92 	 -0.00339577
26.93 	 -0.00334855
26.94 	 -0.00328538
26.95 	 -0.00320589
26.96 	 -0.00310999
26.97 	 -0.00299746
26.98 	 -0.00286854
26.99 	 -0.00272328
27 	 -0.00256205
27.01 	 -0.00238497
27.02 	 -0.00219223
27.03 	 -0.0019842
27.04 	 -0.00176115
27.05 	 -0.00152345
27.06 	 -0.00127142
27.07 	 -0.00100551
27.08 	 -0.000726478
27.09 	 -0.000434845
27.1 	 -0.000131628
27.11 	 0.000182307
27.12 	 0.000506034
27.13 	 0.00083846
27.14 	 0.00117869
27.15 	 0.00152581
27.16 	 0.00187908
27.17 	 0.00223794
27.18 	 0.00260182
27.19 	 0.00296999
27.2 	 0.00334193
27.21 	 0.0037167
27.22 	 0.00409323
27.23 	 0.0044703
27.24 	 0.00484628
27.25 	 0.00521957
27.26 	 0.00558843
27.27 	 0.00595125
27.28 	 0.00630679
27.29 	 0.00665411
27.3 	 0.0069925
27.31 	 0.0073219
27.32 	 0.00764226
27.33 	 0.00795392
27.34 	 0.00825703
27.35 	 0.00855164
27.36 	 0.00883772
27.37 	 0.00911484
27.38 	 0.00938223
27.39 	 0.00963896
27.4 	 0.00988367
27.41 	 0.0101151
27.42 	 0.0103319
27.43 	 0.0105325
27.44 	 0.0107158
27.45 	 0.0108805
27.46 	 0.0110258
27.47 	 0.0111507
27.48 	 0.0112547
27.49 	 0.0113376
27.5 	 0.0113991
27.51 	 0.0114396
27.52 	 0.0114593
27.53 	 0.0114586
27.54 	 0.0114381
27.55 	 0.0113983
27.56 	 0.0113395
27.57 	 0.0112623
27.58 	 0.0111667
27.59 	 0.0110533
27.6 	 0.0109218
27.61 	 0.0107729
27.62 	 0.0106068
27.63 	 0.0104243
27.64 	 0.0102262
27.65 	 0.0100139
27.66 	 0.00978889
27.67 	 0.00955308
27.68 	 0.00930858
27.69 	 0.0090574
27.7 	 0.00880194
27.71 	 0.00854426
27.72 	 0.00828637
27.73 	 0.00803024
27.74 	 0.00777739
27.75 	 0.00752945
27.76 	 0.00728755
27.77 	 0.00705291
27.78 	 0.00682637
27.79 	 0.00660874
27.8 	 0.00640069
27.81 	 0.00620273
27.82 	 0.00601546
27.83 	 0.00583928
27.84 	 0.00567465
27.85 	 0.00552206
27.86 	 0.00538203
27.87 	 0.00525502
27.88 	 0.00514185
27.89 	 0.00504306
27.9 	 0.00495951
27.91 	 0.0048921
27.92 	 0.00484152
27.93 	 0.00480873
27.94 	 0.00479421
27.95 	 0.0047983
27.96 	 0.00482098
27.97 	 0.00486172
27.98 	 0.00491952
27.99 	 0.00499287
28 	 0.0050798
28.01 	 0.00517821
28.02 	 0.00528551
28.03 	 0.00539919
28.04 	 0.00551649
28.05 	 0.00563507
28.06 	 0.00575281
28.07 	 0.00586799
28.08 	 0.00597939
28.09 	 0.00608625
28.1 	 0.00618815
28.11 	 0.00628514
28.12 	 0.00637717
28.13 	 0.00646461
28.14 	 0.00654741
28.15 	 0.00662554
28.16 	 0.00669864
28.17 	 0.00676578
28.18 	 0.00682599
28.19 	 0.00687759
28.2 	 0.00691885
28.21 	 0.00694781
28.22 	 0.00696253
28.23 	 0.00696125
28.24 	 0.00694245
28.25 	 0.00690502
28.26 	 0.00684838
28.27 	 0.00677248
28.28 	 0.00667771
28.29 	 0.00656492
28.3 	 0.00643536
28.31 	 0.00629029
28.32 	 0.00613143
28.33 	 0.00596021
28.34 	 0.0057782
28.35 	 0.00558662
28.36 	 0.00538677
28.37 	 0.00517967
28.38 	 0.00496616
28.39 	 0.00474688
28.4 	 0.00452225
28.41 	 0.00429285
28.42 	 0.00405895
28.43 	 0.00382105
28.44 	 0.00357959
28.45 	 0.00333515
28.46 	 0.0030886
28.47 	 0.00284098
28.48 	 0.00259385
28.49 	 0.00234888
28.5 	 0.00210832
28.51 	 0.00187477
28.52 	 0.00165109
28.53 	 0.00144023
28.54 	 0.00124498
28.55 	 0.00106818
28.56 	 0.000912316
28.57 	 0.000779429
28.58 	 0.000671091
28.59 	 0.00058823
28.6 	 0.000531392
28.61 	 0.000500283
28.62 	 0.000494385
28.63 	 0.000512392
28.64 	 0.000552701
28.65 	 0.000613194
28.66 	 0.000691288
28.67 	 0.000784267
28.68 	 0.000889053
28.69 	 0.00100258
28.7 	 0.00112154
28.71 	 0.00124287
28.72 	 0.0013637
28.73 	 0.00148145
28.74 	 0.00159411
28.75 	 0.00170018
28.76 	 0.00179898
28.77 	 0.00189051
28.78 	 0.00197558
28.79 	 0.00205566
28.8 	 0.00213285
28.81 	 0.00220964
28.82 	 0.00228884
28.83 	 0.0023737
28.84 	 0.00246711
28.85 	 0.00257187
28.86 	 0.00269023
28.87 	 0.00282379
28.88 	 0.00297366
28.89 	 0.00314001
28.9 	 0.00332241
28.91 	 0.00351993
28.92 	 0.00373101
28.93 	 0.00395377
28.94 	 0.00418625
28.95 	 0.00442629
28.96 	 0.00467207
28.97 	 0.00492175
28.98 	 0.00517384
28.99 	 0.00542702
29 	 0.00568025
29.01 	 0.00593243
29.02 	 0.00618285
29.03 	 0.00643062
29.04 	 0.00667472
29.05 	 0.00691415
29.06 	 0.00714766
29.07 	 0.00737425
29.08 	 0.00759275
29.09 	 0.00780239
29.1 	 0.00800251
29.11 	 0.00819277
29.12 	 0.0083729
29.13 	 0.00854317
29.14 	 0.00870378
29.15 	 0.00885522
29.16 	 0.008998
29.17 	 0.00913252
29.18 	 0.00925913
29.19 	 0.00937777
29.2 	 0.00948828
29.21 	 0.00959016
29.22 	 0.00968272
29.23 	 0.009765
29.24 	 0.00983584
29.25 	 0.00989417
29.26 	 0.00993886
29.27 	 0.00996885
29.28 	 0.00998333
29.29 	 0.00998153
29.3 	 0.00996327
29.31 	 0.0099284
29.32 	 0.00987705
29.33 	 0.00980971
29.34 	 0.00972687
29.35 	 0.00962933
29.36 	 0.00951775
29.37 	 0.00939308
29.38 	 0.009256
29.39 	 0.0091073
29.4 	 0.00894765
29.41 	 0.00877781
29.42 	 0.00859866
29.43 	 0.008411
29.44 	 0.00821587
29.45 	 0.00801417
29.46 	 0.00780696
29.47 	 0.00759513
29.48 	 0.00737943
29.49 	 0.0071607
29.5 	 0.00693951
29.51 	 0.00671635
29.52 	 0.00649166
29.53 	 0.00626545
29.54 	 0.00603811
29.55 	 0.00580977
29.56 	 0.00558069
29.57 	 0.00535115
29.58 	 0.00512151
29.59 	 0.00489242
29.6 	 0.00466431
29.61 	 0.00443777
29.62 	 0.00421335
29.63 	 0.00399146
29.64 	 0.00377271
29.65 	 0.00355715
29.66 	 0.00334519
29.67 	 0.00313682
29.68 	 0.00293202
29.69 	 0.00273072
29.7 	 0.00253245
29.71 	 0.0023371
29.72 	 0.00214413
29.73 	 0.00195348
29.74 	 0.001765
29.75 	 0.00157886
29.76 	 0.00139545
29.77 	 0.00121549
29.78 	 0.00103988
29.79 	 0.000869767
29.8 	 0.000706326
29.81 	 0.000550802
29.82 	 0.000404482
29.83 	 0.000268112
29.84 	 0.000142244
29.85 	 2.6757e-05
29.86 	 -7.87602e-05
29.87 	 -0.000175356
29.88 	 -0.00026449
29.89 	 -0.000347801
29.9 	 -0.00042706
29.91 	 -0.000503995
29.92 	 -0.00058013
29.93 	 -0.000656898
29.94 	 -0.000735056
29.95 	 -0.000815153
29.96 	 -0.000897221
29.97 	 -0.000980955
29.98 	 -0.00106596
29.99 	 -0.00115137
30 	 -0.00123676
30.01 	 -0.00132133
30.02 	 -0.00140474
30.03 	 -0.00148668
30.04 	 -0.00156713
30.05 	 -0.00164641
30.06 	 -0.00172486
30.07 	 -0.00180315
30.08 	 -0.00188183
30.09 	 -0.00196182
30.1 	 -0.00204384
30.11 	 -0.00212874
30.12 	 -0.00221718
30.13 	 -0.00230996
30.14 	 -0.00240743
30.15 	 -0.00251003
30.16 	 -0.00261759
30.17 	 -0.00272994
30.18 	 -0.00284664
30.19 	 -0.00296703
30.2 	 -0.00309023
30.21 	 -0.00321519
30.22 	 -0.00334074
30.23 	 -0.00346592
30.24 	 -0.00358972
30.25 	 -0.00371161
30.26 	 -0.00383116
30.27 	 -0.00394862
30.28 	 -0.00406435
30.29 	 -0.00417897
30.3 	 -0.00429351
30.31 	 -0.00440873
30.32 	 -0.00452579
30.33 	 -0.00464539
30.34 	 -0.0047682
30.35 	 -0.0048946
30.36 	 -0.00502432
30.37 	 -0.00515702
30.38 	 -0.00529182
30.39 	 -0.00542785
30.4 	 -0.0055638
30.41 	 -0.00569841
30.42 	 -0.00583053
30.43 	 -0.00595895
30.44 	 -0.00608285
30.45 	 -0.00620156
30.46 	 -0.0063148
30.47 	 -0.00642251
30.48 	 -0.00652503
30.49 	 -0.00662292
30.5 	 -0.00671713
30.51 	 -0.00680869
30.52 	 -0.00689894
30.53 	 -0.00698911
30.54 	 -0.00708076
30.55 	 -0.00717529
30.56 	 -0.00727424
30.57 	 -0.00737878
30.58 	 -0.00749009
30.59 	 -0.00760933
30.6 	 -0.0077373
30.61 	 -0.0078746
30.62 	 -0.00802161
30.63 	 -0.00817838
30.64 	 -0.00834472
30.65 	 -0.00852019
30.66 	 -0.00870399
30.67 	 -0.00889528
30.68 	 -0.00909274
30.69 	 -0.00929508
30.7 	 -0.00950067
30.71 	 -0.00970803
30.72 	 -0.00991536
30.73 	 -0.010121
30.74 	 -0.0103232
30.75 	 -0.0105203
30.76 	 -0.0107105
30.77 	 -0.0108922
30.78 	 -0.0110636
30.79 	 -0.0112234
30.8 	 -0.0113702
30.81 	 -0.0115029
30.82 	 -0.0116207
30.83 	 -0.0117228
30.84 	 -0.011809
30.85 	 -0.0118791
30.86 	 -0.0119332
30.87 	 -0.0119717
30.88 	 -0.0119949
30.89 	 -0.012003
30.9 	 -0.0119963
30.91 	 -0.0119748
30.92 	 -0.0119387
30.93 	 -0.0118878
30.94 	 -0.011822
30.95 	 -0.0117412
30.96 	 -0.0116456
30.97 	 -0.0115355
30.98 	 -0.0114112
30.99 	 -0.0112734
31 	 -0.011123
31.01 	 -0.0109612
31.02 	 -0.0107889
31.03 	 -0.0106073
31.04 	 -0.0104175
31.05 	 -0.0102204
31.06 	 -0.0100169
31.07 	 -0.0098079
31.08 	 -0.00959374
31.09 	 -0.00937507
31.1 	 -0.00915235
31.11 	 -0.00892617
31.12 	 -0.00869719
31.13 	 -0.00846603
31.14 	 -0.00823363
31.15 	 -0.00800074
31.16 	 -0.00776842
31.17 	 -0.00753737
31.18 	 -0.00730853
31.19 	 -0.0070826
31.2 	 -0.00686
31.21 	 -0.00664128
31.22 	 -0.0064265
31.23 	 -0.00621582
31.24 	 -0.00600904
31.25 	 -0.00580604
31.26 	 -0.00560679
31.27 	 -0.00541109
31.28 	 -0.005219
31.29 	 -0.00503062
31.3 	 -0.00484614
31.31 	 -0.0046658
31.32 	 -0.00448999
31.33 	 -0.00431908
31.34 	 -0.00415349
31.35 	 -0.00399362
31.36 	 -0.00383983
31.37 	 -0.00369255
31.38 	 -0.00355194
31.39 	 -0.00341827
31.4 	 -0.00329177
31.41 	 -0.00317246
31.42 	 -0.00306033
31.43 	 -0.00295508
31.44 	 -0.0028565
31.45 	 -0.00276398
31.46 	 -0.00267683
31.47 	 -0.00259412
31.48 	 -0.00251487
31.49 	 -0.00243789
31.5 	 -0.00236186
31.51 	 -0.00228545
31.52 	 -0.00220746
31.53 	 -0.00212684
31.54 	 -0.00204272
31.55 	 -0.00195469
31.56 	 -0.00186252
31.57 	 -0.00176637
31.58 	 -0.00166656
31.59 	 -0.00156377
31.6 	 -0.00145879
31.61 	 -0.00135233
31.62 	 -0.00124492
31.63 	 -0.0011369
31.64 	 -0.00102838
31.65 	 -0.00091917
31.66 	 -0.000808671
31.67 	 -0.000696154
31.68 	 -0.000580735
31.69 	 -0.000461549
31.7 	 -0.000337977
31.71 	 -0.000209342
31.72 	 -7.52981e-05
31.73 	 6.44132e-05
31.74 	 0.000209833
31.75 	 0.000360873
31.76 	 0.000517503
31.77 	 0.000679485
31.78 	 0.000846627
31.79 	 0.00101863
31.8 	 0.0011953
31.81 	 0.00137617
31.82 	 0.00156084
31.83 	 0.00174859
31.84 	 0.00193865
31.85 	 0.00213
31.86 	 0.00232174
31.87 	 0.00251285
31.88 	 0.00270225
31.89 	 0.00288914
31.9 	 0.00307266
31.91 	 0.00325217
31.92 	 0.00342701
31.93 	 0.00359663
31.94 	 0.00376055
31.95 	 0.00391843
31.96 	 0.00406989
31.97 	 0.00421488
31.98 	 0.00435332
31.99 	 0.00448537
32 	 0.0046114
32.01 	 0.00473194
32.02 	 0.00484771
32.03 	 0.00495951
32.04 	 0.00506821
32.05 	 0.0051746
32.06 	 0.00527922
32.07 	 0.00538261
32.08 	 0.00548502
32.09 	 0.00558652
32.1 	 0.00568684
32.11 	 0.00578562
32.12 	 0.00588243
32.13 	 0.00597673
32.14 	 0.00606806
32.15 	 0.00615593
32.16 	 0.00624006
32.17 	 0.00632022
32.18 	 0.00639628
32.19 	 0.00646835
32.2 	 0.00653637
32.21 	 0.0066004
32.22 	 0.00666041
32.23 	 0.00671638
32.24 	 0.00676807
32.25 	 0.00681509
32.26 	 0.00685696
32.27 	 0.00689335
32.28 	 0.00692388
32.29 	 0.00694824
32.3 	 0.00696631
32.31 	 0.00697797
32.32 	 0.00698336
32.33 	 0.00698272
32.34 	 0.0069763
32.35 	 0.00696468
32.36 	 0.00694816
32.37 	 0.00692717
32.38 	 0.00690186
32.39 	 0.006872
32.4 	 0.00683755
32.41 	 0.00679798
32.42 	 0.00675259
32.43 	 0.00670062
32.44 	 0.00664095
32.45 	 0.00657244
32.46 	 0.00649386
32.47 	 0.00640378
32.48 	 0.00630121
32.49 	 0.00618481
32.5 	 0.0060539
32.51 	 0.00590772
32.52 	 0.00574612
32.53 	 0.00556904
32.54 	 0.00537671
32.55 	 0.0051698
32.56 	 0.0049487
32.57 	 0.00471421
32.58 	 0.00446665
32.59 	 0.00420654
32.6 	 0.00393393
32.61 	 0.00364873
32.62 	 0.00335073
32.63 	 0.00303952
32.64 	 0.00271478
32.65 	 0.00237617
32.66 	 0.00202368
32.67 	 0.0016577
32.68 	 0.00127892
32.69 	 0.000888553
32.7 	 0.000488141
32.71 	 7.94474e-05
32.72 	 -0.000335333
32.73 	 -0.000754029
32.74 	 -0.00117423
32.75 	 -0.00159358
32.76 	 -0.00200977
32.77 	 -0.00242075
32.78 	 -0.00282443
32.79 	 -0.00321919
32.8 	 -0.00360325
32.81 	 -0.00397515
32.82 	 -0.0043335
32.83 	 -0.00467694
32.84 	 -0.00500436
32.85 	 -0.00531467
32.86 	 -0.00560689
32.87 	 -0.0058801
32.88 	 -0.00613349
32.89 	 -0.00636639
32.9 	 -0.0065782
32.91 	 -0.00676842
32.92 	 -0.00693685
32.93 	 -0.00708334
32.94 	 -0.00720801
32.95 	 -0.00731095
32.96 	 -0.00739268
32.97 	 -0.00745354
32.98 	 -0.00749415
32.99 	 -0.00751517
33 	 -0.00751725
33.01 	 -0.00750126
33.02 	 -0.00746778
33.03 	 -0.00741783
33.04 	 -0.00735228
33.05 	 -0.00727221
33.06 	 -0.00717869
33.07 	 -0.00707287
33.08 	 -0.00695594
33.09 	 -0.0068293
33.1 	 -0.00669415
33.11 	 -0.00655182
33.12 	 -0.00640351
33.13 	 -0.0062503
33.14 	 -0.00609342
33.15 	 -0.00593374
33.16 	 -0.00577209
33.17 	 -0.00560933
33.18 	 -0.00544604
33.19 	 -0.00528313
33.2 	 -0.00512117
33.21 	 -0.0049609
33.22 	 -0.00480286
33.23 	 -0.00464757
33.24 	 -0.0044956
33.25 	 -0.00434748
33.26 	 -0.0042038
33.27 	 -0.00406499
33.28 	 -0.00393149
33.29 	 -0.00380372
33.3 	 -0.00368217
33.31 	 -0.00356709
33.32 	 -0.00345877
33.33 	 -0.00335717
33.34 	 -0.00326233
33.35 	 -0.0031741
33.36 	 -0.003092
33.37 	 -0.0030156
33.38 	 -0.00294414
33.39 	 -0.0028771
33.4 	 -0.00281373
33.41 	 -0.00275343
33.42 	 -0.00269572
33.43 	 -0.0026402
33.44 	 -0.00258667
33.45 	 -0.00253484
33.46 	 -0.00248473
33.47 	 -0.00243629
33.48 	 -0.00238954
33.49 	 -0.00234441
33.5 	 -0.00230072
33.51 	 -0.00225814
33.52 	 -0.00221641
33.53 	 -0.00217498
33.54 	 -0.00213351
33.55 	 -0.00209143
33.56 	 -0.00204838
33.57 	 -0.00200398
33.58 	 -0.00195811
33.59 	 -0.00191056
33.6 	 -0.00186157
33.61 	 -0.00181129
33.62 	 -0.00176017
33.63 	 -0.0017088
33.64 	 -0.00165787
33.65 	 -0.00160808
33.66 	 -0.00156017
33.67 	 -0.00151483
33.68 	 -0.00147273
33.69 	 -0.00143444
33.7 	 -0.00140011
33.71 	 -0.00136993
33.72 	 -0.00134375
33.73 	 -0.0013213
33.74 	 -0.00130204
33.75 	 -0.00128516
33.76 	 -0.00126987
33.77 	 -0.00125534
33.78 	 -0.00124077
33.79 	 -0.00122554
33.8 	 -0.0012091
33.81 	 -0.00119128
33.82 	 -0.00117212
33.83 	 -0.0011519
33.84 	 -0.00113099
33.85 	 -0.00111004
33.86 	 -0.00108962
33.87 	 -0.00107047
33.88 	 -0.00105325
33.89 	 -0.00103844
33.9 	 -0.00102643
33.91 	 -0.00101749
33.92 	 -0.00101178
33.93 	 -0.00100952
33.94 	 -0.00101045
33.95 	 -0.0010145
33.96 	 -0.00102143
33.97 	 -0.00103092
33.98 	 -0.00104272
33.99 	 -0.00105634
34 	 -0.00107162
34.01 	 -0.00108818
34.02 	 -0.00110566
34.03 	 -0.00112388
34.04 	 -0.00114249
34.05 	 -0.00116147
34.06 	 -0.00118046
34.07 	 -0.0011993
34.08 	 -0.0012176
34.09 	 -0.00123514
34.1 	 -0.00125151
34.11 	 -0.00126636
34.12 	 -0.00127932
34.13 	 -0.00129002
34.14 	 -0.00129836
34.15 	 -0.00130402
34.16 	 -0.00130701
34.17 	 -0.0013071
34.18 	 -0.00130418
34.19 	 -0.00129808
34.2 	 -0.00128858
34.21 	 -0.0012754
34.22 	 -0.00125796
34.23 	 -0.0012357
34.24 	 -0.00120787
34.25 	 -0.00117365
34.26 	 -0.0011323
34.27 	 -0.00108305
34.28 	 -0.00102521
34.29 	 -0.000958274
34.3 	 -0.0008817
34.31 	 -0.000795377
34.32 	 -0.000699263
34.33 	 -0.000593638
34.34 	 -0.000478968
34.35 	 -0.000355857
34.36 	 -0.000225218
34.37 	 -8.78977e-05
34.38 	 5.47153e-05
34.39 	 0.000201693
34.4 	 0.000351774
34.41 	 0.000503915
34.42 	 0.000656996
34.43 	 0.000810011
34.44 	 0.000962096
34.45 	 0.00111257
34.46 	 0.00126059
34.47 	 0.00140554
34.48 	 0.00154691
34.49 	 0.00168429
34.5 	 0.0018174
34.51 	 0.00194606
34.52 	 0.00207029
34.53 	 0.0021902
34.54 	 0.00230604
34.55 	 0.00241802
34.56 	 0.00252647
34.57 	 0.0026317
34.58 	 0.00273385
34.59 	 0.00283282
34.6 	 0.0029284
34.61 	 0.00301992
34.62 	 0.00310681
34.63 	 0.00318803
34.64 	 0.00326262
34.65 	 0.00332946
34.66 	 0.00338745
34.67 	 0.00343562
34.68 	 0.00347326
34.69 	 0.0034998
34.7 	 0.0035149
34.71 	 0.00351838
34.72 	 0.00351015
34.73 	 0.00349055
34.74 	 0.00345963
34.75 	 0.00341782
34.76 	 0.00336541
34.77 	 0.0033028
34.78 	 0.00323046
34.79 	 0.00314876
34.8 	 0.0030582
34.81 	 0.00295947
34.82 	 0.00285315
34.83 	 0.00274026
34.84 	 0.00262156
34.85 	 0.00249812
34.86 	 0.00237077
34.87 	 0.00224039
34.88 	 0.00210779
34.89 	 0.00197336
34.9 	 0.00183766
34.91 	 0.00170077
34.92 	 0.0015628
34.93 	 0.00142369
34.94 	 0.00128322
34.95 	 0.0011412
34.96 	 0.000997485
34.97 	 0.000852093
34.98 	 0.00070515
34.99 	 0.000556972
35 	 0.000407865
35.01 	 0.000258431
35.02 	 0.000109317
35.03 	 -3.8824e-05
35.04 	 -0.000185115
35.05 	 -0.00032904
35.06 	 -0.000469859
35.07 	 -0.000607111
35.08 	 -0.000740211
35.09 	 -0.000868826
35.1 	 -0.000992796
35.11 	 -0.00111186
35.12 	 -0.00122608
35.13 	 -0.00133538
35.14 	 -0.00143988
35.15 	 -0.00153958
35.16 	 -0.00163435
35.17 	 -0.00172422
35.18 	 -0.0018091
35.19 	 -0.00188895
35.2 	 -0.0019639
35.21 	 -0.00203419
35.22 	 -0.00210022
35.23 	 -0.00216251
35.24 	 -0.00222178
35.25 	 -0.00227877
35.26 	 -0.00233453
35.27 	 -0.00238993
35.28 	 -0.00244588
35.29 	 -0.00250306
35.3 	 -0.00256212
35.31 	 -0.00262342
35.32 	 -0.00268711
35.33 	 -0.00275325
35.34 	 -0.00282167
35.35 	 -0.00289216
35.36 	 -0.00296433
35.37 	 -0.00303787
35.38 	 -0.00311256
35.39 	 -0.00318815
35.4 	 -0.00326454
35.41 	 -0.00334175
35.42 	 -0.00341978
35.43 	 -0.00349875
35.44 	 -0.00357884
35.45 	 -0.00366024
35.46 	 -0.00374313
35.47 	 -0.00382737
35.48 	 -0.00391269
35.49 	 -0.00399858
35.5 	 -0.00408413
35.51 	 -0.00416815
35.52 	 -0.00424908
35.53 	 -0.00432524
35.54 	 -0.00439489
35.55 	 -0.00445612
35.56 	 -0.00450713
35.57 	 -0.00454643
35.58 	 -0.00457276
35.59 	 -0.00458541
35.6 	 -0.00458392
35.61 	 -0.00456844
35.62 	 -0.00453947
35.63 	 -0.00449761
35.64 	 -0.00444397
35.65 	 -0.00437951
35.66 	 -0.00430546
35.67 	 -0.00422272
35.68 	 -0.0041322
35.69 	 -0.00403473
35.7 	 -0.00393105
35.71 	 -0.00382166
35.72 	 -0.00370708
35.73 	 -0.00358779
35.74 	 -0.00346456
35.75 	 -0.00333796
35.76 	 -0.0032088
35.77 	 -0.00307816
35.78 	 -0.0029471
35.79 	 -0.00281697
35.8 	 -0.00268895
35.81 	 -0.00256422
35.82 	 -0.0024441
35.83 	 -0.00232946
35.84 	 -0.00222112
35.85 	 -0.00211966
35.86 	 -0.00202539
35.87 	 -0.00193828
35.88 	 -0.00185815
35.89 	 -0.00178447
35.9 	 -0.00171684
35.91 	 -0.00165475
35.92 	 -0.00159761
35.93 	 -0.00154504
35.94 	 -0.00149654
35.95 	 -0.00145197
35.96 	 -0.00141117
35.97 	 -0.00137396
35.98 	 -0.00134032
35.99 	 -0.00130995
36 	 -0.00128273
36.01 	 -0.00125841
36.02 	 -0.0012366
36.03 	 -0.00121708
36.04 	 -0.00119952
36.05 	 -0.00118377
36.06 	 -0.00116953
36.07 	 -0.00115664
36.08 	 -0.00114496
36.09 	 -0.00113439
36.1 	 -0.00112463
36.11 	 -0.00111548
36.12 	 -0.00110661
36.13 	 -0.0010975
36.14 	 -0.00108757
36.15 	 -0.00107585
36.16 	 -0.00106166
36.17 	 -0.00104398
36.18 	 -0.00102205
36.19 	 -0.000994974
36.2 	 -0.000961943
36.21 	 -0.000922206
36.22 	 -0.000875078
36.23 	 -0.000820019
36.24 	 -0.000756452
36.25 	 -0.000683853
36.26 	 -0.000601842
36.27 	 -0.000509976
36.28 	 -0.000408063
36.29 	 -0.000295841
36.3 	 -0.000173444
36.31 	 -4.11804e-05
36.32 	 0.000100494
36.33 	 0.000250869
36.34 	 0.000409051
36.35 	 0.000574041
36.36 	 0.00074461
36.37 	 0.000919545
36.38 	 0.00109768
36.39 	 0.0012777
36.4 	 0.00145855
36.41 	 0.00163916
36.42 	 0.00181869
36.43 	 0.00199642
36.44 	 0.00217155
36.45 	 0.00234355
36.46 	 0.00251187
36.47 	 0.00267613
36.48 	 0.00283591
36.49 	 0.002991
36.5 	 0.00314113
36.51 	 0.00328613
36.52 	 0.00342595
36.53 	 0.00356053
36.54 	 0.00368975
36.55 	 0.00381349
36.56 	 0.00393158
36.57 	 0.00404391
36.58 	 0.00415006
36.59 	 0.00424982
36.6 	 0.00434257
36.61 	 0.00442798
36.62 	 0.0045057
36.63 	 0.00457546
36.64 	 0.00463729
36.65 	 0.0046913
36.66 	 0.00473794
36.67 	 0.00477795
36.68 	 0.00481223
36.69 	 0.00484175
36.7 	 0.00486773
36.71 	 0.00489115
36.72 	 0.00491301
36.73 	 0.00493403
36.74 	 0.00495449
36.75 	 0.00497482
36.76 	 0.00499488
36.77 	 0.00501456
36.78 	 0.00503349
36.79 	 0.00505125
36.8 	 0.00506769
36.81 	 0.0050825
36.82 	 0.00509569
36.83 	 0.00510732
36.84 	 0.00511764
36.85 	 0.00512677
36.86 	 0.00513499
36.87 	 0.00514234
36.88 	 0.00514903
36.89 	 0.00515492
36.9 	 0.00515971
36.91 	 0.00516307
36.92 	 0.00516431
36.93 	 0.00516281
36.94 	 0.00515776
36.95 	 0.00514841
36.96 	 0.00513399
36.97 	 0.00511385
36.98 	 0.00508726
36.99 	 0.00505394
37 	 0.00501334
37.01 	 0.0049655
37.02 	 0.00491028
37.03 	 0.00484799
37.04 	 0.00477878
37.05 	 0.00470298
37.06 	 0.0046211
37.07 	 0.00453352
37.08 	 0.00444077
37.09 	 0.00434319
37.1 	 0.00424103
37.11 	 0.00413456
37.12 	 0.00402384
37.13 	 0.00390903
37.14 	 0.00379004
37.15 	 0.00366683
37.16 	 0.00353953
37.17 	 0.00340817
37.18 	 0.00327318
37.19 	 0.00313461
37.2 	 0.002993
37.21 	 0.00284883
37.22 	 0.0027026
37.23 	 0.00255513
37.24 	 0.0024069
37.25 	 0.00225873
37.26 	 0.00211117
37.27 	 0.00196471
37.28 	 0.00181983
37.29 	 0.00167672
37.3 	 0.00153564
37.31 	 0.0013966
37.32 	 0.00125944
37.33 	 0.00112399
37.34 	 0.000989795
37.35 	 0.000856687
37.36 	 0.000724287
37.37 	 0.000592306
37.38 	 0.000460508
37.39 	 0.00032871
37.4 	 0.000196979
37.41 	 6.53376e-05
37.42 	 -6.59521e-05
37.43 	 -0.0001965
37.44 	 -0.000325919
37.45 	 -0.000453572
37.46 	 -0.000579117
37.47 	 -0.000701789
37.48 	 -0.000821081
37.49 	 -0.000936613
37.5 	 -0.0010479
37.51 	 -0.0011548
37.52 	 -0.00125716
37.53 	 -0.00135517
37.54 	 -0.00144907
37.55 	 -0.00153903
37.56 	 -0.00162556
37.57 	 -0.00170891
37.58 	 -0.00178967
37.59 	 -0.00186802
37.6 	 -0.00194428
37.61 	 -0.00201863
37.62 	 -0.00209128
37.63 	 -0.00216234
37.64 	 -0.00223205
37.65 	 -0.00230037
37.66 	 -0.00236749
37.67 	 -0.00243339
37.68 	 -0.00249816
37.69 	 -0.00256156
37.7 	 -0.0026235
37.71 	 -0.00268371
37.72 	 -0.00274183
37.73 	 -0.00279764
37.74 	 -0.00285054
37.75 	 -0.0029003
37.76 	 -0.00294643
37.77 	 -0.00298863
37.78 	 -0.00302679
37.79 	 -0.00306061
37.8 	 -0.00309016
37.81 	 -0.00311522
37.82 	 -0.00313607
37.83 	 -0.00315267
37.84 	 -0.00316547
37.85 	 -0.00317471
37.86 	 -0.00318079
37.87 	 -0.00318424
37.88 	 -0.0031856
37.89 	 -0.00318547
37.9 	 -0.00318438
37.91 	 -0.00318276
37.92 	 -0.00318114
37.93 	 -0.00317972
37.94 	 -0.00317869
37.95 	 -0.00317789
37.96 	 -0.00317735
37.97 	 -0.00317643
37.98 	 -0.00317491
37.99 	 -0.00317189
38 	 -0.00316702
38.01 	 -0.00315952
38.02 	 -0.00314889
38.03 	 -0.00313469
38.04 	 -0.00311649
38.05 	 -0.00309421
38.06 	 -0.00306771
38.07 	 -0.00303716
38.08 	 -0.00300284
38.09 	 -0.00296493
38.1 	 -0.00292384
38.11 	 -0.00287991
38.12 	 -0.00283359
38.13 	 -0.00278526
38.14 	 -0.0027353
38.15 	 -0.0026841
38.16 	 -0.00263208
38.17 	 -0.00257937
38.18 	 -0.00252641
38.19 	 -0.00247337
38.2 	 -0.00242062
38.21 	 -0.00236827
38.22 	 -0.00231635
38.23 	 -0.00226509
38.24 	 -0.00221444
38.25 	 -0.00216454
38.26 	 -0.00211541
38.27 	 -0.00206716
38.28 	 -0.00202005
38.29 	 -0.00197419
38.3 	 -0.00192983
38.31 	 -0.00188721
38.32 	 -0.0018467
38.33 	 -0.00180835
38.34 	 -0.00177244
38.35 	 -0.00173884
38.36 	 -0.00170769
38.37 	 -0.00167869
38.38 	 -0.00165161
38.39 	 -0.00162604
38.4 	 -0.00160175
38.41 	 -0.00157828
38.42 	 -0.00155535
38.43 	 -0.00153254
38.44 	 -0.00150966
38.45 	 -0.00148641
38.46 	 -0.00146283
38.47 	 -0.00143861
38.48 	 -0.00141394
38.49 	 -0.00138859
38.5 	 -0.00136276
38.51 	 -0.00133627
38.52 	 -0.00130929
38.53 	 -0.00128172
38.54 	 -0.00125373
38.55 	 -0.00122527
38.56 	 -0.00119641
38.57 	 -0.00116717
38.58 	 -0.00113769
38.59 	 -0.00110795
38.6 	 -0.00107821
38.61 	 -0.00104847
38.62 	 -0.00101891
38.63 	 -0.000989701
38.64 	 -0.000960956
38.65 	 -0.000932873
38.66 	 -0.00090556
38.67 	 -0.000879084
38.68 	 -0.000853601
38.69 	 -0.000829049
38.7 	 -0.000805666
38.71 	 -0.000783201
38.72 	 -0.000761862
38.73 	 -0.000741312
38.74 	 -0.000721807
38.75 	 -0.000703099
38.76 	 -0.000685311
38.77 	 -0.000668209
38.78 	 -0.00065202
38.79 	 -0.000636607
38.8 	 -0.000622199
38.81 	 -0.000608586
38.82 	 -0.000596066
38.83 	 -0.000584473
38.84 	 -0.00057415
38.85 	 -0.000564812
38.86 	 -0.000556701
38.87 	 -0.000549686
38.88 	 -0.000543812
38.89 	 -0.000538868
38.9 	 -0.000534984
38.91 	 -0.000531748
38.92 	 -0.000529431
38.93 	 -0.000527531
38.94 	 -0.000526308
38.95 	 -0.0005254
38.96 	 -0.000524943
38.97 	 -0.000524682
38.98 	 -0.000524775
38.99 	 -0.000524958
39 	 -0.000525299
39.01 	 -0.000525604
39.02 	 -0.000525983
39.03 	 -0.000526087
39.04 	 -0.000526179
39.05 	 -0.000525809
39.06 	 -0.000525327
39.07 	 -0.000524363
39.08 	 -0.000523129
39.09 	 -0.000521389
39.1 	 -0.000519458
39.11 	 -0.000516938
39.12 	 -0.000514337
39.13 	 -0.000511099
39.14 	 -0.000507715
39.15 	 -0.000503737
39.16 	 -0.000499363
39.17 	 -0.000494306
39.18 	 -0.00048881
39.19 	 -0.000482326
39.2 	 -0.000475374
39.21 	 -0.000467136
39.22 	 -0.000458262
39.23 	 -0.000448066
39.24 	 -0.00043704
39.25 	 -0.000424748
39.26 	 -0.0004116
39.27 	 -0.000397083
39.28 	 -0.000381852
39.29 	 -0.000365293
39.3 	 -0.000348232
39.31 	 -0.000329954
39.32 	 -0.000311318
39.33 	 -0.000291607
39.34 	 -0.000271741
39.35 	 -0.000251036
39.36 	 -0.000230345
39.37 	 -0.000208889
39.38 	 -0.000187565
39.39 	 -0.000165675
39.4 	 -0.000144145
39.41 	 -0.000121952
39.42 	 -0.00010017
39.43 	 -7.78189e-05
39.44 	 -5.60268e-05
39.45 	 -3.36303e-05
39.46 	 -1.16941e-05
39.47 	 1.0802e-05
39.48 	 3.27821e-05
39.49 	 5.53772e-05
39.5 	 7.73437e-05
39.51 	 0.000100105
39.52 	 0.000122003
39.53 	 0.000144807
39.54 	 0.000166592
39.55 	 0.000189358
39.56 	 0.000210947
39.57 	 0.00023352
39.58 	 0.000254781
39.59 	 0.000277102
39.6 	 0.000297909
39.61 	 0.000319874
39.62 	 0.000340178
39.63 	 0.00036189
39.64 	 0.000381537
39.65 	 0.000402851
39.66 	 0.000421774
39.67 	 0.000442748
39.68 	 0.000460883
39.69 	 0.000481548
39.7 	 0.000498748
39.71 	 0.000519138
39.72 	 0.000535298
39.73 	 0.000555546
39.74 	 0.000570532
39.75 	 0.000590864
39.76 	 0.000604325
39.77 	 0.000625207
39.78 	 0.000636588
39.79 	 0.000658828
39.8 	 0.000666934
39.81 	 0.000692387
39.82 	 0.000694261
39.83 	 0.00072835
39.84 	 0.0007129
39.85 	 0.000783861
39.86 	 0.000618536
39.87 	 0.000299475
39.88 	 0.000427754
