0.007848
0.006671
0.007848
0.005886
0.006671
0.004709
0.007848
0.004709
0.005886
0.003139
0.007063
0.002747
0.007063
7.85E-04
-0.001177
0.006671
0.001177
-0.013734
-0.006671
0.003924
0.013734
0.007063
-0.006671
-0.016481
0.018443
-0.006671
-0.009025
-0.013734
0.003139
-0.012557
0.003139
-0.016481
-0.030215
0.004709
0.019228
-0.025506
-0.034924
-0.033354
0.005101
-0.023544
-0.003924
-0.022367
0.015696
-0.013734
0.00981
-0.012557
0.013734
-0.012949
-0.05729
-0.043949
-0.059645
0.006671
0.10124
-0.006671
-0.047873
-0.032177
-0.00981
-0.017266
-0.013734
-0.13342
-0.10987
-0.023152
-0.047873
-0.030215
0.013734
-0.017266
-0.072202
0.041202
-0.063176
-0.03924
0.012557
-0.031392
-0.063176
-0.049835
-0.08672
-0.002747
-0.005101
-0.05062
-0.06043
-0.022367
-0.014519
-0.02119
-0.061214
0.007063
0.11026
-0.017266
-0.077695
0.10242
0.029038
-0.0671
-0.083581
-0.044734
-0.03924
-0.25702
-0.27586
-0.075733
-0.051797
-0.29548
-0.19973
0.15814
0.018443
-0.23662
-0.069455
0.022367
-0.10242
-0.1754
-0.22014
0.14637
0.098492
-0.076126
-0.045911
0.23269
-0.19463
-0.43086
-0.13812
-0.051404
-0.32451
-0.37592
-0.14715
0.17854
0.37043
0.66473
0.23387
0.059645
-0.28567
-0.22916
-0.19385
-0.31314
0.19581
0.33746
0.62156
0.5682
0.66983
0.75066
0.59527
-0.003139
-0.089467
0.066316
-0.5733
-1.1737
-0.91625
-0.26879
0.38612
1.0728
1.3985
0.46303
-0.063176
-0.43164
-0.037278
0.006671
-0.26016
-1.0281
-0.27115
0.65492
0.57722
0.71024
0.49992
0.3461
0.33119
-0.74085
-1.7222
-1.5241
-1.187
-0.86171
0.088682
0.29116
-0.28724
-0.49403
0.32373
0.24093
-0.66198
-0.65805
-0.40456
-0.18443
-0.72123
-0.26919
0.64511
0.43007
0.18247
0.41791
-0.10124
-0.70279
-1.1356
-0.67336
-0.015304
0.26801
0.5576
1.0348
0.97001
0.11301
0.2633
0.59252
0.36532
0.35865
-0.15107
0.082796
0.79736
1.1929
1.5708
1.8262
1.4228
0.45008
-0.72594
-0.9551
-0.33236
-0.3771
-1.189
-1.0387
-0.44067
-0.21268
-0.092606
0.10634
0.32177
0.044734
-0.37317
-0.19031
-0.02943
-0.66473
-1.0516
-0.16363
1.0673
1.0379
-0.53523
-1.7454
-1.9153
-1.6673
-1.3369
-0.14519
0.52817
0.70161
1.0748
1.4354
0.95903
-0.093784
-0.92567
-1.0399
-0.48658
0.18325
0.38416
0.82247
1.3946
1.0544
0.73497
1.0253
0.48618
-0.90919
-1.807
-1.1811
-1.3754
-1.4032
-0.89349
-0.65492
-0.42889
0.14597
0.75223
1.5001
0.76675
0.25349
0.2429
0.4442
0.058468
-0.66551
-0.65178
0.20052
0.72319
0.012557
0.12086
0.85975
0.54897
0.082012
0.074164
0.12361
0.051797
-0.007063
0.36179
1.2698
1.0924
0.6765
1.2361
0.77381
0.42968
0.82051
0.9963
0.95981
0.65688
0.71535
0.87741
0.002747
-0.38691
-0.38887
-0.38298
-1.1062
-1.2565
0.48658
1.643
0.79422
0.013734
0.064354
-0.67807
-1.0575
-0.32726
0.062392
0.029038
-0.25741
0.16088
-0.038063
-0.90841
-1.8254
-2.374
-2.4454
-2.3642
-1.5123
-0.34021
-0.002747
-0.40064
-1.1576
-1.5029
-0.90644
-0.31078
-0.09653
0.027468
-0.42379
-0.77852
-1.3671
-1.3451
-0.046696
0.33707
-0.30097
-0.34963
0.3457
0.66983
1.2121
1.4864
1.4334
1.5967
1.0662
0.70828
0.62195
0.010595
-0.32648
0.85857
2.3167
3.1341
2.9658
2.2096
-0.43282
-2.3622
-2.3807
-2.2379
-1.8105
-1.076
0.2166
1.2906
1.4597
0.90723
1.3714
0.97237
0.18011
-0.54465
-0.35748
0.40927
0.70279
0.65217
1.045
1.8788
1.3577
-0.12086
-0.6918
-0.62392
-0.88879
-1.0234
-0.48344
-0.16363
0.50973
1.6803
2.3505
2.0448
1.1921
-0.067493
-1.1431
-1.2361
-0.30019
-0.040025
-0.32138
-0.39789
-0.25231
-0.24878
-0.57722
-1.5351
-1.9031
-1.9773
-1.4766
-1.2019
-0.35944
0.032962
-1.0438
-1.1093
0.40927
1.0713
-0.11811
-1.4617
-1.3632
-0.17344
0.47873
0.48658
0.69494
-0.56427
-1.6704
-1.736
-1.1003
-0.98846
-0.38965
0.66551
2.2473
2.9764
1.9989
-0.077695
-0.96609
-1.1219
-1.0877
-0.90252
-0.063176
0.91429
0.8829
-0.10124
0.081619
0.47245
-0.19895
-0.77499
-0.42379
-0.66983
-1.2855
-1.3244
-0.7024
0.39083
1.3071
1.7258
1.5947
0.60626
0.36062
0.28724
-0.6714
-1.7564
-2.1609
-2.2445
-1.5437
-0.79932
-0.67532
-0.87701
-0.80481
-0.067493
0.63647
0.68395
0.072202
-0.9296
-2.1704
-2.5953
-2.1449
-0.83738
-0.18404
0.2582
1.5963
3.4005
3.2397
1.7438
0.47834
-0.54387
-1.2027
-1.3145
-0.74046
0.30725
1.196
1.0767
0.19228
-0.44459
-1.2737
-1.7065
-0.76714
0.53877
0.82247
0.75341
0.30725
0.22681
-0.30333
-0.90252
-0.20483
0.21817
0.17815
-0.007063
0.18835
-0.14833
-0.20679
-0.084758
0.62784
1.8427
2.2853
2.2014
2.4042
2.9226
3.2844
2.5486
1.3761
0.91508
1.1568
0.98414
0.69298
0.80481
1.5818
2.7291
3.7407
4.8253
4.5409
3.4873
2.6813
1.7964
1.0587
1.4919
2.0291
1.7736
1.8878
2.8457
3.5163
2.7209
1.8439
1.9247
2.3693
2.7696
2.2638
1.7073
1.6304
2.0283
1.652
-0.40613
-2.5624
-2.7444
-3.2554
-4.3474
-5.2268
-5.4128
-5.0329
-5.0243
-3.884
-1.2145
-0.4905
-2.4592
-5.2075
-5.8699
-5.6447
-5.1644
-3.7141
-1.5162
-0.71652
-1.2737
-0.58585
0.13067
0.33354
0.43753
0.16873
-0.58271
-1.8345
-2.5973
-2.8233
-3.1062
-2.5459
-1.6626
-0.61764
0.45322
1.1843
1.7093
1.8207
1.4958
1.9494
4.8485
6.6889
6.0492
4.3631
2.9705
1.7631
1.3047
1.5429
1.8105
1.641
1.7446
1.7179
2.1609
2.4521
2.2367
2.2959
3.8875
5.4555
5.711
5.0686
3.0309
0.97668
-0.55368
-1.7493
-1.9294
-2.0468
-1.8156
-1.1199
-0.48854
-0.063569
0.59566
1.1568
0.21621
-2.1868
-3.5504
-3.2192
-1.9695
-1.581
-1.4413
-0.19228
0.11772
-1.8023
-3.9201
-5.2158
-6.2541
-7.0436
-6.6865
-6.5131
-3.7831
-0.68317
-1.3612
-3.3888
-4.2375
-4.7257
-6.061
-5.7942
-2.6511
0.75145
2.7032
3.9483
4.832
5.399
4.8273
3.9452
2.7813
1.8388
1.0234
0.95039
1.7544
1.7807
0.87231
-0.031392
-0.72633
-0.9398
-0.84484
-0.46696
-0.8519
-2.2818
-4.0194
-5.3166
-5.95
-4.6331
-1.4472
1.1109
3.3244
4.9136
5.2472
4.7453
4.1029
4.2968
4.3788
3.6042
1.7682
-0.72633
-1.8878
-2.0809
-2.6938
-2.5035
-1.7882
-1.26
0.077695
1.5272
2.8147
2.8582
1.0144
-1.2565
-3.2004
-4.07
-2.8441
0.009025
3.563
5.7353
6.0904
5
4.1371
3.4829
2.5439
1.8525
2.2394
3.7388
5.4999
5.9229
5.0345
3.946
2.8096
1.2902
-0.85936
-1.922
-1.3432
-1.0548
-2.263
-3.8283
-5.2923
-6.4793
-6.9255
-7.8405
-8.9777
-8.5524
-7.5902
-6.4715
-5.4081
-5.3924
-5.5623
-4.4843
-3.1867
-1.7136
-0.59723
1.9326
4.9478
6.1069
5.7781
5.0365
3.8848
2.6616
2.3819
3.1569
3.8859
3.0474
0.85151
-1.2816
-2.6314
-3.1412
-1.9337
-0.21857
0.37435
-1.003
-3.0093
-4.0892
-4.0629
-2.7162
-1.1482
0.12753
1.6316
3.5716
4.8752
5.0824
4.732
4.6539
5.7483
6.3777
5.8173
4.7704
4.1437
3.9833
3.2687
3.0631
2.5396
1.3675
0.42026
0.27978
0.94411
1.7258
2.3693
1.4735
-1.3926
-4.5875
-7.0656
-8.7101
-9.6962
-9.1786
-8.6308
-8.3923
-8.0364
-7.4615
-6.4373
-4.6495
-3.2369
-2.3544
-3.0368
-4.0708
-4.6421
-4.8732
-4.2611
-2.4356
-0.079657
2.3254
3.7239
4.721
5.6184
5.4599
4.2697
2.6177
1.8164
2.6985
3.5289
3.8718
4.7767
5.7377
6.7277
6.9404
6.6626
5.4073
4.0233
3.027
2.3018
1.6634
0.031392
-2.2018
-4.1175
-5.6007
-6.0398
-5.1793
-3.8416
-1.4805
0.8468
1.7458
1.9977
2.2496
1.5021
-0.31392
-1.0995
-1.4378
-0.6969
0.69494
2.5494
3.9111
2.8936
1.041
-0.14637
-0.03924
0.65962
0.81266
1.6053
1.2631
-0.66943
-2.5894
-2.4549
-1.3334
-0.20562
0.54073
-0.089467
-0.6765
-1.7164
-3.4021
-3.6521
-4.3768
-5.131
-5.0816
-4.7159
-4.7316
-5.6478
-6.3718
-5.2221
-3.5398
-0.94922
1.9463
4.294
4.8807
4.0088
2.538
1.5437
1.8721
3.2954
4.6448
5.1291
3.9503
1.9373
0.29508
-1.2953
-2.5196
-4.1861
-6.0053
-6.858
-7.1095
-6.411
-4.181
-1.5457
-0.19698
-0.14323
0.20876
1.4884
2.5757
3.3742
4.4278
5.6808
5.2621
3.1235
1.1819
0.11301
0.088682
1.2184
2.7374
4.522
5.8279
6.0414
5.9394
5.1145
3.561
2.5098
1.7952
1.464
0.6043
-0.84131
-2.3254
-3.8428
-5.3629
-5.6898
-4.101
-2.4733
-1.2639
-0.88486
-1.6665
-3.0348
-4.5562
-4.9376
-3.4264
-1.4162
-0.53994
-0.38494
-0.78558
-0.76793
-0.47637
0.2425
0.36846
0.9708
1.3067
0.57487
0.14126
-0.33707
-0.81855
-0.90252
-0.81266
-1.1234
-1.9977
-3.1227
-3.3099
-2.5016
-1.1454
-0.39593
-0.34413
-0.81501
-1.2
-1.2808
-1.5284
-1.0752
-0.087505
1.1937
2.5683
3.1039
2.7621
1.3208
-0.40417
-2.2846
-2.9493
-2.0456
-0.27586
1.5206
2.9991
3.6627
3.7023
2.4706
0.9602
-0.64157
-1.185
-1.3334
-1.457
-0.81501
0.98218
2.2563
2.6275
2.7758
1.5488
0.1393
-0.71848
-1.0944
-0.25741
0.80795
1.1325
1.0155
0.52621
-0.47559
-2.0962
-3.3036
-2.8987
-0.79029
1.8286
4.2736
6.1187
6.8729
5.7294
3.1906
-0.07024
-2.4034
-4.8187
-6.1293
-6.2725
-5.2334
-3.2259
-0.97943
0.38181
0.75929
0.6298
-0.11615
-0.09653
0.54465
0.47951
-0.10163
-0.48932
-1.0516
-2.0165
-2.7452
-2.2932
-2.0797
-2.8166
-3.3821
-3.3507
-2.0797
-1.1588
-1.6653
-3.5234
-4.2626
-4.752
-5.3284
-4.5467
-2.8692
-1.3848
-1.2015
-1.3373
-1.1352
-0.058468
1.0779
2.87
4.843
5.5638
5.3017
4.6731
3.8596
3.262
2.1072
1.1776
0.41712
0.14911
-0.14597
-0.32569
0.41594
1.0917
1.4217
1.0524
0.94451
1.8871
2.6644
2.9764
3.882
3.9997
3.1031
2.2516
1.9232
1.526
0.68395
-0.13812
-0.51287
-0.8625
-1.2074
-1.5727
-1.5845
-0.90841
-0.1444
-0.13538
-0.80991
-1.3491
-1.5182
-2.1967
-2.5533
-1.7854
-1.7795
-2.3846
-2.2598
-2.9112
-4.8622
-5.8417
-5.5709
-5.0243
-5.5725
-6.2698
-6.3439
-6.028
-5.361
-3.9228
-2.0542
-0.61097
1.0077
3.1043
5.0796
5.8122
5.8056
5.1047
4.6802
3.7133
2.9552
2.7111
2.54
2.6118
3.2357
4.4581
5.0145
3.5544
1.6371
0.59723
0.46382
1.2796
2.8371
5.2189
7.177
8.3856
9.0872
9.3929
9.5667
9.1429
7.7891
7.2119
5.3449
3.0933
2.2131
2.1939
2.0381
1.0426
0.42026
-0.88957
-2.077
-2.7931
-2.5435
-1.3946
-0.72829
-1.6245
-2.073
-1.1132
1.1968
2.5271
0.76596
-3.0034
-6.3114
-7.6035
-6.5578
-5.454
-4.6527
-3.0058
-0.98022
0.63137
1.3926
1.5143
0.74281
-0.75851
-1.1313
-0.25741
0.77381
1.4648
2.3936
2.2414
0.84719
-0.22524
-0.27703
-0.49325
-0.50463
0.28096
1.6599
3.224
5.5007
7.4215
7.436
5.9029
2.8779
-0.41516
-2.8068
-2.418
0.42379
4.3917
6.3482
5.6498
3.561
0.50855
-2.5298
-5.2385
-6.1379
-3.749
-0.86053
0.48736
1.4307
2.538
1.0748
-2.6467
-5.6184
-6.1713
-5.5065
-4.7104
-3.4001
-1.2015
0.97668
2.5789
3.2915
3.7007
2.6051
-0.28174
-3.6116
-6.4507
-6.9988
-5.636
-3.8
-2.5722
-1.238
0.49599
2.0389
2.374
1.7481
0.19463
-1.1356
-1.7925
-2.0213
-2.1511
-2.1794
-1.6897
-1.3448
-1.1497
-0.38612
1.4315
2.6628
3.0395
2.6365
2.4968
3.0984
3.8899
4.1214
3.9479
3.7278
2.2999
-0.093391
-1.2671
-1.3879
-1.085
-0.33943
-0.022367
-0.53994
-1.6371
-1.7434
-0.58664
1.2565
2.2661
2.4509
2.5847
3.0796
2.9913
2.1276
0.96373
0.95039
1.2066
1.8282
1.3946
-0.56349
-1.8439
-2.7287
-4.1861
-4.608
-2.9697
-1.539
0.090644
2.1492
2.2355
0.77577
-0.83934
-2.1653
-3.231
-3.4257
-2.4344
-0.57997
0.88015
1.2388
0.6404
-0.52503
-1.4695
-1.6834
-0.96373
-0.004709
0.1805
1.0391
2.7962
4.9234
5.8746
5.3449
3.2028
1.7085
0.36572
-1.045
-2.1441
-3.2451
-4.2285
-3.565
-1.3267
0.21857
1.6092
2.7515
3.2365
3.4794
3.4586
3.4559
2.6636
1.2164
-1.0595
-2.3505
-2.2057
-1.3451
0.085936
1.6732
2.7919
2.6063
1.2113
-0.80677
-3.0854
-5.4744
-6.5719
-5.9362
-4.1096
-1.9628
0.11615
1.0163
1.1293
0.56898
-0.58978
-1.9024
-2.259
-2.2512
-2.4588
-2.491
-2.3332
-2.2112
-2.3548
-3.4178
-4.6778
-4.9811
-4.7198
-4.3172
-4.0429
-2.3846
-0.67728
0.63726
1.6861
2.376
3.4931
4.4157
4.5346
4.2658
4.267
3.8353
3.7592
3.647
4.4753
4.73
4.6413
3.0533
0.21268
-1.9212
-2.7052
-3.4665
-3.5642
-3.0454
-2.4129
-1.7846
-1.8196
-2.2853
-3.488
-4.6295
-4.8308
-4.3411
-3.2797
-2.447
-1.8608
-1.415
-0.70279
-0.080834
0.030215
-0.93941
-2.2759
-2.261
-1.9628
-1.4287
0.62156
3.5846
6.2411
6.7928
5.7247
4.3847
2.9646
0.23976
-2.1276
-4.5507
-5.3849
-4.7892
-3.5194
-2.405
-1.5982
-1.6461
-2.0264
-2.1044
-1.4538
-1.4589
-1.7835
-3.0858
-4.0543
-3.5591
-2.458
-0.91782
1.1442
3.1306
4.1555
3.5269
2.985
2.6287
1.8647
1.3926
0.7126
0.61214
0.072986
-0.78362
-0.98924
-1.1325
-1.8674
-1.9812
-1.2541
-0.19895
0.81188
1.7882
2.1664
1.7446
0.14205
-2.7754
-5.41
-7.8339
-9.3034
-8.6972
-7.0279
-5.3049
-4.6959
-4.2552
-3.7882
-3.1828
-2.4733
-1.1537
0.52071
2.1715
3.5292
4.686
4.9238
4.3709
2.8221
0.77656
-1.3039
-2.8225
-4.1645
-5.1546
-5.0212
-3.9589
-1.774
-0.34296
1.2007
2.9571
4.4016
5.1126
4.8654
4.9858
5.5026
5.908
5.9139
5.6788
5.3798
5.4081
5.2393
4.5463
3.8859
3.5846
3.5614
3.364
3.729
4.6731
6.1654
7.6604
8.9506
9.8649
10.32
9.5035
8.4868
6.6928
5.1008
3.9723
3.3126
3.7757
5.2503
5.3049
3.7305
1.736
-0.35277
-2.7511
-4.6696
-6.3741
-7.4827
-7.9822
-7.6946
-6.8662
-5.2676
-4.2305
-2.8265
-1.7638
-0.99984
-0.21268
0.18717
0.41437
0.026291
-0.42301
-1.3059
-2.0436
-2.8265
-3.481
-3.5445
-2.3725
-0.9912
-0.23897
-0.47284
-1.0144
-1.7717
-2.1821
-2.4753
-2.7943
-3.8078
-4.8477
-5.8868
-6.8682
-7.1397
-6.1693
-5.297
-4.5974
-3.7914
-2.5361
-0.63137
0.66394
0.73653
0.089467
-0.45597
-0.27076
-0.14126
0.35787
1.3954
2.5934
3.7258
3.995
3.2522
2.4796
1.9424
1.5009
0.95903
0.94725
1.4056
2.0475
2.5702
2.5078
2.1704
2.1323
1.0556
-0.39868
-1.6861
-2.8586
-4.1226
-4.956
-4.453
-3.3448
-2.3175
-1.4735
-0.61097
0.20169
0.98139
1.2282
0.97472
0.17854
-0.69376
-0.9861
-0.78872
-0.24682
0.71731
2.3195
2.9791
2.447
1.9102
1.8117
1.4739
1.2467
0.82443
-0.00981
-0.30215
-0.13185
-0.45793
-0.51444
-0.52935
-0.027468
0.42379
0.82443
0.80874
1.0379
1.0195
0.95589
-0.25349
-2.1303
-4.4479
-5.8927
-7.0055
-8.3569
-8.5104
-7.3418
-6.063
-5.9256
-6.641
-6.3584
-4.9752
-3.7258
-2.312
-0.51679
1.4115
2.2135
2.345
2.954
3.3299
3.0799
3.3342
4.5522
6.2694
6.7771
5.6859
4.708
3.9656
3.4308
3.138
2.9932
2.799
2.2477
1.4629
1.8529
2.5769
3.4782
4.6499
5.7024
6.1964
6.6928
6.8592
6.2745
5.4206
4.7308
4.2324
3.4998
2.9403
2.4188
1.9659
0.22524
-1.867
-3.6521
-4.8069
-5.2091
-5.381
-4.7763
-4.2579
-4.3144
-3.4998
-2.2689
-1.0924
-0.51758
-0.32177
-0.27664
-0.55054
-1.0575
-0.71417
2.035
4.8634
5.8632
5.1491
3.2451
0.63647
-2.414
-4.947
-6.3985
-6.6904
-5.8864
-5.3437
-4.8924
-4.5934
-4.8469
-5.3076
-5.9653
-6.6061
-7.0883
-6.4067
-5.4022
-4.4051
-3.8624
-3.9122
-3.9479
-4.0076
-3.7325
-3.3801
-2.9014
-2.0056
-1.6198
-1.3157
-1.0446
-0.44067
0.25428
1.1128
1.9616
3.0945
4.5299
5.4869
5.9645
6.0277
6.0708
5.9696
5.7596
5.2393
5.2103
4.6052
4.0974
4.1351
4.4121
4.9478
5.4763
5.8581
6.7791
6.7764
6.2835
6.2054
6.6547
7.5502
7.5396
6.3047
4.9654
3.3495
1.6716
0.048658
-1.2643
-2.2386
-2.3948
-3.503
-4.9831
-5.8362
-6.0257
-5.6188
-4.5299
-3.1675
-2.2504
-2.3509
-2.4678
-2.881
-3.2561
-3.5457
-3.9228
-3.3115
-2.8779
-3.2189
-4.5287
-5.0282
-4.3984
-3.3527
-2.3987
-1.5672
-0.87701
-1.7458
-3.4559
-4.6166
-4.8371
-3.4928
-2.3128
-0.79226
0.78441
2.1598
2.4042
1.5437
0.70554
0.5215
0.50777
0.92489
2.0562
3.2412
4.7743
5.7451
5.7659
5.4234
5.4889
5.1526
3.7121
2.0778
1.4142
1.371
1.2282
1.0956
1.1101
1.3432
1.7191
1.8647
2.3242
2.6244
3.1419
3.2475
2.8351
1.603
1.5323
1.7513
1.26
0.7746
0.6247
-0.16677
-1.3616
-2.1354
-2.9454
-3.3429
-3.9393
-5.0914
-5.7259
-5.8397
-5.7247
-5.9625
-6.0033
-6.4722
-6.2333
-5.5603
-5.6867
-5.2279
-4.2387
-3.1498
-2.4733
-2.0468
-2.0162
-2.0515
-2.7484
-2.8924
-2.312
-1.4472
-0.24878
1.2631
1.9734
3.0709
4.3513
5.7832
7.2178
8.5551
8.8651
9.3297
9.3356
7.9002
5.8409
4.0653
2.4007
1.497
1.5563
1.5488
1.9577
2.7335
3.1584
2.4309
1.1034
0.82129
0.12478
-1.0253
-0.96413
-1.1909
-0.63843
0.30686
0.37121
-0.077695
-0.77107
-1.96
-3.4947
-4.3282
-4.4922
-3.9609
-3.4386
-3.2589
-2.8068
-2.2622
-1.9114
-2.2339
-2.374
-2.6079
-2.4737
-2.1684
-2.1731
-1.4122
-0.013734
0.43086
0.26722
0.69494
1.1713
1.6771
0.79736
-0.55917
-2.0679
-2.542
-1.96
-1.1148
0.5937
3.0156
4.5483
5.4022
6.322
6.4911
6.3482
5.605
5.3194
5.1809
5.7326
6.3447
6.1371
5.2385
3.4001
1.2808
0.16206
0.31274
0.7797
1.6795
2.6236
3.6862
4.7363
4.8571
3.6917
1.7289
-0.28174
-1.1792
-1.2047
-0.32451
0.22798
0.40613
-0.13812
-2.0986
-3.9432
-4.7951
-4.6907
-5.0467
-5.1836
-4.3576
-3.4841
-3.0807
-2.4509
-1.3546
-0.39868
-0.80128
-2.1092
-3.1525
-3.7549
-4.8206
-6.0065
-6.5786
-6.6323
-7.051
-7.5149
-7.3057
-6.9384
-6.5511
-5.5631
-3.6937
-1.5594
0.11105
1.4287
2.9658
3.5371
3.2773
3.5112
4.0943
4.1712
3.3974
1.6391
0.52699
0.24172
0.71064
1.6646
2.582
2.8441
3.1996
3.5563
3.1635
2.1088
0.87544
0.33315
0.75066
1.2784
1.2981
1.5351
1.6304
1.3098
1.0642
1.1191
0.51679
-0.63333
-1.5825
-1.4366
-1.0681
-0.33746
0.4442
1.0206
1.6069
1.8906
2.0079
1.7815
1.333
0.79736
0.89467
0.59449
0.44145
0.79304
1.5068
2.0664
2.7103
3.6195
4.2658
4.2677
4.8038
5.6313
6.6469
6.9624
7.0463
6.5727
4.8524
2.6624
0.23976
-1.3977
-1.3926
-1.1168
-0.67218
-0.10791
0.10595
0.19031
-0.58782
-1.3895
-2.0154
-2.8382
-4.3906
-5.9029
-6.371
-6.5951
-6.7422
-6.6402
-6.2482
-5.5093
-4.8332
-4.9136
-4.6856
-4.9678
-6.0394
-6.679
-6.3302
-5.5093
-4.2364
-2.8343
-2.6989
-1.6171
-0.82051
-0.41202
0.13656
0.94411
1.0108
0.87544
0.33746
-0.15618
-0.6043
-1.1238
-1.2867
-0.96805
-0.29155
0.083974
0.21857
1.0144
1.3353
1.8125
2.6648
3.5092
4.5589
5.2181
5.0969
4.223
3.1365
1.7466
0.53994
-0.56309
-0.91979
-1.6493
-2.0844
-2.035
-1.4491
-0.87819
-0.53877
-0.033354
0.026291
-0.22798
-0.74831
-0.85386
-0.68003
-0.12988
0.74085
0.66983
0.39279
-0.055721
-0.72516
-1.4958
-2.1237
-2.6228
-3.4268
-4.5224
-5.3924
-5.5846
-4.6256
-2.675
-1.0983
0.35748
1.6132
2.1657
2.0954
2.033
2.1382
2.2006
2.1676
1.8129
1.7474
1.65
1.34
0.87898
0.49678
0.41124
1.1431
1.8937
2.6004
3.069
3.5555
3.306
2.3968
1.7038
0.95432
0.48422
0.67807
1.2494
2.2798
3.7929
4.5307
4.3089
3.7745
2.7613
1.9416
1.4719
0.71535
-0.095746
-0.47755
-0.21935
0.24957
0.77264
1.2867
1.3954
1.6226
1.7944
1.9451
1.8254
2.5027
3.1886
2.1625
0.50306
-1.2423
-3.5944
-5.9343
-6.3906
-7.8543
-9.5181
-9.447
-8.672
-6.0018
-3.2349
-2.0201
-1.7199
-1.8627
-3.5524
-4.8944
-4.4588
-2.1664
0.63373
2.9909
3.4567
3.5434
3.6281
2.8398
1.6987
0.78048
-0.088682
-1.0155
-2.3156
-3.4335
-3.9899
-4.0747
-3.4362
-2.0829
-0.49403
1.8227
3.4229
3.798
3.3409
3.8585
5.5481
6.8697
7.8017
7.8378
6.5134
4.0339
0.88486
-2.4329
-5
-6.5339
-7.396
-6.7489
-4.5326
-1.2757
2.022
4.192
5.0145
4.646
3.8624
2.9736
2.1974
1.7199
1.4793
0.5886
-0.83346
-2.3948
-3.346
-3.8875
-4.4333
-4.9376
-5.4218
-5.3213
-3.8691
-2.1849
-0.49796
1.3028
2.3544
2.2563
1.6493
0.84209
-0.63647
-1.1756
1.3761
4.8563
7.549
9.3631
9.5267
8.5492
6.4185
3.9625
0.90644
-1.9977
-4.2893
-5.2268
-5.0902
-3.9479
-3.1506
-2.3069
-1.9616
-1.2718
0.041202
1.1356
1.9314
2.4745
2.5322
1.6269
0.30097
-0.2943
-0.86838
-2.0546
-2.6004
-2.83
-2.9167
-3.4967
-3.8094
-3.0019
-2.3175
-2.0738
-1.2435
-0.072202
1.1227
1.3491
0.48854
0.21739
-0.17854
-0.60116
-0.37317
-0.091429
-0.2476
-0.73653
-1.5594
-1.8372
-2.2559
-3.2385
-4.4333
-5.6207
-7.051
-7.4964
-6.9828
-5.6207
-3.8828
-2.4239
-1.6551
-1.3196
-2.0059
-3.2973
-4.0817
-4.7531
-3.8828
-1.734
0.026291
0.90134
0.93391
0.27311
-0.67807
-1.9432
-3.2942
-3.9322
-3.53
-3.5261
-3.5524
-3.0058
-2.0805
-1.7638
-1.1325
-0.56937
0.36062
1.4075
2.1617
2.1413
2.1092
1.6528
1.1588
0.9139
0.4336
0.2115
0.6918
1.6355
2.7656
3.6332
4.0896
4.8328
5.0447
5.3319
6.0539
6.8741
8.2502
8.7364
8.8133
8.8404
8.5296
7.4909
6.322
5.6867
5.1742
4.4318
3.7521
3.2291
2.985
2.1625
0.99042
0.77695
0.91625
0.83699
1.2612
1.6285
1.5304
0.62784
-0.90566
-1.4056
-1.5523
-1.5527
-0.27272
1.3039
2.7193
3.14
2.179
0.45715
-1.891
-4.6499
-6.7744
-7.9642
-8.4138
-8.4107
-7.4505
-5.6529
-3.3907
-1.3761
-0.27782
0.67336
0.69573
0.97001
1.3028
1.0128
0.89781
0.19895
-1.4852
-3.7231
-5.8942
-7.2013
-7.2849
-6.6312
-6.6076
-5.0102
-2.5212
-0.59645
0.3355
1.4648
2.6083
2.8739
3.0152
3.0854
2.7837
2.6204
2.841
2.8763
2.8057
1.8129
0.73026
-0.90723
-2.5145
-3.8322
-4.9325
-5.1616
-4.5448
-3.946
-3.503
-3.1333
-3.1996
-3.503
-4.2054
-4.2046
-4.2579
-3.5151
-2.6024
-2.5632
-2.4133
-1.3126
-0.40613
0.41437
1.6559
2.6334
2.8798
3.4366
3.8954
2.848
2.1578
1.8243
2.0534
2.3626
2.4635
2.15
1.8714
1.6238
1.4962
1.9298
3.3079
4.5805
5.76
7.0962
7.7927
7.6538
6.7473
5.7294
4.8838
4.5409
5.2024
6.0598
6.2835
6.6712
7.0918
7.5772
7.2986
6.743
5.6309
4.7991
4.7947
4.8281
4.7559
4.097
3.3225
2.3693
1.3008
0.79618
0.75459
0.017658
-1.2521
-2.6471
-3.7298
-4.5318
-5.6749
-6.5437
-6.4813
-5.9248
-4.6566
-3.0631
-2.5671
-2.9508
-3.9479
-5.213
-6.8572
-7.8778
-8.2949
-7.6255
-5.8982
-4.2999
-2.6448
-1.2718
-0.25153
-0.13734
-0.79618
-1.2882
-0.56231
-0.20836
0.22406
0.72712
0.97865
1.424
1.8945
2.272
2.8225
3.1078
3.1353
2.2826
1.3812
0.54583
0.35473
0.80795
1.3526
2.0099
2.5526
2.4501
1.3228
0.1032
-0.64393
-0.68395
-0.53916
0.027468
0.86563
1.847
2.8955
3.6666
4.4196
4.577
4.8591
5.0988
4.8018
4.7602
4.6656
3.5308
1.9997
0.40417
-1.0253
-1.6948
-2.2641
-2.3885
-2.7111
-2.755
-2.6722
-2.8524
-2.3163
-1.2019
0.009025
1.4228
2.7005
3.523
4.1363
3.9946
3.4774
3.1294
3.2667
3.9911
5.0686
5.7094
5.3629
4.2987
2.3968
0.8829
0.49403
0.8107
1.0265
1.1909
1.623
1.6187
1.5386
1.6587
1.6402
1.9698
2.2602
2.3681
3.0858
3.2338
2.6742
1.9353
0.95903
-0.053759
-1.083
-1.8215
-2.2261
-2.1868
-2.0436
-1.1803
-0.33746
0.5682
0.75145
0.75459
0.48265
-0.17736
-1.3106
-2.8061
-4.524
-5.762
-6.9137
-7.6447
-7.795
-7.9018
-7.9343
-8.1439
-8.1125
-8.0626
-8.2392
-8.5971
-8.4664
-8.5908
-8.3102
-7.1523
-5.671
-4.181
-3.3134
-2.7405
-2.1696
-0.93784
-0.74085
-0.82836
0.012557
0.61764
0.72594
0.8107
0.97551
0.57604
0.52071
0.17462
0.19502
0.32726
0.4081
0.54308
1.0587
1.3479
1.4315
1.5665
1.5056
1.455
1.3915
1.1776
1.0077
0.48932
-0.31745
-0.53288
-0.93862
-1.5284
-2.1107
-2.8626
-2.828
-2.6656
-2.0574
-0.92214
-0.12204
0.32451
0.78637
0.48147
0.23112
-0.32844
-0.44537
0.07024
0.99042
1.1882
1.4005
2.0126
2.5059
2.3936
2.4804
2.6354
2.7213
1.951
1.2467
1.2055
1.2078
0.89742
0.7279
0.91979
1.1937
0.89546
0.34688
0.15892
0.058468
-0.21857
-0.28096
0.12871
0.43007
0.65805
0.84131
1.1246
1.0065
0.45793
-0.14911
0.13145
0.087898
0.026291
0.011772
0.00981
0.026291
-0.36258
-0.68003
-0.83738
-0.92292
-0.94843
-0.6557
-0.53209
-0.67846
-1.0936
-2.3615
-3.7706
-4.4247
-4.8897
-5.4638
-5.9331
-5.6957
-5.9829
-6.3035
-6.2376
-5.4822
-4.3478
-3.76
-3.5736
-3.7902
-4.1316
-4.3388
-4.2823
-3.2765
-1.9094
-0.55642
0.37435
1.2482
1.993
2.7076
2.7794
2.7904
2.2959
2.115
2.1284
1.6265
1.3577
1.8247
1.7183
1.6167
1.8674
1.8878
2.1052
2.3069
1.922
1.8302
1.7933
1.6128
1.3479
0.85975
0.15578
-0.71809
-1.5186
-2.2736
-2.5828
-2.0601
-1.3918
-0.74085
0.40064
1.6014
2.5133
3.0077
3.0046
2.8916
2.881
3.1392
3.1596
3.0427
3.386
3.769
4.1481
4.0825
3.829
3.2251
3.3699
4.059
4.1661
4.2862
4.2093
4.0241
3.7309
3.5006
3.1753
3.4445
3.4025
3.0788
2.7103
2.4627
2.5145
1.7191
0.95589
0.63726
0.41908
0.4748
0.41634
0.47637
0.45008
0.44067
0.8158
1.2886
1.0045
0.68238
0.31078
-0.01962
-0.3716
-0.62941
-1.1015
-1.3008
-1.5084
-1.9903
-2.5828
-3.4347
-4.0445
-4.801
-5.713
-6.3738
-6.2227
-6.2082
-6.0379
-5.2523
-4.2285
-2.7754
-1.4786
-0.66394
-0.21817
0.18011
0.58782
0.23701
-0.78833
-1.4864
-2.1617
-2.8127
-3.4912
-4.0555
-4.6087
-4.9576
-5.1255
-5.4265
-5.5619
-5.1801
-5.0192
-4.5448
-3.6764
-2.9901
-2.073
-1.3632
-1.2223
-1.0544
-0.42772
0.24447
0.72398
0.8519
0.89271
0.92685
0.76283
0.5164
0.67846
0.85857
1.0261
1.4044
1.495
1.2631
0.92999
0.95706
1.218
1.4715
1.8604
2.4403
2.6832
2.7378
2.8331
2.7339
2.7162
2.5239
1.7183
0.97865
0.90919
0.95
0.41634
0.038063
0.19581
0.018443
-0.12204
0.02119
-0.091429
-0.18129
-0.5419
-0.9037
-1.074
-1.386
-1.9275
-2.1821
-2.2269
-1.4884
-0.89153
-0.045518
0.59135
0.86328
0.89389
0.88996
0.8158
1.0477
0.95314
1.3973
1.809
2.2912
2.7354
2.7531
2.693
2.766
2.6314
2.6326
2.3517
2.5125
2.5922
2.6703
2.8759
3.1635
3.1321
3.1372
3.1294
3.2287
3.4931
3.7678
4.2685
4.9234
5.0706
5.1028
5.0737
4.7112
4.2552
3.6156
3.2306
3.0497
2.3681
1.5225
1.2941
0.62352
-0.075733
-0.46107
-0.95039
-1.085
-1.1819
-1.2553
-1.0944
-1.045
-0.8158
-1.3793
-2.1441
-2.3101
-2.6487
-2.9481
-3.0894
-3.0329
-3.0603
-3.034
-3.295
-3.4657
-3.771
-4.0712
-4.0955
-3.9083
-4.0268
-4.1457
-4.0923
-4.15
-3.997
-3.7816
-3.1596
-2.2194
-1.3773
-0.93862
-0.30215
-0.10595
-0.091429
-0.24054
-0.27115
-0.28763
-0.45401
-0.45597
0.14244
0.22053
0.20366
0.38181
0.90448
1.6033
2.0134
2.3556
2.9528
2.6801
2.1755
1.8466
1.355
0.9551
0.28449
-0.30921
-0.48147
-0.69965
-0.7848
-0.6765
-0.42497
-0.007063
-0.032962
-0.14048
-0.16167
-0.2166
-0.30333
-0.27193
-0.18521
0.006671
-0.04748
-0.41987
-1.0693
-0.93548
-0.64785
-1.0187
-0.83424
-0.63176
-0.37513
-0.79343
-1.1521
-1.4017
-1.5661
-1.7658
-1.9298
-1.4032
-1.1745
-1.1595
-0.74556
-0.2476
0.81305
1.1431
1.6956
1.8714
2.2912
2.4521
2.0417
2.1492
2.4093
2.5086
2.2037
1.9859
1.8545
1.9412
2.0632
2.0585
2.2485
2.292
2.0389
1.5727
1.156
0.86956
0.82639
0.21347
-0.15774
-0.31078
-0.23505
-0.43556
-0.30215
-0.58193
-0.53994
-0.66473
-0.94254
-1.045
-0.71338
-0.96805
-1.2321
-0.89742
-0.81972
-0.93666
-0.13185
0.40456
0.5937
0.31667
0.30803
0.61018
1.0869
0.9708
0.65688
1.1646
1.8741
2.1453
2.4957
2.1303
2.2229
2.985
3.1031
2.9277
3.2271
3.1988
3.3252
3.1506
2.5106
2.2379
2.2335
1.415
0.84994
0.85739
0.19031
-0.50109
-0.95314
-1.1109
-1.486
-1.8427
-1.8097
-1.3302
-1.4739
-1.6822
-1.541
-1.3334
-1.1023
-0.73183
-0.97237
-0.93862
-0.53523
-0.036886
0.07691
-0.031
0.36572
0.28449
0.40927
0.48618
0.28096
0.069455
0.22524
-0.11772
-0.72202
-0.63961
-0.68395
-0.7848
-0.5682
-1.0214
-1.2047
-1.4786
-1.8451
-2.3018
-2.6707
-3.0407
-3.0164
-3.0125
-3.1545
-2.8924
-2.1205
-2.0554
-2.3564
-2.2696
-2.1296
-1.9051
-1.6755
-1.9353
-1.9871
-1.7348
-1.3499
-0.94843
-0.3665
0.092606
0.93587
2.2229
2.5479
2.728
3.0144
3.3421
3.0454
2.7892
2.996
3.4445
3.3817
3.1419
2.8135
2.655
2.6244
2.6821
2.0711
1.5621
0.94451
0.33943
-0.6918
-1.4982
-2.4533
-2.8779
-2.6204
-2.7064
-2.726
-2.8524
-2.5651
-2.1296
-1.7132
-1.6877
-1.231
-0.03924
0.79696
1.3491
1.8156
2.1637
2.3203
1.7682
1.4519
0.56623
0.061214
0.10163
-0.29508
-0.5682
-0.67728
-0.60744
-0.2943
0.11968
0.074164
-0.083581
-0.10045
0.11301
-0.072202
-0.82051
-1.2592
-1.6383
-1.7026
-1.8906
-2.0279
-1.9636
-1.8867
-1.5425
-1.6269
-1.734
-2.2496
-2.4462
-2.1849
-2.2434
-2.3226
-2.3022
-2.2893
-2.1033
-1.8702
-1.7874
-1.5221
-0.91704
-0.53131
-0.34492
-0.3253
-0.090644
0.26683
-0.14911
-0.34374
0.024329
0.70083
1.6532
2.5
3.1525
3.8192
4.4063
4.5632
5.0902
5.4473
5.2511
5.3516
5.5144
5.7373
5.5093
5.2444
4.6413
4.2367
3.7823
3.1082
2.4533
2.3885
1.6999
0.88368
0.34217
-0.12596
-0.39358
-0.49128
-1.041
-1.2973
-1.7689
-2.1598
-2.7233
-3.2279
-3.9585
-4.1614
-4.0672
-4.3411
-4.4392
-4.1014
-4.1253
-4.2356
-3.771
-3.2028
-2.3156
-1.6108
-1.5041
-1.3597
-1.1862
-1.2855
-1.2521
-1.5253
-1.4939
-1.6854
-1.7591
-1.7493
-1.7379
-1.7309
-1.4582
-1.8325
-2.0456
-1.9385
-1.7623
-1.6112
-1.7014
-1.331
-1.2145
-1.2298
-0.84719
-0.49521
0.04748
0.23466
0.56427
0.4854
1.0077
1.6206
1.8949
2.5769
2.7554
3.3719
4.2932
4.6252
5.1145
5.5454
5.8825
5.9433
5.762
6.1505
6.0328
5.5317
5.1271
4.6488
4.1889
3.2734
2.7115
1.9942
1.3907
0.82365
0.31784
-0.021582
-0.001177
-0.50659
-0.79029
-1.1227
-1.7944
-2.6754
-3.4072
-4.1135
-4.6849
-5.5375
-5.866
-6.1556
-6.132
-5.9029
-5.7169
-5.2656
-4.4596
-4.1559
-3.9044
-3.8557
-4.0025
-3.9322
-4.1312
-4.3215
-4.2328
-4.4957
-4.8222
-4.9588
-5.1126
-4.914
-4.6146
-4.0366
-3.5551
-3.3158
-3.2134
-2.7629
-2.6322
-2.4443
-2.139
-1.8086
-1.3189
-0.88212
-0.50659
0.29038
0.61685
0.7746
1.3624
1.7893
2.1131
2.2394
2.345
2.9442
3.0933
3.3848
3.72
4.0076
4.2874
4.3176
4.2823
4.732
4.7402
4.6138
4.5911
4.3537
4.484
4.2709
3.8094
3.7988
3.8644
3.2628
2.7095
2.3944
2.0252
1.5727
0.78284
0.18521
-0.22995
-0.58585
-0.84131
-0.97158
-1.0089
-0.75145
-0.84327
-0.74752
-0.83542
-0.87152
-0.80874
-1.1556
-1.1435
-0.95706
-0.66747
-0.91115
-1.1274
-1.1411
-1.1093
-1.2592
-1.643
-1.3899
-1.7532
-2.1558
-2.0087
-1.8407
-1.1246
-0.85386
-0.47049
-0.25035
0.04081
0.42772
0.33158
0.63451
0.9963
1.2074
1.1772
1.0885
0.91782
0.95785
0.93744
0.65178
0.50855
0.42418
0.39986
0.27272
0.38887
0.56702
0.82247
0.76008
0.82639
1.218
1.5449
1.4962
1.6226
1.2404
1.2494
1.3283
1.0202
0.88957
1.3283
1.1674
0.84288
0.88604
0.87348
0.91625
0.83032
0.30019
-0.19463
-0.28527
-0.30333
-0.57879
-0.68435
-0.41516
-0.40064
-0.93784
-0.93156
-0.61489
-0.63569
-0.62666
-0.68827
-0.66473
-0.38887
-0.092606
-0.28959
-0.43086
-0.32334
-0.82953
-1.3067
-1.2796
-1.2953
-1.1901
-1.1858
-1.2553
-1.3224
-1.2572
-1.0195
-0.50266
-0.50855
-0.55721
-0.38808
0.26722
0.76047
0.70554
0.7746
0.89585
1.083
0.88604
0.57604
0.46656
0.25349
0.38808
0.45989
0.74674
0.86132
1.2329
1.7136
1.7136
1.7136
1.2981
1.3208
1.4276
0.91115
0.32844
-0.17344
-0.40535
-0.60626
-0.84209
-1.0049
-0.8519
-0.84327
-0.95
-1.1509
-1.1152
-0.86053
-1.0924
-1.2239
-1.1694
-1.2533
-1.2604
-1.6391
-2.106
-2.3787
-2.4392
-2.0613
-1.3993
-1.5049
-1.4542
-1.103
-0.6714
-0.32726
-0.069455
0.63569
1.3793
2.0621
2.2838
2.5718
2.4717
2.5204
2.673
2.7433
2.6781
2.3634
2.4937
2.3246
2.0554
2.002
2.0625
2.2657
2.4219
2.5145
2.6793
2.9061
3.4512
3.6764
3.9373
3.6725
3.6246
3.8455
3.8828
3.6003
3.0387
2.9822
2.5604
2.1868
1.92
1.5994
1.4531
1.5602
0.98924
0.61607
0.47166
0.45322
0.35865
0.16559
0.07024
-0.059645
-0.44223
-0.95039
-1.1548
-1.2263
-1.415
-1.9734
-2.2959
-2.4034
-2.3246
-2.2328
-2.3226
-2.1531
-2.1492
-2.1959
-2.1099
-1.849
-1.3291
-0.89467
-0.90723
-1.0128
-0.89742
-0.82914
-1.1941
-1.4201
-1.7156
-2.2033
-2.7417
-3.1529
-3.532
-3.6077
-3.6273
-3.6587
-3.2028
-3.2734
-3.2812
-2.9151
-2.6146
-2.1166
-2.0016
-1.8262
-1.5488
-1.2945
-1.4017
-1.3506
-1.2828
-0.90134
-0.95196
-0.87819
-0.56623
-0.28841
-0.12557
0.28057
0.72594
1.26
1.3938
1.6324
1.9373
2.2104
2.3666
2.425
2.5455
2.8908
2.6879
2.4611
2.2814
1.9279
1.5264
1.03
0.19306
0.28096
0.072986
-0.58271
-0.52228
-1.061
-1.2718
-1.4758
-1.3098
-1.2541
-1.2945
-1.6316
-1.2282
-1.1843
-1.2435
-1.0544
-0.95432
-0.66983
-0.43949
-0.40535
0.16873
0.30607
0.34806
0.52542
0.55564
0.79343
0.86956
0.97865
1.3632
1.3322
1.1917
1.196
0.97001
0.97865
0.84405
0.70004
0.97551
0.80599
0.69219
0.6659
0.49325
0.48265
0.28724
-0.13185
0.078872
-0.1083
-0.38573
-0.24368
-0.2064
0.005101
0.13067
0.16206
0.57016
0.49325
0.31078
0.28174
-0.043949
-0.09967
-0.26212
-0.57487
-0.66394
-0.94529
-1.2816
-1.2914
-1.2796
-0.95628
-1.0709
-0.93862
-0.9347
-0.75066
-0.38691
-0.47245
-0.19031
0.14637
0.4387
0.14401
-0.19385
-0.64628
-1.0273
-1.2125
-1.6391
-1.7317
-1.7544
-1.9899
-2.0067
-1.7972
-1.2243
-0.59645
-0.39162
-0.14048
0.61293
1.3322
1.4036
1.5017
2.024
1.7682
1.3683
1.3087
1.1697
1.3722
1.1403
0.71731
0.33825
0.33629
0.44341
0.36572
0.25741
0.49678
0.49403
0.49011
0.73026
0.87937
1.114
1.5437
1.3605
1.2981
1.3487
1.4013
1.1431
1.1435
0.66983
0.66786
0.92214
0.70867
0.59449
1.0077
1.0026
0.84327
1.0195
0.90762
0.98061
1.2404
1.2388
1.1411
1.2545
1.7709
1.6657
1.344
1.2361
1.0556
0.9602
0.57879
0.23112
-0.071417
-0.11968
0.10987
0.28253
0.46107
0.81776
1.1403
1.2604
1.1062
1.1313
1.3389
0.80874
0.30489
-0.16755
-0.36454
-0.25506
-0.67414
-0.87898
-0.71613
-0.52346
-0.28371
-0.17815
-0.1444
-0.08672
-0.13067
0.009025
0.15107
0.15304
-0.055721
-0.27193
-0.49913
-0.39789
-0.33432
-0.58585
-0.83503
-0.62666
0.094568
0.68199
0.61018
0.58938
0.71221
0.80207
0.47088
-0.011772
-0.10124
-0.32138
-0.30097
-0.47284
-0.57016
-0.99316
-1.1128
-0.93391
-1.0379
-1.0195
-1.1843
-0.96687
-0.68395
-0.82247
-1.0846
-1.1537
-1.2533
-1.2561
-1.5351
-1.34
-0.96373
-1.0975
-1.3177
-1.2659
-1.2027
-0.94451
-1.0226
-0.95196
-0.82129
-0.5682
-0.17069
0.59056
0.56309
0.66747
0.79343
0.99395
0.99984
1.2251
1.0147
1.351
2.0107
1.7678
1.4754
1.4334
1.5884
1.2106
0.84719
0.65099
0.41908
0.35159
0.31117
-0.11772
-0.31117
-0.30097
-0.21543
-0.30215
-0.28174
-0.63176
-0.64785
-0.56152
-0.98532
-1.1462
-0.95392
-1.147
-1.5272
-1.4978
-1.5845
-1.3491
-1.2219
-1.4036
-1.6995
-2.0778
-1.9989
-1.8223
-2.1519
-2.5581
-2.3485
-2.5545
-3.0697
-2.9775
-2.9764
-2.6609
-2.7444
-2.6287
-2.8508
-2.4874
-2.0291
-2.2657
-2.0185
-1.5284
-1.2263
-1.2447
-1.2981
-1.258
-1.2435
-1.2777
-1.6151
-1.3801
-1.5253
-1.9314
-2.1068
-2.1774
-1.9628
-2.1205
-2.1052
-1.9232
-1.7729
-1.6179
-1.342
-1.269
-0.90566
-0.62549
-0.2786
-0.14911
0.10516
0.49992
0.7075
0.89663
0.85072
1.4064
1.6249
1.9412
1.8439
2.073
2.2602
2.1986
2.3352
2.5145
2.3732
2.2779
2.0907
1.9534
1.9569
1.7552
1.4444
1.4095
1.1799
0.9657
0.88486
0.74046
0.68709
0.60704
0.68788
0.62745
0.96413
0.95981
0.88094
0.91979
0.90566
0.64628
0.47755
0.55328
0.71456
0.55171
0.4905
0.52699
0.3975
0.21347
0.053366
0.10791
0.14911
-0.049442
-0.2892
-0.29705
-0.48422
-0.79029
-0.85543
-0.80403
-0.63961
-0.4442
-0.23662
0.20483
0.47284
0.3975
0.51561
0.72123
0.90762
0.88368
0.9033
1.0654
1.1725
0.93548
1.0897
1.1803
1.4715
1.3754
1.2894
1.3145
1.3938
1.3255
1.1898
0.97943
1.1764
1.1062
0.82365
0.16638
0.16363
0.33707
-0.25428
-0.25624
-0.28841
-0.27076
-0.67728
-0.85347
-0.99709
-1.0779
-1.1725
-1.2321
-1.2565
-1.4197
-1.5916
-1.3467
-1.417
-1.1207
-0.80913
-0.98139
-1.1823
-1.2184
-0.95903
-0.77264
-0.81855
-0.83895
-0.36846
-0.35983
-0.48932
-0.13381
0.061214
0.68121
0.94411
1.1089
1.1215
1.6614
2.3948
2.3458
2.2759
2.6412
2.4831
2.2983
2.3701
2.3254
2.383
2.5581
2.0711
1.7729
1.5778
1.3597
1.0536
0.84523
0.48815
0.49717
0.68199
0.39789
0.18796
0.31117
0.23858
0.005886
0.14401
-0.043949
-0.14244
-0.43007
-0.69376
-1.105
-1.2463
-1.2361
-1.2074
-1.8529
-2.1107
-2.3273
-2.3917
-2.5298
-2.5067
-2.8398
-2.5683
-2.2873
-2.1519
-1.836
-1.6795
-1.5943
-1.4998
-1.2521
-1.6167
-1.8254
-1.6041
-1.7054
-1.8867
-1.9318
-1.5771
-0.9657
-1.0147
-1.1654
-0.86956
-0.72908
-0.26801
0.186
0.25506
0.51169
0.88682
1.4719
1.8588
1.8302
1.6324
1.6061
1.8906
2.0464
1.7572
1.6716
1.6147
1.7399
1.5202
1.6049
1.5351
1.6614
1.9432
1.8906
1.88
1.4597
1.5535
1.8714
1.6473
1.5504
1.4782
1.4707
1.3499
0.89193
0.50973
0.70828
0.38965
-0.052582
-0.076126
0.012949
0.30921
0.19031
0.079657
0.27782
0.41045
0.6918
1.0748
0.8052
0.43439
0.43007
0.55446
0.42772
0.30136
0.30097
0.32922
0.58938
0.57133
0.6298
0.47677
0.59841
0.73457
0.7746
0.73497
1.1819
1.1792
1.0693
1.3789
1.5535
1.6889
1.9734
1.7485
1.4071
1.2992
1.2035
0.84484
0.86446
0.40731
0.4132
0.66394
0.49482
0.25074
0.43556
0.31196
-0.18129
-0.11026
-0.069062
-0.005101
0.26997
0.059252
0.027076
0.024329
0.11105
0.10987
-0.067493
-0.20679
-0.4442
-0.57722
-0.85582
-0.75929
-0.61136
-0.33707
-0.43556
-0.53916
-0.56702
-0.41124
-0.53877
-0.6659
-0.764
-0.91311
-1.074
-1.1784
-1.2259
-1.2486
-1.1929
-1.7815
-2.3332
-2.4089
-2.2536
-2.3956
-2.5047
-2.0829
-2.1248
-2.2335
-2.219
-2.0785
-1.6473
-1.5041
-1.2416
-1.0838
-0.91822
-0.96216
-0.99199
-1.1336
-0.85347
-0.72633
-0.48461
-0.50463
-0.23269
0.009025
-0.083581
-0.071417
0.049835
0.36729
0.15421
-0.28174
-0.085543
0.11105
-0.072202
-0.10791
-0.16873
-0.053759
-0.57487
-0.9551
-0.78088
-0.64314
-0.73653
-0.72516
-0.56898
-0.26291
-0.50306
-0.74085
-0.29822
0.097315
0.42379
0.72045
1.1333
1.612
1.5468
0.93352
1.2184
1.2847
1.001
0.73653
0.62352
0.41124
0.45832
0.003139
0.22131
0.5576
0.74674
0.87231
1.2349
1.2843
1.3742
1.032
1.0889
1.1042
1.0505
0.96687
1.2894
1.2777
1.3224
1.2298
1.1599
1.0975
0.99905
0.97237
1.061
0.85386
0.6353
0.32138
0.23112
0.20954
0.022367
-0.00981
0.1444
-0.025506
-0.084758
-0.43439
-0.54308
-0.57722
-0.9296
-1.0952
-1.262
-1.3263
-1.8733
-2.3889
-2.3673
-2.2124
-2.5498
-2.4717
-2.3477
-2.2394
-2.5828
-2.6821
-2.5741
-2.4372
-2.2716
-2.2335
-1.6677
-1.4358
-1.3966
-1.1081
-0.88368
-0.28645
-0.16952
0.080834
0.08005
0.34217
0.51483
0.29116
0.41594
0.53916
0.4854
0.43282
0.35081
0.30293
0.24839
0.11968
-0.078872
-0.16755
-0.3457
-0.52699
-0.6353
-0.69416
-0.66551
-0.47088
-0.61136
-0.72829
-0.85582
-0.54387
-0.44851
-0.29626
-0.23662
-0.011772
0.20483
0.31078
0.68905
1.238
1.1674
1.0367
1.0175
1.1313
1.3518
1.4978
1.1415
0.89585
0.56113
0.53209
0.26683
0.1393
-0.1805
-0.15107
0.065138
-0.065138
-0.1754
0.087898
0.25035
0.15971
0.092606
0.20248
0.49874
0.30097
-0.04081
-0.17854
-0.22485
-0.25074
-0.074164
-0.25349
-0.62392
-0.7487
-0.64118
-0.67336
-0.82836
-0.79304
-0.7691
-0.39005
-0.3457
-0.29038
-0.64432
-0.6353
-0.41712
-0.37788
-0.45597
-0.75341
-0.51169
-0.11497
-0.13459
-0.36179
-0.37827
-0.24368
-0.17423
-0.28724
-0.31314
-0.1189
0.034924
0.25074
0.44027
0.5372
0.82443
1.2086
1.5386
1.7132
1.9141
2.2865
2.5271
2.646
2.5165
2.1696
2.1335
1.9455
1.6422
1.3616
1.0983
1.2875
1.0673
0.85661
0.74046
0.76283
1.1898
0.86132
0.49678
0.62078
0.5576
0.49599
0.15892
-0.43203
-0.60704
-0.795
-0.93156
-1.1411
-1.5916
-2.274
-2.5498
-2.4364
-2.4168
-2.883
-3.1263
-3.2714
-3.0592
-3.2502
-3.1886
-3.2981
-3.038
-2.5008
-2.3207
-2.0699
-1.6402
-1.2455
-1.2368
-1.2718
-0.97747
-0.43674
-0.38573
-0.29822
-0.028253
0.26801
0.67218
1.2749
1.2945
1.4582
1.694
2.0789
2.2504
2.54
2.6683
2.9238
3.0925
2.9705
3.0768
3.5602
3.4382
3.2114
3.2612
3.1243
3.1463
3.0721
2.334
1.7077
1.3801
0.90919
0.54897
0.031392
-0.2892
-0.66198
-1.0991
-1.1776
-1.2211
-1.4279
-1.2349
-1.5245
-1.7591
-1.8274
-1.681
-1.5825
-1.5829
-1.3071
-1.2533
-1.2729
-1.2019
-1.1831
-1.227
-1.0732
-0.76871
-1.0622
-1.4958
-1.3051
-0.95981
-0.92685
-0.93195
-0.26605
-0.11811
0.032962
0.40064
0.7126
1.2553
1.3067
1.3907
1.5555
1.5672
1.4499
1.4307
1.3754
1.4201
1.0838
0.86524
0.44616
0.10045
-0.055721
-0.57801
-0.77774
-0.81305
-0.53994
-0.84876
-1.2494
-1.1462
-0.90527
-1.0406
-0.98453
-0.78088
-0.46225
-0.57722
-0.78166
-0.75027
-0.37396
-0.49678
-0.58546
-0.19895
-0.032962
0.003924
-0.04748
0.049835
0.33903
0.3457
0.42183
0.68003
1.1517
0.97472
0.78872
0.8107
0.89193
0.88879
0.86838
0.91429
1.1737
0.92606
0.62862
0.61097
0.81501
0.83503
0.82757
1.0811
1.382
1.2094
0.97943
0.97354
1.1639
0.77067
0.32765
0.47834
0.25938
0.001177
-0.21464
-0.45008
-0.61803
-0.80285
-1.198
-0.93784
-1.1023
-1.4919
-1.6999
-1.8682
-1.7026
-1.7211
-1.8372
-1.6665
-1.683
-1.7768
-1.6061
-1.4782
-1.0273
-1.0709
-1.1364
-1.0045
-0.92803
-0.95589
-0.84405
-0.65609
-0.47559
-0.26879
-0.66473
-1.0308
-0.78558
-0.4544
-0.49992
-0.28449
0.2221
0.30725
0.28841
0.31588
0.43556
0.81305
0.69494
0.78637
0.92763
1.1941
1.2867
1.1172
1.3479
1.5771
1.6928
1.5127
1.3946
1.311
1.4825
1.5213
1.4531
1.3314
1.3028
1.3247
0.95118
0.8829
1.1278
0.92685
0.4905
0.27507
0.16638
0.30215
0.063176
-0.22131
-0.56506
-0.63647
-0.39162
-0.23779
-0.12086
0.054544
0.24486
0.25506
0.279
0.52228
0.88172
0.70357
0.49678
0.40182
0.34374
0.39397
0.58546
0.1805
-0.20287
-0.25545
-0.25624
-0.50894
-0.41516
-0.44655
-0.4646
-0.23583
-0.22602
-0.12164
-0.39358
-0.19698
0.15304
-0.031
-0.279
-0.34884
-0.56231
-0.81462
-0.98335
-1.0897
-0.82522
-0.73497
-0.82522
-0.79696
-0.45204
-0.009025
-0.14048
-0.17423
0.11694
0.3147
0.66159
0.7436
0.72516
0.87741
1.4256
1.3236
1.1639
1.1081
1.0713
1.2474
1.4052
1.4201
1.1556
0.93666
1.0038
1.258
1.1725
0.95981
0.78833
0.70083
0.7075
0.68984
0.42693
0.23269
0.1911
0.45636
0.75812
0.59252
0.27703
0.32373
0.62352
0.93352
0.59566
0.14009
-0.072202
0.24368
0.3461
-0.2221
-0.6404
-0.72241
-0.60116
-0.71809
-0.94804
-0.82953
-0.96491
-0.7436
-0.72005
-0.56427
-0.70436
-0.70671
-0.36572
-0.27272
0.043949
-0.12007
0.23505
0.87701
0.79343
0.72123
0.82757
1.0524
1.072
1.0869
1.1132
1.5292
1.2973
1.0273
0.92489
0.87427
0.88996
0.91115
0.75537
0.48422
0.42222
0.81384
0.63647
0.42772
0.28174
0.28567
0.41516
0.36846
0.2943
0.4026
0.46303
0.36729
0.27272
0.53209
0.84523
0.8052
0.73575
0.66159
0.68238
1.2341
1.2329
1.4315
1.1501
1.2565
1.5963
1.3149
1.0508
1.3157
1.2718
0.93195
0.888
0.81501
0.75341
0.86053
0.41241
0.083581
-0.10791
-0.21033
-0.29822
-0.55368
-0.73575
-0.8468
-0.99787
-1.1627
-1.2078
-1.1694
-0.93784
-1.1674
-1.5798
-1.621
-1.6834
-1.7736
-1.9581
-1.7941
-1.8984
-2.2406
-2.2175
-2.1998
-1.8407
-1.9385
-1.9436
-2.2316
-2.2579
-2.106
-2.3642
-2.2288
-2.0468
-1.8549
-1.8749
-1.8097
-1.6869
-1.497
-1.4841
-1.6987
-1.3408
-1.386
-1.5727
-1.5484
-1.371
-0.93352
-1.1654
-1.1172
-0.94647
-0.86642
-1.0332
-0.91115
-0.80677
-0.46656
-0.46774
-0.21464
-0.26134
-0.14911
-0.031
0.15421
0.24957
0.33629
0.51444
0.35198
-0.15892
-0.010595
0.17736
0.094568
-0.065138
0.003139
0.25035
0.57722
0.34806
-0.10045
0.13185
0.23073
-0.21543
-0.31745
-0.24486
-0.18914
-0.61214
-1.1384
-1.1713
-1.2086
-1.6069
-1.6414
-1.6304
-1.5523
-1.6414
-1.7238
-1.6343
-1.3714
-1.2423
-1.5606
-1.0662
-1.1317
-1.333
-1.26
-1.1215
-0.70946
-0.50659
-0.28292
-0.012557
0.15304
0.23269
0.22995
0.18011
0.39593
0.4026
0.48147
0.22916
0.3461
0.6404
0.28724
0.30725
0.26212
0.20052
-0.11026
-0.36964
-0.4905
-0.39554
-0.37788
-0.49325
-0.27076
-0.3147
-0.61568
-0.56506
-0.48736
-0.085936
-0.097315
-0.003139
-0.15186
-0.11497
0.32648
0.33511
0.45204
0.96413
0.99709
0.69808
0.79343
0.96373
1.57
1.528
1.7501
1.7124
1.9102
2.2532
2.2143
2.0036
2.3799
2.3713
2.106
2.0483
2.0468
2.221
2.3725
1.8749
1.3518
1.1274
0.90841
0.57133
0.17815
-0.11419
-0.28096
-0.52503
-0.85779
-0.89781
-0.69023
-0.98846
-1.3028
-1.2631
-1.3059
-1.0975
-0.82443
-0.99003
-1.1917
-0.97001
-0.71338
-0.89075
-0.87152
-0.80089
-0.83346
-0.44459
-0.35394
-0.14911
-0.28057
0.010595
0.4646
0.34963
0.2633
0.41398
0.56545
0.61411
0.54583
0.34884
0.72594
0.90527
0.49678
0.35355
0.53327
0.99238
0.70475
0.42379
0.41437
0.42497
0.52935
0.42968
0.28763
0.38377
0.53798
0.72908
0.86367
0.888
0.86524
0.85582
0.9912
1.2624
0.98532
0.76793
0.84131
0.90919
0.92685
0.70436
0.23662
0.040025
0.1601
0.032962
-0.26801
-0.59174
-0.78362
-0.54701
-0.38965
-0.66198
-1.0261
-1.0457
-0.81109
-0.36572
-0.41594
-0.66394
-0.5937
-0.28724
0.12164
0.019228
-0.28567
-0.16363
0.33943
0.67414
0.50502
0.41045
0.45832
0.82718
0.89585
0.73261
0.83307
0.84091
0.94608
0.95981
0.99199
1.0642
0.97629
1.2106
1.1132
1.2808
0.99591
1.0367
1.3008
1.2243
1.2561
0.97276
1.0359
1.1764
1.2894
1.2572
1.043
1.1132
0.96962
0.91037
0.67611
0.2994
0.47677
0.38887
-0.055721
-0.27507
-0.23505
-0.042772
-0.40064
-0.5576
-0.6353
-0.64314
-0.54858
-0.23309
-0.37435
-0.61685
-0.65021
-0.48618
-0.68042
-0.60155
-0.92567
-1.0261
-0.74478
-0.79422
-0.83699
-0.67846
-0.49128
-0.47049
-0.35591
-0.1444
0.051797
0.1189
0.32648
0.31745
0.38102
0.81305
0.92096
1.2824
1.1074
1.3938
1.9012
1.9024
1.7485
2.0087
2.106
2.0554
2.0114
1.8859
1.9239
2.1354
1.8537
1.5857
1.53
1.4071
1.3671
0.95628
0.888
0.82718
0.70161
0.51247
0.46382
0.65413
0.87898
0.46225
0.19502
0.21543
0.30921
0.006671
-0.34688
-0.036886
-0.32334
-0.78284
-0.91625
-0.88408
-0.78833
-1.1121
-1.1909
-1.2047
-1.2486
-1.5378
-1.7501
-1.8207
-1.758
-1.6673
-1.8898
-2.1888
-2.1751
-2.0542
-2.1268
-2.0923
-2.0075
-2.0016
-1.9416
-1.8557
-1.7913
-1.7591
-1.6434
-1.7485
-1.2435
-1.1921
-1.2482
-1.1784
-1.2467
-1.185
-1.2
-1.468
-1.0634
-1.1384
-1.3314
-1.2671
-1.2777
-1.2474
-1.2992
-1.5837
-1.3381
-1.5068
-1.7085
-1.6434
-1.765
-1.7262
-1.6132
-1.4299
-1.5476
-1.0654
-1.0595
-1.1391
-1.1454
-1.0548
-0.85661
-0.92606
-0.99434
-0.85269
-0.81109
-0.87427
-0.87544
-0.98061
-0.59959
-0.68317
-0.72045
-0.58782
-0.5007
-0.4905
-0.55839
-0.61136
-0.52896
-0.13459
-0.41594
-0.66747
-0.4646
-0.31196
-0.46853
-0.50384
-0.16834
-0.37435
-0.47441
-0.37788
-0.5215
-0.52307
-0.30725
-0.31784
-0.36258
-0.29155
-0.2994
-0.27782
-0.33315
-0.39986
-0.31274
-0.08986
-0.43086
-0.65884
-0.48147
-0.26212
-0.32726
-0.59252
-0.2221
-0.21935
-0.52621
-0.53131
-0.59959
-0.24643
-0.10713
-0.2272
-0.40653
-0.26095
-0.21464
-0.072202
-0.10516
0.16638
0.19973
0.22053
0.22328
0.27076
0.43086
0.83542
0.70161
0.65688
0.61018
0.81188
0.9033
0.96609
0.91508
1.1509
1.331
1.2423
1.2074
1.5865
1.4629
1.3236
1.2639
1.1862
1.227
1.4844
1.3
0.98649
0.94215
1.1697
1.041
1.0234
0.88957
0.76871
0.91586
0.84091
0.82639
0.66669
0.78951
0.80481
0.68199
0.42105
0.71221
0.78872
0.58742
0.4336
0.6353
0.89389
0.72241
0.47677
0.47245
0.55721
0.65178
0.65884
0.60508
0.4544
0.44734
0.62588
0.79932
0.56898
0.23897
0.16952
0.51287
0.87819
0.59645
0.38494
0.3253
0.57487
0.88368
0.53209
0.31549
0.40535
0.62784
0.84209
0.72045
0.47677
0.46107
0.60037
0.76047
0.52739
0.29234
0.23897
0.41398
0.51561
0.18011
-0.10713
-0.35081
-0.14715
0.2425
-0.082012
-0.45911
-0.44341
-0.12007
0.41437
0.17933
-0.23858
-0.23505
0.092606
0.48147
0.29822
-0.045911
0.02119
0.27507
0.45911
0.279
-0.10359
-0.20876
0.040025
0.32451
0.016481
-0.21739
-0.2429
-0.007063
0.39005
0.22916
-0.1083
-0.10045
0.19777
0.68905
0.38965
0.16481
0.22877
0.63137
0.81776
0.5886
0.59919
0.51875
0.56506
0.51875
0.31196
0.34492
0.155
0.23897
0.22995
0.32059
0.2064
0.17619
0.36336
0.37906
0.43831
0.19855
0.36768
0.70632
0.51875
0.43439
0.43674
0.47166
0.45832
0.40653
0.52542
0.96609
0.81109
0.74242
0.73457
0.71652
0.95706
1.2423
0.98022
0.95
1.0642
1.105
0.97825
0.96884
0.76126
0.7848
0.94058
0.98139
1.0587
0.90174
0.91037
0.87309
0.83346
1.0489
1.2843
1.1697
1.26
1.2231
1.1325
1.114
1.4931
1.4456
1.3954
1.0964
1.0418
1.1976
0.88408
0.46578
0.47559
0.24447
-0.095746
-0.16167
-0.35355
-0.44537
-0.48854
-0.77264
-1.1599
-1.0038
-0.78872
-0.90958
-1.0163
-0.68121
-0.75145
-1.0634
-1.1713
-1.0869
-0.83699
-0.94451
-0.87348
-0.7848
-0.78755
-0.81776
-0.88604
-0.86367
-0.7797
-0.60508
-0.88368
-1.1627
-1.1109
-1.0246
-1.2184
-1.2804
-1.3593
-1.654
-1.7481
-1.8753
-2.0464
-2.0742
-2.1127
-2.3548
-2.148
-2.2434
-2.3878
-2.1751
-2.1343
-1.8643
-1.7748
-1.7317
-1.5547
-1.2867
-1.227
-1.1297
-1.0866
-0.81188
-0.83228
-0.80285
-0.66669
-0.59449
-0.73575
-0.86956
-0.79422
-0.43164
-0.49403
-0.51679
-0.41437
-0.27272
-0.61097
-1.061
-0.82561
-0.61881
-0.82443
-0.89467
-0.78245
-0.78166
-1.1489
-1.6716
-1.4056
-1.187
-1.4801
-1.3569
-1.1666
-0.79932
-1.1489
-1.4491
-1.2404
-1.072
-1.0614
-0.84523
-0.55917
-0.24172
-0.27782
-0.3614
-0.23662
0.10595
-0.19581
-0.28371
0.12007
-0.022367
0.076126
0.23976
0.21268
0.6247
0.78048
0.84994
1.2368
1.4378
1.4052
1.6128
1.7846
2.3273
2.427
2.6432
2.4835
2.6393
3.0085
2.8614
3.0195
3.1043
2.8877
2.8783
2.8339
2.6946
2.8304
2.6526
2.4396
2.1919
2.0448
1.8768
1.3887
1.2835
1.1132
0.76008
0.42222
0.11968
-0.087898
-0.06043
-0.33511
-0.27076
-0.68042
-0.62392
-0.41594
-0.73183
-0.87898
-0.55171
-0.78245
-1.0312
-0.98649
-1.0497
-0.94333
-0.58193
-0.80128
-0.91037
-0.87231
-0.73379
-0.76008
-0.70828
-0.88408
-0.85975
-0.69573
-0.85739
-0.91037
-0.84523
-0.70867
-0.4183
-0.97551
-1.1015
-0.56545
-0.91704
-1.1529
-1.2039
-1.0167
-0.84091
-0.6404
-0.77185
-0.92999
-1.1395
-0.79893
-0.70946
-1.1313
-1.2361
-1.2427
-1.1372
-1.1081
-0.95903
-1.0964
-1.001
-0.72202
-0.7024
-0.52621
-0.51561
-0.3355
-0.27193
-0.35591
-0.19385
0.29901
0.11615
-0.16638
-0.23112
-0.083581
0.12871
0.4493
0.2739
0.1032
0.11576
0.40456
0.2476
0.279
0.25271
0.28841
0.41398
0.54897
0.5835
0.53327
0.72319
0.79343
0.66747
0.84327
1.2533
0.9861
0.72005
0.73026
0.71848
0.87741
1.1093
0.89389
0.80285
0.78441
0.81384
0.87034
0.77303
0.74831
0.72123
0.73771
0.51287
0.58664
0.66669
0.50855
0.37043
0.2739
0.2476
0.43949
0.40339
0.45126
0.124
-0.018443
0.31667
0.29352
0.034139
0.010595
0.24486
-0.036101
-0.17815
-0.27076
-0.41006
-0.12164
-0.2476
-0.26016
-0.63059
-0.57133
-0.41124
-0.56623
-0.68788
-0.32648
-0.53523
-0.83307
-0.88761
-0.96373
-0.74085
-0.8052
-0.69102
-0.81109
-0.53131
-0.36375
-0.57487
-0.3461
-0.23387
-0.002747
-0.16481
-0.26722
-0.14715
0.009025
0.16873
0.19659
0.52307
0.38965
0.4026
0.50384
0.35591
0.58585
0.67257
0.51365
0.69494
0.6608
0.57487
0.58938
0.50659
0.72045
0.64157
0.60547
0.68788
0.67257
0.39868
0.20679
0.11301
0.39005
0.24643
0.15618
0.18011
0.12086
0.042772
0.023544
-0.032177
0.11497
-0.07691
-0.14323
-0.25035
-0.26212
-0.31941
-0.36846
-0.36454
-0.31392
-0.16206
-0.19031
-0.55368
-0.39358
-0.15892
-0.3771
-0.23191
-0.14126
0.16559
-0.049835
-0.22995
-0.045911
0.20091
0.19659
0.14637
0.36846
0.14597
0.038063
-0.012557
-0.061607
0.17266
0.19502
0.14519
0.14597
0.10438
0.061607
0.028253
0.063569
0.15186
0.52542
0.33707
0.21425
0.2582
0.21072
0.24486
0.11301
0.16442
0.008633
-0.14715
-0.23858
-0.28253
-0.17933
-0.03924
-0.22995
-0.47873
-0.51287
-0.34688
-0.2064
-0.42889
-0.61097
-0.32648
-0.5109
-0.77067
-0.78558
-0.79696
-0.56152
-0.33119
-0.53994
-0.56152
-0.52071
-0.47637
-0.2943
-0.31941
-0.20287
-0.17423
-0.16677
-0.16755
-0.10634
-0.00981
0.22014
0.074164
0.023152
0.018443
0.14009
0.072202
0.1189
-0.063569
-0.005101
0.14597
-0.001962
0.00981
0.13852
0.089467
0.056506
0.14793
0.12282
0.20758
0.053759
-0.041987
-0.23112
-0.29901
-0.17266
0.026291
-0.27076
-0.3304
-0.39005
-0.38298
-0.42497
-0.39868
-0.54701
-0.52621
-0.31588
-0.18835
-0.13812
-0.14401
0.034924
0.23662
0.28371
0.21425
0.31196
0.3304
0.3304
0.23779
0.20248
0.30489
0.35473
0.3771
0.37984
0.37435
0.52071
0.53798
0.45832
0.39554
0.36375
0.4336
0.39868
0.34374
0.39005
0.47677
0.59566
0.62392
0.55917
0.4646
0.34139
0.37631
0.41241
0.341
0.30215
0.29352
0.39593
0.49011
0.49521
0.46656
0.44223
0.43164
0.46185
0.46696
0.4544
0.41791
0.43282
0.44655
0.43086
0.39397
0.4081
0.45048
0.45204
0.4493
0.40613
0.29744
0.29744
0.29155
0.21935
0.1444
0.10163
0.17854
0.24957
0.24682
0.186
0.18207
0.28449
0.18521
0.069455
-0.031392
-0.066316
0.041202
-0.16206
-0.29234
-0.35944
-0.43556
-0.38102
-0.48265
-0.57094
-0.45518
-0.2994
-0.18914
-0.10045
-0.02119
-0.082796
-0.072202
0.16952
0.35159
0.2943
0.27978
0.27076
0.25231
0.35473
0.341
0.40143
0.34806
0.39868
0.53994
0.54112
0.59135
0.58585
0.64785
0.57487
0.46029
0.37043
0.42379
0.24447
0.11811
0.071417
0.09653
0.10359
0.15892
0.049835
-0.057683
-0.1499
-0.1393
-0.14637
-0.10791
-0.19228
-0.18521
-0.089467
-0.20679
-0.29901
-0.23779
-0.23976
-0.23269
-0.20836
-0.18247
-0.10634
0.040025
-0.04081
-0.12871
-0.15107
-0.20091
-0.20444
-0.28371
-0.33432
-0.38024
-0.40339
-0.44812
-0.42811
-0.42026
-0.39475
-0.46774
-0.4646
-0.49403
-0.50306
-0.49521
-0.49678
-0.52699
-0.55956
-0.56741
-0.58193
-0.57094
-0.52739
-0.41908
-0.44067
-0.43164
-0.39005
-0.37239
-0.30607
-0.30019
-0.26016
-0.27664
-0.31667
-0.30803
-0.2943
-0.23073
-0.22328
-0.21857
-0.26134
-0.22681
-0.15382
-0.18207
-0.15304
-0.13459
-0.074164
-0.12282
-0.16755
-0.13812
-0.10791
-0.11772
-0.1083
-0.041202
-0.073379
-0.11968
-0.091429
-0.11615
-0.10909
-0.10909
-0.12949
-0.11576
-0.12792
-0.16834
-0.17423
-0.16873
-0.11811
-0.13381
-0.13263
-0.124
-0.12361
-0.12164
-0.12086
-0.1138
-0.10124
-0.099277
-0.093784
-0.14205
-0.10909
-0.077695
-0.1032
-0.07691
-0.055721
-0.034139
-0.027468
-0.01962
-0.003139
0.00981
0.041202
0.049835
0.091822
0.085936
0.068278
0.073379
0.083581
0.11968
0.12675
0.13342
0.14048
0.14048
0.1393
0.14911
0.15774
0.16363
0.18404
0.16677
0.15618
0.15578
0.14244
0.14244
0.12675
0.11301
0.095746
0.087505
0.07691
0.072202
0.076126
0.07691
0.059645
0.049835
0.04748
0.043164
0.049442
0.04081
0.032962
0.023152
0.02119
0.012949
0.009025
0.012557
0.017658
0.006671
0.005101
0.004709
0.004709
0.003139
0.002747
-0.004709
0.001962
0.007848
0.005886
0.006671
0.016481
0.012949
0.008633
0.010987
0.012557
0.020405
0.029038
0.024329
0.021582
0.022367
0.025114
0.023544
0.027076
0.025506
0.027076
0.036886
0.036101
0.035316
0.035316
0.035316
0.034139
0.031
0.031392
0.034924
0.031
0.027076
0.026291
0.026291
0.025506
0.025114
0.023544
0.021582
0.021582
0.024329
0.025506
0.023544
0.023152
0.022367
0.023152
0.022367
0.021582
0.020405
0.01962
0.020405
0.01962
0.01962
0.018443
0.018443
0.01962
0.019228
0.017658
0.017658
0.017266
0.016481
0.015696
0.015304
0.014519
0.014519
0.014519
0.013734
0.012949
0.012557
0.012557
0.011772
0.011772
0.010987
0.010595
0.010595
0.00981
0.00981
0.009025
0.009025
0.008633
0.008633
0.008633
0.007848
0.007848
0.007063
0.007063
0.007063
0.006671
0.006671
0.006671
0.005886
0.005886
0.005886
0.005101
0.005101
0.005101
0.004709
0.004709
0.004709
0.003924
0.003924
0.003924
0.003924
0.003139
0.003139
0.003139
0.002747
0.002747
0.002747
0.002747
0.001962
0.001962
0.001962
0.001962
0.001177
0.001177
0.001177
7.85E-04
7.85E-04
7.85E-04
7.85E-04
0
0
0
0
-7.85E-04
-7.85E-04
-7.85E-04
-7.85E-04